0.8679020535151774
0.15629540541403464
-0.36225452772516165
-0.8404585942487262
-0.7360171046878423
0.5442483108151817
0.3822129504573979
-0.11310910466759205
-0.5343929815477533
-0.3068619316252683
0.6750822960616918
-0.6536153276386185
-0.8767404058580266
-0.08512454412842585
-0.4431255386952202
-0.44840197788335656
0.660275608881352
-0.750114242091924
0.993646700646333
0.21532607114265545
0.7254143625353411
-0.3292661115998041
-0.9388481581797037
-0.6476479684147576
0.21931162060074794
-0.904468363255849
0.6399359635570385
-0.3666792716328906
-0.4065170790823778
-0.9365328831523083
-0.787362604693898
0.16813002557638246
-0.08820074250990073
-0.8787958071866757
0.08523098627318038
-0.5550628709806364
-0.5019321304675228
0.02199071508055228
0.13998593389016767
0.8202420222926576
-0.8036106255123594
-0.4047844406765606
0.17670779093868094
-0.493774959200751
-0.4781530565707064
0.22233856302806143
-0.6598306717938649
-0.36970493200708043
-0.242980523299533
0.9274309173282287
0.2948933875421187
0.7666332423421114
0.8841169223942178
-0.522747293548611
-0.8595973402388535
0.8459846977567309
0.4267631739679716
0.039945368311345986
0.29709773592473443
0.72713467510873
0.8769550615552941
-0.35465076574017407
0.8112505604002538
0.5987309147214912
-0.929246693391286
-0.4920278406891505
-0.4817559073884228
0.5088259260860779
-0.4561516942746784
-0.5916955057730855
0.6403058235372157
0.7250096460161595
-0.6607364095750461
-0.08149826096959933
0.8903782353373773
0.5216934600101821
-0.7884446236314346
-0.5072617577330101
0.6927051146874486
-0.8160331538008747
0.008592653860062471
-0.9350651654282973
-0.4956946231950512
0.43361153687234344
0.19776781281515765
0.27197530988481633
-0.9030691843807346
0.32403401459034664
-0.5571793556035918
-0.0581405533288184
-0.09873228463226358
-0.15195418916776582
-0.6230587428212904
0.03240688873888642
0.47126634784556143
0.2247252394352779
-0.1804979126248567
-0.5498752072074999
-0.21257653362379592
0.34042724859008167
-0.6638745959012877
-0.2671915976297454
0.9574277163513671
0.8132564698774991
-0.5789981958030894
-0.12520047270354717
-0.8437660932460815
0.2624655080635441
-0.6987872777542368
-0.23945921680137539
0.7588001409789724
-0.051683262235385996
-0.42927291518178845
-0.2887946537638322
0.6981437196096221
0.8802365103383618
-0.5863055307277139
0.6279945003830887
0.09801026810358415
0.9196917599841021
-0.518851424836352
0.8390227126901164
0.9893028015200771
-0.38255532413896254
0.534924224114824
0.08850927155543875
-0.9605452686139049
0.08452255653519414
0.722526004478856
-0.5993835901369886
-0.3056872984263397
0.577134540849306
0.5886989029494476
0.6096332203125876
-0.7672119119534972
0.3388591315696201
-0.6066046425749241
0.38959863640724346
-0.2103038927307741
-0.5180743776718539
-0.06979491137688054
-0.46649165222774935
-0.9317829059066309
0.325962490538394
-0.6263804669326083
0.19745075027958725
0.4708922873091923
-0.954165274529565
0.12168908068567608
-0.4151821987280788
0.9785469159733688
-0.5121697264343139
-0.49409294417505656
-0.5219969776967777
-0.2578467467056469
0.17234557026265995
0.2934969406984209
0.26076029021428604
0.469514538814809
0.03305928079657128
0.38607966766850055
0.8554646032149462
-0.09515265777219062
0.6868212947263779
0.251119702528636
-0.07717021591868822
-0.28299307091171677
0.7801835633196303
-0.6875726458181846
-0.12080582262017892
-0.11645002254766879
0.7725793050360454
0.42905646382607565
0.19172982188471743
-0.4653683174493344
-0.43234596252904245
-0.10879625076264787
0.03695700012607439
-0.006474451042102425
-0.5629578903259485
0.12634932272287092
0.486510061392722
0.4983747825744469
-0.4476311396063468
0.3852140171629268
-0.2192110663713236
0.014504292958338993
-0.9554217905672122
0.6573886772680064
-0.2819832633966586
0.9232510272899557
-0.8614521159169897
0.8441733517635428
-0.9050460619281051
-0.321925868254777
-0.6220775039699049
-0.8544595724553383
-0.4711455350017917
-0.4543199367578956
-0.32450802823005276
-0.11355948374912428
-0.8838983258911828
-0.7895426337579459
0.3423831747907371
-0.12330820608632864
-0.9108363377569664
0.18570672690484513
0.00698009988412629
-0.4900643545834267
0.21361200495538357
-0.6761312142164977
0.6291865347149552
-0.0905835045253065
-0.3546015430682632
-0.08050269760665762
0.24599660235818877
0.8176687898109729
0.18617017727063212
-0.5452197594936061
0.10016924157140994
0.3821369991045591
0.6979633425144187
0.31199991406922467
0.4342162904308755
0.5434516889060561
-0.7614836523243542
0.9113004684868624
0.13066942488744537
0.7864592643990052
0.5745702441967666
-0.49670923607182904
0.03642502283378857
0.6001857154984682
0.17066029676086547
0.8646513697353833
-0.43287809679829103
-0.767964968779896
0.0482317638307197
0.4475632919786108
0.4071237288887133
0.8297394671903988
-0.48782494707054935
0.753810795469537
-0.39474847119193446
0.3873524059234821
-0.7842471922507224
0.6272851474047936
0.8014277030918779
0.5723720579569254
0.8721136595142394
-0.3277721037850505
0.7779178329503189
0.31482371285404165
-0.24086355922464553
-0.11007770438930331
0.021808346879139462
0.8244084807088983
-0.32452329981964945
0.5206810891380147
-0.39442329647626573
-0.2499822325750578
0.4635537789963873
-0.24593098028664606
-0.4273197973250451
0.42019096544602896
-0.9502231331605842
0.6074268459861338
-0.2212522718672314
-0.509382395220831
-0.6651585669655131
0.3337992701985544
-0.1296487667862023
0.7688143442452378
-0.010024351690150368
0.8348217556545001
0.6696570065418017
-0.5240305347051855
0.1450701656876232
0.5825810705155474
0.47583463101134305
0.5347035437306549
-0.1388659494310287
-0.8976571333229217
0.7233688141659353
-0.3435244489543965
0.41294775685836815
0.9555061911788496
0.48741043724413236
-0.4272098446143784
0.9554172907001461
-0.8564435835727977
0.4556517423917721
-0.6724081077909987
-0.2606940113245866
-0.25683582179791764
0.7801395129432365
0.628256255955661
-0.8734994102717999
-0.8455839512216514
-0.7011134595773811
0.7210047503621804
0.4279084562290514
0.6289589054136309
-0.053222484359239264
0.3965090547133525
-0.7863320000092378
-0.8080165567566924
-0.04542280785821862
-0.449543332994772
-0.9977592269500346
0.31164817424802815
0.377819692857398
-0.9428286782721562
-0.19587334663519562
-0.17928027241941558
-0.185180306692192
0.5734076124379404
0.8583999567448131
-0.49826973748885783
-0.2922044624828328
-0.7578869546184033
-0.7540083354839149
-0.9341176291992175
-0.5091868141294797
0.7483307647836752
0.8047843163887871
-0.2067056430423868
-0.1905776521266942
0.7063933034681007
-0.6707839198732242
0.5461669841819714
-0.2780977538936149
-0.8567237755221353
-0.14671791068879636
0.949683656095204
-0.0055656617065864555
0.7277449610325455
0.809826011115282
-0.49729899853233817
-0.3587877512865434
0.14619746060430794
0.5232448204978923
0.43022219945341433
0.05462920141703065
0.5492633909448337
0.4699843637058283
-0.3268672892724289
0.12053071607288479
-0.028926593313541638
-0.7634114680089867
-0.7142967726769089
-0.5497316610078593
-0.7705067465542281
-0.971790906094971
0.62655529732518
-0.7524534618948284
-0.027470087460223835
0.5532625863623273
0.17192495926592022
0.18232314672048866
-0.8788944417958042
-0.9202473699242479
-0.835189952675258
0.9157211808041641
0.6745986839140128
-0.5399280948540182
0.8116554077768137
-0.7750940994311901
0.7983884664673386
-0.6306972114696794
-0.10870496831773746
0.0057981036114915785
-0.8748654509030358
-0.47858413039663206
0.7739248923698214
-0.036650377692688973
0.9644295121613005
-0.8512625159039287
-0.2895226695955171
-0.8780547989452137
0.9151312475949116
0.6333691080329427
0.7607452019493837
-0.49245804540740723
0.7406389376935494
0.5054361681451995
-0.14458006648612653
0.44667484350229913
0.025187206160661058
0.8902708711487777
0.5278505187460256
-0.32600720990807686
-0.9305094759986228
-0.32507027541637323
0.9502427784561411
0.004994618131488604
0.8273931360669202
-0.45279505870255665
-0.2605328835723617
0.9406267767563086
0.37826419090503105
-0.10981828356901513
-0.7428516781621333
0.6393724497529396
0.3308830876352613
0.4375450426136567
0.07691444071536657
-0.0563877910085262
0.3352972112712449
0.44283655857207727
0.9836529121522526
-0.9320593603110765
0.31778550058101107
-0.00037216590226352153
0.5247278684748014
-0.46604819136355147
-0.44395587150050697
-0.10286921687409945
-0.5863791833245069
-0.5130108163184539
0.677001613678559
0.5982997004094786
0.581616041274897
0.3912048234297689
0.9495311087748985
0.7037198852475404
0.5497993185422483
-0.6765458240463578
-0.3861528735677382
-0.6474909868438101
0.48459895162383604
-0.699647888885504
0.9840765255620689
0.43202906374428607
0.4345255600418545
0.8581536524398152
-0.7758014001618312
-0.4478032377591248
-0.3838628411985543
0.941259929288276
-0.5708996852736823
-0.9332917549291289
-0.886130475429284
-0.20099065540403882
-0.688624890123503
-0.5553327707233886
-0.9415942096960257
0.9749546707025338
-0.7474796231757306
0.928045858585665
-0.49321010334155346
0.3938321079170095
0.9941468618859497
-0.4089031411017796
0.33940178018096145
-0.9905776957012218
0.28927819447836134
0.0203996406496616
0.643305284341853
-0.4456014763122671
-0.9802517828528117
-0.2863902416477484
0.5389179169070248
-0.9364259364696321
-0.7505246962655661
-0.1304639892482875
0.6150623223336671
0.18471499999622787
0.8294770029807803
0.01782196938932845
-0.27315440673306024
-0.6128334850909727
-0.9136980235481595
-0.8005337857348163
-0.34049056886986784
0.22703761884616913
0.015289232399901431
-0.1567291367411141
-0.8250977611641785
0.9952296285871218
0.2972574953947469
-0.9453043277918964
0.6449895101574616
-0.3481587521753564
-0.909996911007573
0.06067438619471921
0.23933715172960968
0.016024370365267604
-0.32900586830631817
-0.24753610560038064
0.05057613319310028
-0.18642166722447784
0.22380162927872727
0.19089424729350024
0.25643343095932436
-0.9421354685946619
0.6548756946614223
-0.821272380925846
0.7894885059839181
-0.5175550021364983
0.9881044752210733
0.21103929180921477
0.13204173126335306
0.2626357173374749
0.3849392012659756
-0.5520711062738164
0.4412713646941795
-0.5520016537801784
-0.09724375411604891
0.2274617905900207
-0.8808093503813936
0.3008013083684393
-0.8989333149396648
0.5182900414356442
-0.7937192384724345
0.1637665070013159
0.6342305550182594
0.7098634305403773
-0.4415262457435494
0.02739179048665208
-0.5927379069498544
-0.7123795646399707
0.35412396550052927
-0.6873390364530263
-0.6290482360231522
-0.3695883238173341
0.21727371419583252
-0.23491583815396466
0.9627003612363847
-0.614195579322049
0.18658139095662807
-0.6862712606132242
-0.25258601167888006
-0.06275888147144637
0.5180721093903138
0.043010410082948036
-0.8795710545747248
0.402513913811652
0.804656656681864
0.7307234537581981
-0.9091892219781226
-0.1858325012493669
0.40861858984344823
-0.7541244202626087
-0.6245739813304514
-0.5554111115994489
-0.7853527050120954
-0.7466915756987358
0.8725824671123599
-0.3548295181426828
-0.15159000342214313
-0.8823385744152228
-0.24580971140403673
0.8634969424863255
-0.33037328650259545
-0.5320631501685318
0.675904576719726
-0.39782538877060514
-0.29873638409909065
0.9132877169282603
0.33878697188695606
0.7255467914263147
0.46076971292177804
0.502560100056493
-0.45415856198916926
0.6331784922565382
-0.4969254663339773
0.5223856807892866
0.9108387515704564
0.09059760167442388
0.05770156861730302
-0.45545992219246
-0.13353505796755227
0.01089231590163453
-0.8723651120717071
0.3425852891014409
-0.15981353821805322
0.8407734154405018
0.4647614855738096
-0.25807507086566406
-0.9696245237853498
0.38887348201500616
-0.9936378564959383
-0.9693432099309374
0.1320111943167317
-0.6623598426339514
0.9997520072650101
-0.5771066757018439
0.5597592421958082
0.16527889279335128
0.3422227611321851
0.17617688244059915
-0.044286310146743224
0.7674317650605624
-0.37305813307333513
0.251462050093761
-0.64863508260752
0.6189817953088104
-0.14710048635508954
-0.5958340603479169
0.708782071893912
-0.524784029222247
0.6102837562124253
0.12996614047815225
-0.8322188152542587
-0.9285156378634909
0.7730932500538057
-0.5124505019002992
-0.5003129394001997
0.33863405901154264
-0.5834417084833585
0.34121510289251966
0.9988939398264103
0.31458294964265954
-0.7451572907141755
0.32168782786258454
-0.00254461023682806
-0.08175841490349467
-0.364473489246834
0.3533805006140591
-0.6014356996584591
-0.5395366819086123
-0.3016665551039792
0.1544877177463626
0.7579770408996243
-0.19632338953861916
-0.08314608376128696
-0.33205377650038814
-0.4292189326683893
-0.1887924304394184
0.40080536064712935
0.06962282600600056
0.12036346791296415
-0.7391529399205923
-0.05571396138720197
-0.9806816110341279
-0.4959868804361034
-0.340246790097378
-0.29324382485726663
0.9797919641826482
0.268804682118192
-0.19375445457468032
-0.8333223706492674
-0.815323956630778
0.9639047089155688
-0.9068483086715771
-0.3076149652096085
-0.35141508796543897
-0.09656721732678064
-0.5078479343605813
-0.9896578568755272
-0.7909696933363468
-0.5610048741616309
0.0543353886757163
-0.4668298084072564
-0.84900236158854
-0.3930612899408823
0.8931634637683985
-0.9239623324278456
-0.771022764872614
-0.782587886219128
0.25450230309950816
-0.4087605357254134
0.3716867867806022
0.3077935966068768
-0.5431716663870219
0.1398638338829492
0.09850382120292034
-0.3724053429405956
-0.3074755922694019
0.8228798118388505
0.20394242397579565
0.6672125978174392
0.7758693553010152
0.6357818161536752
-0.8936845540981706
0.9720569097589384
0.9504672750840466
0.08891455544450477
0.14189809635279294
0.819673200635342
0.9564066443818602
0.5648738949927852
0.37145394440631496
-0.453165770086555
-0.4928445215564954
0.2810118715559604
0.9743346358305116
-0.2353257704810714
0.4185629580488621
-0.5942181234852777
-0.48345498302869583
-0.2639399786775758
-0.47148821414111364
0.6264543324532796
-0.28463617546704234
0.18330955302323626
0.18588564996227253
-0.22237877555869212
0.8469259223336756
-0.5836081700544775
-0.515040973697924
-0.4237079200141354
-0.3913290598428496
0.8058263663528018
-0.43097204387962584
0.709725437552502
-0.5471967144307435
-0.7672857666153237
-0.757989982418223
0.8036213949872653
0.7669601469328211
-0.4581854545814905
0.3472257385347899
0.34097279976307404
-0.3389872662873934
0.3921725577869557
-0.28831018956641685
-0.628443768893552
0.8096265740610202
0.36706713280012804
0.7707677440600884
-0.24648746728325577
-0.11391275194362094
0.056009962026434934
-0.41764298728121396
-0.17811857463658853
-0.13567237366879548
-0.2027379261436204
0.6032783916951305
0.5334949479873088
-0.04086234769423336
0.08819785205354469
-0.85572203069998
-0.7402406796603584
-0.35235186121163986
0.2560304394214159
-0.04563140266604915
0.6638119671298326
-0.14358668776270433
0.5223696070316208
0.07819906153931533
0.17882590087310857
-0.8340197922407762
-0.07250298497989127
-0.9910942977419535
0.2000437690037553
0.058907880140095514
-0.9708184665152322
-0.31315037772668375
0.04680141913710978
-0.7206578444238416
0.05682150588077173
0.8081957011870731
0.3169051472374831
0.610996031564143
-0.2836119854051291
0.019842029861645294
-0.861048377573131
-0.37365244595858194
0.2871225130011883
-0.6060129531281715
0.13081279310671334
0.2098815421669744
0.7182940333310115
0.5664270279672143
-0.8087720146663557
-0.13766915564193605
-0.16446878014408606
0.11426065092116877
-0.45281314425744834
0.9192263612808429
0.9001202369613568
0.5564040085377073
-0.12977189700892588
-0.3611502261230135
0.8650746640058316
-0.7540323177846431
-0.6965551935245127
0.30563333662673897
0.4468226680199683
0.2705360484192634
-0.2692685796191998
-0.544765252646481
-0.6871957797189368
-0.6671644207160565
-0.9462333540544619
-0.7171300121620978
0.6581944107391942
0.3249810399227917
0.8887009778118562
0.3920051837222738
0.6794724898049607
0.9532019887588983
-0.6093060307338118
0.47535827439250644
-0.1428254290122224
0.7282395959684411
0.5174679741210637
0.7458365196505679
-0.7954095002763217
-0.5480278735209412
0.025243388672965272
-0.46884374824849506
-0.4848117161509713
0.6502958245884629
-0.22630366260364787
0.5581237407608151
-0.08622715188392127
-0.8227390785358109
0.2522364988677912
0.6534421277360205
-0.12913641502584783
0.6747902612032206
0.9007191221969197
0.9243870870000546
-0.5682929452992229
-0.00967920512780407
0.6985793390240023
0.5092066906380026
-0.4186802589520553
-0.9993657725225584
-0.5560029638758999
0.8613912409012818
-0.7144089806533802
0.7328323293228516
-0.11316124455495191
-0.7016019438577943
-0.5043613743538276
0.3067250225398088
-0.353488883880277
-0.23345355515835475
0.6472165983270124
-0.6504135994653175
0.6381976741615898
0.9168840883803286
-0.8523869517566343
-0.1572534557866545
0.464098474775968
0.26637561505978224
-0.9514424791401395
0.6357838187796214
-0.4373647775267966
0.6177309849043806
0.8376962074815648
-0.2531338286122511
-0.12338608417754404
-0.3051517849705694
-0.4949761807808284
0.014785968318349108
-0.4754332459527466
0.1814828734768148
-0.19934831083170068
-0.8633022118722617
-0.8369704300839957
-0.4362345543682635
0.43134606572212086
0.5045592292049077
-0.20247457877134156
-0.47003310545573074
-0.3475902612069326
-0.01266482426351212
-0.2677321825457555
0.65989139254366
0.9492953346475586
0.5998728064750054
0.3014588806572076
-0.7781785143442383
-0.17346456437104663
0.094039170486375
-0.3963423250024698
-0.0716136144313202
-0.7114873119509226
-0.7153035698725172
0.27597046055696306
0.0302006562497521
0.0240674106283425
0.013172831498219573
0.7722722371289763
0.8398765694964831
0.8665465406979895
0.7091292313789219
-0.9333645434541249
0.9146774658953694
0.5258137671874117
0.09086278266120962
-0.38434335534808817
0.2925471128348387
-0.5016122835918917
-0.32236667949468867
0.5445707719435604
-0.6608557740009124
0.7452435909821795
-0.263256784273332
0.27306762437951626
0.6929570396377172
0.9646293822398118
-0.7925004871151258
-0.42916133087634467
0.8263100500770815
-0.9861769173210506
0.19019516121728586
-0.578583081754632
-0.9274928220931873
-0.6594728692276806
-0.3392235785644584
-0.6485342023940452
0.17571562864560453
-0.12101784429042683
0.2628119316343527
0.7350552543545277
-0.7975407240491814
-0.8744990994949218
0.11929728039463128
0.7682063421068217
-0.2925741551838519
-0.5377967450786296
0.33040987782376074
-0.860221421636209
0.9833422455421501
-0.29884966902334775
-0.35643158471814784
-0.3941382649460228
0.8213509340185841
-0.08604215959561823
-0.8619770778463296
-0.2036458459148125
-0.6874409322122614
-0.6670234413996363
-0.38172834002773204
0.9270442505306546
0.8609786352452315
-0.10441092454645462
0.3214901525965028
-0.6126268695259109
-0.6500611209297131
-0.45246846052991985
0.5587930153496738
-0.9484115090178453
-0.19868655359291276
-0.3148624298584013
0.6793402102115687
0.6747201673641405
-0.4244921908726067
-0.7303065583076285
0.03184155710807013
-0.578130247406921
0.5748388507989779
0.9739248656319897
-0.8068712682201555
0.6096553446112625
-0.2225661880815477
0.6250497611790284
0.8141696476600713
0.9246585724280412
0.16349641093273992
0.1559429204086742
-0.392093385145575
0.482995622830906
-0.5771932533749589
0.37359852854437303
0.06253283095048423
0.6440359749167781
0.040396143057813694
-0.859637391918646
-0.22707854869652677
0.5617768919758501
-0.6433284124831635
-0.2705127962264928
0.012965701480786906
-0.20451563518842475
0.8357657373984106
-0.26953408296891324
0.4767749479658212
-0.9090758576085674
-0.37843335420052737
0.027812881804381018
-0.8893347232174471
-0.12529457041190217
-0.18726513038423254
-0.5210305751560478
-0.09062031985741892
-0.5778750566654876
0.7551636952481762
0.824018436586796
-0.11802765330882248
-0.7072867019513658
0.29414292025567224
-0.6618488760749115
0.028546801397862254
0.33858692397752366
-0.867574847145357
-0.10642076521597676
0.6833262041394794
0.8500848650565489
-0.6969911994120201
-0.9630706541743599
-0.3614163708216023
-0.08514347024853453
0.5332314666795157