0.8241556559546672
0.6282679343999363
0.08013466453159845
0.28418597578752947
0.6755714170903884
0.5625869783299168
0.10485289475581472
0.2126202941964651
0.3976742287683812
0.4796521978642492
0.06716758039391968
0.02864116309921061
0.9197215108321347
0.3128513303475775
0.639062277932985
0.30395268817884846
0.5689170808947688
0.6759599498090488
0.7817092961668015
0.5101924108041291
0.8257457764330534
0.567348379971123
0.11035342135068227
0.471447661944316
0.3111337167530619
0.9524626022581067
0.6215596826227998
0.36521488209203745
0.3189258221364414
0.6527075017076561
0.046560504690121185
0.6876328779860532
0.05266536726826343
0.5326212087436113
0.14920094237215586
0.40321103358196575
0.8728117394195694
0.22911280381716614
0.024002611027887033
0.8240626790085575
0.5946101727495019
0.6074303340374481
0.5032267689711918
0.028366206957948115
0.4385048082137655
0.9436660871953437
0.6064155845084772
0.574151922693238
0.8563052057678896
0.7800071346000318
0.27343800903200266
0.10677539274452519
0.6162884707073142
0.37193975457071815
0.3511862848047915
0.19571878945130072
0.783762326841735
0.42207460005558806
0.5113343405271907
0.6633139271338627
0.8881858932424737
0.4665199697437028
0.3574038119767269
0.07197674177412339
0.07779646792260098
0.5080642424991826
0.13626120536672082
0.6788089498719414
0.9407458736295312
0.2602662716117221
0.7814114028979559
0.23444126392021425
0.4150920776631598
0.04994769895226847
0.4062443027312511
0.6689596911744083
0.22857870292855187
0.5992695717242964
0.7899140277245278
0.6874193201351682
0.27219707423574035
0.02690116415119137
0.8177539999618787
0.5938133371687692
0.6723918609805711
0.6012634889750007
0.10976371598264967
0.37403445970692795
0.5529075243708688
0.02909691051196739
0.08736129556628969
0.5522507815241073
0.5567918931520297
0.507733077905421
0.3585737085180072
0.7982248629230234
0.8957768346398978
0.4552887507366582
0.3013750384231807
0.049373045241399294
0.07137253975603852
0.46387007367419053
0.37529393791023047
0.8961310241617043
0.815867625914483
0.1658045698035958
0.22665984759624358
0.8935206806563556
0.036186790412595204
0.7865857665569582
0.5235956530107144
0.2940002079148285
0.23803413469049206
0.39247652622447793
0.1597125076222613
0.6524396072867203
0.9677632908074051
0.18296926279931336
0.18362920521000037
0.48669207644324397
0.7055267260281013
0.05645152023125144
0.8612101281655256
0.920539871241072
0.9377671809941723
0.8959048281188071
0.827446166392709
0.9060658889827058
0.9791078521787504
0.42621464305304835
0.5720368887468077
0.9985144340861952
0.5999176432398549
0.34945455483499865
0.02667590231759498
0.47660672143318916
0.9950569290247557
0.6873334056620739
0.9627642138595515
0.7333648737166728
0.17524044603732958
0.27904030153637005
0.744577104073527
0.11961573314015972
0.299413816518428
0.21376444994167065
0.29069533545044013
0.34088833921133666
0.51582414084907
0.9220988203458332
0.7336361207144184
0.9151419642524892
0.1010062946535174
0.7317776506774888
0.1442549973181464
0.79864557727516
0.5486859479650437
0.5234916117348685
0.31142535206590394
0.8778693923936333
0.7565469358356849
0.6926127955034934
0.22576369996064038
0.826739935260873
0.7829380485147733
0.6365770818504917
0.6006561705167026
0.8466066854322188
0.30366637449611456
0.1009591176930722
0.7320780102123884
0.41665274040127354
0.4341302403656464
0.70697836376353
0.4002666957542813
0.9467069377590832
0.6728351575417754
0.643292269243016
0.7588074402359049
0.9375630863282839
0.49008511478245786
0.6255074562065966
0.10783987557264874
0.406303801890775
0.3717018766411905
0.8690521047238537
0.5295979983547068
0.993291499633041
0.600138459905666
0.30305777206644846
0.7674819602748449
0.7523464898701212
0.09324414654873481
0.46577289430635704
0.9315031917958615
0.9971213594398867
0.2723804857232526
0.016093236805012734
0.2433926677013727
0.863750189696075
0.40284848176716737
0.016011812487430555
0.7249046234630545
0.7957113651862848
0.9611410276004676
0.27382356856711276
0.7794481357748376
0.04092748038214866
0.12569380458998503
0.03574027593259543
0.037657403479907425
0.06043668650162082
0.802366171039487
0.6118933654313268
0.245625145977023
0.5810484024876311
0.8319767883324054
0.46934261850643
0.44897258965536635
0.32172562523113013
0.4676104999741575
0.33106409025838424
0.6968403900945508
0.1859100362424091
0.7450785633331896
0.10845791245738079
0.9493430419835148
0.07753698622489835
0.04649488690358605
0.547176439874545
0.3830349909392049
0.4287375010336759
0.4622277991132504
0.8589076344361904
0.1719537692458043
0.389783525483657
0.7175101545934981
0.5794181856005414
0.47910072005045434
0.48124241062564854
0.36015763834285364
0.23174935132220686
0.9375438612621972
0.8672784427051132
0.0739239086070177
0.9323674644949447
0.6189442224633409
0.8121347382323388
0.008236061412012274
0.9489411666375223
0.32475029488932894
0.6226055871652088
0.6297464943917028
0.40732631213124126
0.8158522744364488
0.5084746028333577
0.9936779231840585
0.6670200975550821
0.9733732951764098
0.2674751206942768
0.19355777461216195
0.016982053942517505
0.5633156039790743
0.5239474284273666
0.11503873305074142
0.3289258953743125
0.5993897894035629
0.5372546840318088
0.807559420309435
0.019413099840918102
0.5869332210592658
0.28617832279662425
0.5016309603109824
0.6417285188369142
0.5839683523988607
0.3719615013029133
0.899718840839553
0.7836878623509507
0.2007387019816792
0.6162456149413518
0.6889535251719128
0.39196225354794534
0.4594014307438321
0.4650358275437658
0.3426593801511786
0.18769836274307983
0.8613705879364654
0.5641959653822147
0.3983454034741971
0.9690814180355455
0.4261026942946463
0.09563670523765311
0.420209801026182
0.6307748355429588
0.08801556720542547
0.4094614128770978
0.29458482498284855
0.3351788153858978
0.5368674998757502
0.9329266869762679
0.9382040031253345
0.011797304388856178
0.38656778795110835
0.11994601536240357
0.6306045536445041
0.8454463575489478
0.11308210096707716
0.6361492598163654
0.8004146918273938
0.1724522697672286
0.9036902875998414
0.9133760733786044
0.17651172368011503
0.45920875551799656
0.562874589075574
0.3606308312396985
0.4488613872771072
0.5763440784607978
0.45453062666296284
0.5185070142266146
0.9292559810597766
0.9323713994310896
0.9769882020586256
0.25477956143988145
0.9499678569834785
0.8667504802233834
0.7021102333675392
0.475555684989434
0.24193101494313496
0.46885806466296487
0.4507089011872498
0.45438329093719276
0.21591103716324633
0.5601107186623413
0.4542920601137729
0.33556716509813234
0.614708211683562
0.970342728117301
0.009611384025904224
0.6238496469029505
0.2582245875666914
0.19364704798056975
0.7655450572763405
0.05085515408229313
0.8690314515358565
0.5726462014037886
0.7128918965119774
0.801543706800058
0.8544900006677942
0.03530313180551403
0.37984141473881095
0.6460258849544046
0.7214140565352785
0.20902524404003597
0.5490233276849945
0.47786277681489764
0.04863428232560174
0.04308916949979347
0.1668051067751175
0.11754249879445133
0.3921566000902742
0.7833385599376022
0.2625269590350352
0.8376925535038524
0.19843533168460137
0.6262777374458393
0.7319542347923854
0.39145916101636324
0.6355159880863175
0.42407365303107647
0.18410989025394298
0.8401026619791288
0.6184303485365179
0.7673579500290518
0.8562812982000838
0.5422445420031827
0.592171743908803
0.4454584791530256
0.8636872181334432
0.051125002123963315
0.6578869522739665
0.0238450589734871
0.6362075443133488
0.34300548888987537
0.49897245311769467
0.5542324214939862
0.7058709380143475
0.8116054001742201
0.43133419243914817
0.06495680278759208
0.9392571448667876
0.6763994055457042
0.9339159562894795
0.2162834941904319
0.6119997592311056
0.9782481506693617
0.5947909570010126
0.2148931822185688
0.5797855156651852
0.028366929164223675
0.806242391651984
0.38544575276049786
0.21341862743792928
0.021173041771478607
0.7016346237095918
0.09834995512622824
0.0006357579326550233
0.7647364179293998
0.8692589444546738
0.25134758549629266
0.7366545664108087
0.3593777645803268
0.23411585162353965
0.5071414990354762
0.5575811348145011
0.6087132603623749
0.3468051898294775
0.9994993215521215
0.8792021591458695
0.1494661285706148
0.5576404803028832
0.4613034691517305
0.8448862127818151
0.9106495222016219
0.4221216675500127
0.7545287783068275
0.41638910976255694
0.08895518303414796
0.00251102779197776
0.4025976911704181
0.443232200339714
0.37756517286732116
0.09341990613202633
0.15837675821602337
0.6039534898267596
0.40517149376787465
0.8351125277839003
0.6812998505714032
0.6461157522090074
0.6754216885992032
0.9192781754594651
0.5504715091998904
0.43782848147576026
0.6405188809450462
0.7133603913589838
0.32280607679479034
0.6298369264633675
0.5890540896059876
0.37997376153190165
0.4314209252672123
0.8074119781963769
0.7338074668668806
0.25315412470549614
0.6957669908138321
0.2683556798401472
0.12042762954532005
0.7838140578226074
0.15703516491961145
0.3571151615125331
0.6142337509481165
0.4949380456777944
0.11415805259394984
0.9164483773189643
0.6165000981481576
0.6170257433913785
0.5886249567893928
0.0616704056589541
0.202140270498961
0.02459205131574116
0.1638129456660119
0.5210105405956366
0.11902926573993566
0.25800858912283
0.9900616936402489
0.9736226589708952
0.3950268724893795
0.43933825463328147
0.0813751248936041
0.45330083863558235
0.6419058404198524
0.8326010215372108
0.4546292536502322
0.612429559443339
0.37645657690837886
0.35958135408815506
0.8343656624957536
0.2464022316129567
0.0340252023158486
0.7710916993365836
0.36179303017784437
0.9112395905560337
0.20685686302837403
0.7784605719474197
0.3741728513995086
0.34915402977804955
0.9147412947537723
0.5424141733352104
0.796261545194845
0.6508506316435337
0.34997497028896996
0.7544132639209293
0.6876213911105626
0.9219068185686394
0.6521119259051137
0.6930191386182641
0.863337907122759
0.593232305286906
0.09795272278333744
0.7560567248212918
0.9729102210305589
0.4705204887602049
0.10618961151047457
0.38430242422867367
0.9779044247033941
0.6367163748038988
0.5563560672500982
0.3754732430255443
0.6717672995495712
0.2747497835283679
0.7087791529022756
0.7334677478952532
0.3918211238910927
0.3760222730096494
0.32682143958608245
0.2118048172357715
0.5297413773364253
0.7567509174855833
0.6186940933646184
0.3786830271094528
0.13273404014682932
0.24607473720171047
0.10331710229817481
0.029403798191988573
0.6134202322780132
0.10583021435405826
0.4219752018420798
0.7162009686332772
0.07104915657438904
0.0011955072851004278
0.5650578944251963
0.17129908707206642
0.17297697639414056
0.7980744273854377
0.5923943382120096
0.10414352819594064
0.29865623743570113
0.174688933777715
0.15853551128823196
0.20327273935079593
0.0659712523603515
0.7498375325025713
0.27434513693834595
0.47650738626309297
0.857130965634387
0.4938369505424254
0.08761644996203344
0.4066514163120719
0.7687708530572622
0.19129157005413266
0.4259426847461485
0.20935998612139528
0.9420280789532656
0.20194178488570025
0.3713394885814836
0.4638206573051812
0.8153624722383767
0.8558983407480584
0.7615909894554851
0.30544650644682736
0.43985030552066495
0.5700464842051577
0.21072612975267047
0.3280816674523789
0.4096419779401218
0.10836693378327544
0.6029448947386797
0.35117293641500336
0.7206192424723442
0.8740900321409526
0.23733669911085375
0.5186653012689851
0.21010369507780613
0.36272950640994883
0.29173199384461024
0.20583145416190085
0.2651876135746891
0.3946921958751509
0.4150144146941058
0.1540617789856199
0.31091668485799084
0.957268437481634
0.7241724385151187
0.11462993566547508
0.816436213948673
0.13536516497225837
0.5630557464046454
0.9984991486275823
0.5630724092821353
0.04867938354775425
0.5613678808786476
0.7236791269849895
0.9451841952788291
0.18246524962146693
0.5328967682427596
0.13013175782409026
0.045112366320010366
0.4439960957127971
0.7440452275130085
0.8059264663185906
0.4200476569514312
0.3714641207177164
0.6344355680873547
0.08420523408417357
0.9185494026292814
0.047763367375071586
0.698549955249009
0.9952407471372071
0.8770325877073384
0.0033534690396173072
0.8002760043049847
0.3027613713728531
0.8574893234356457
0.6279761647621891
0.7507935370689286
0.9480264091272167
0.03152629945511354
0.4058192067140258
0.4458479402965738
0.7627566914614733
0.29529853742937406
0.6715153388745387
0.033615596383407054
0.8952463485964076
0.23854939278854814
0.9921465315399519
0.8031718541898303
0.30230338790802835
0.10992764144921774
0.19513753983757542
0.6734050160776403
0.9340549540559446
0.2613679818662653
0.6673935009290212
0.6346947303915992
0.9276554009943454
0.5455495647303604
0.07905756221535865
0.9486054672528164
0.7321847314967623
0.5019503244732187
0.4013533004385298
0.9030168110116689
0.32988379795629297
0.12816096672920207
0.11926996577956117
0.884006050128469
0.20787064557156087
0.9886607104815632
0.24379181430246633
0.038379480252589415
0.9260795759022099
0.807521797383115
0.7829378819958821
0.4773224295159194
0.02809507802863309
0.8784336846356877
0.01796380587290447
0.5776175736576404
0.7297390950035291
0.5730534198972705
0.9254983582889542
0.8047098749279273
0.0011538912068805862
0.00428505798703549
0.7450602421464665
0.027507510596910256
0.7440708447809266
0.48028802462436315
0.2023974756353637
0.796717263930892
0.6643234902342644
0.03441027660034801
0.33978563757857794
0.11125918964636261
0.5819459096661995
0.2866481694756474
0.42421428005359496
0.5615041216064283
0.4585794913450585
0.7891439513060757
0.3745619036223914
0.11533280114250677
0.894353760091623
0.6690433242185342
0.29147261858783846
0.15784654583387092
0.5323385471085583
0.04363474061559647
0.8334687151574409
0.20972902167941798
0.8369651275538843
0.7966792430574364
0.6405331855966283
0.5193895229985958
0.3378697017847023
0.12666503914874272
0.8077990566726151
0.9565157347464552
0.6088583735775008
0.8137584478221913
0.16918643204936
0.5872603469217649
0.7228169871703244
0.11520281148422118
0.12449638265446927
0.5090060422575603
0.292832453638012
0.9748147440607989
0.5410878005316918
0.8546617502419455
0.04532490452257387
0.21022573292394087
0.6142967202282188
0.11228611473952999
0.7143534998059995
0.090436082139982
0.9147938670794206
0.5625419844347318
0.2116742238160616
0.8785110266161084
0.22021179656888124
0.46731387049048034
0.632729898146847
0.6321806560421449
0.29818085743248857
0.2001171840835977
0.9200883546520514
0.5663385897870411
0.30901624451364296
0.6612561297469588
0.26646133119278825
0.23814696343517394
0.15293665011319146
0.7923069717816432
0.5157132549236173
0.8102187365561089
0.902842403660196
0.1402792433344311
0.19507103156013483
0.8606863353576084
0.1563169593850673
0.02602309010051096
0.6175380856259753
0.9753402848051981
0.8567668840272695
0.42391976682986177
0.6472597376788015
0.32622537499556925
0.6027254436638529
0.030262843742814516
0.9832955664522182
0.7098996302649756
0.5014769026404945
0.7080234273716907
0.27776890108937524
0.15474568002832034
0.6873765208611754
0.3897682331787311
0.2932879586865744
0.6027499695051292
0.40044566970919027
0.7340066912321858
0.6366405822500469
0.7265722162592952
0.7252657097920947
0.9895780315300204
0.4574473538087569
0.3939453629916415
0.8918658562170804
0.6003515639299505
0.41658308200633853
0.21467498598244528
0.030064575577735897
0.39957900486539555
0.2699451190605089
0.299312793626463
0.49224116182064104
0.9520541025237074
0.45833652116408574
0.7602301828098734
0.18238866202042592
0.10069638904995293
0.643857597493925
0.4748497123871326
0.8700541228313197
0.49481062137332077
0.9163672023990691
0.21933844818755954
0.776493879538429
0.4121032295886069
0.017848146025970624
0.8074151156518479
0.02482557785928563
0.6072858463441196
0.05181386236233876
0.7961388691729289
0.8568781062245229
0.21639595172751847
0.7619233346540776
0.8635920144400107
0.36860612967451223
0.0165594092212904
0.05796574563113999
0.9488688655910291
0.9964092210104566
0.023352849487959015
0.5992463646678213
0.6792019656279522
0.5379924103703849
0.004573902684151254
0.5797654287671661
0.3881288938795573
0.8896728005412525
0.3629358313299724
0.374019533221704
0.8759231302461089
0.64957652317711
0.18442493027861206
0.8092396402690941
0.8713966307968501
0.3860785982292758
0.2997258271601332
0.6783692021741583
0.9110061670424011
0.05894439109803107
0.9697169942471497
0.4055233108146836
0.6861113829327912
0.13448511108745298
0.43406975654879587
0.2677468491001741
0.7104185445515514
0.579930842868969
0.08647009190675414
0.9405599231285329
0.06044120871187042
0.055754518810196
0.1926164598954182
0.8934612117250545
0.2334502879236099
0.9819498187428853
0.5725637971815942
0.969671072291899
0.9397704638887889
0.5864148174201383
0.37586697735588026
0.6248519910888801
0.5729240565458683
0.6694568423758143
0.9742277579398366
0.5344816566551547
0.6227111975790749
0.6694801570056963
0.15886010037277232
0.7996045678972576
0.3980863513744298
0.9165649177229723
0.7289126248116542
0.8566565128509852
0.07686970355024159
0.4643320440722434
0.6596434496097244
0.38058761680168307
0.0180307405077631
0.5178926382775821
0.2202568204292369
0.4998713034551795
0.3535450242183381
0.18752953906702663
0.627549513904489
0.2901313950261004
0.16738609452153985
0.9542149096628328
0.750514914634372
0.2914815634467969
0.6325847413508457
0.39166908271087664
0.07777687279325862
0.9950737026848951
0.32705706743618845
0.7705350847805617
0.30426362464889845
0.3278409574667175
0.3924830932635306
0.6435210278827552
0.3169161512070655
0.37501604596663973
0.4475133523511593
0.20155165526135255
0.709863070809445
0.6159487446653243
0.7954391950765309
0.16883460207176748
0.8635242012854747
0.5129949023199896
0.23855976285537184
0.697736029642483
0.9779165488081281
0.4640342251839883
0.06056720833344853
0.7834753328850321
0.7331696680978916
0.5195324918716118
0.7137330398982246
0.9168820582480925
0.9098774495588237
0.687005411134517
0.28720186073615717
0.2086317212936305
0.5882285083215888
0.9036550659371431
0.4726478570108431
0.390308130616669
0.6058517920421255
0.2538476313460968
0.9169864883254263
0.29688986209560164
0.12877520775261941
0.5468740859841458
0.8023115443517815
0.0546742844719178
0.6114103212875859
0.5263483510837696
0.9597013564327432
0.1982920960147011
0.0008272274408062108
0.6014038040042552
0.3122474431902371
0.04646066522713932
0.9979657215656306
0.1674336581755015
0.5842747092344589
0.05501159201998673
0.33980138374167046
0.11815235342890207
0.04679009393744593
0.3092611941951592
0.4825807857063201
0.8097174305157392
0.519188415513425
0.791151944759709
0.023654193447163796
0.9889932746764515
0.8286552703330885
0.7684035761755331
0.5059218136940448
0.3724325405334564
0.7242577548727149
0.6600523102605153
0.6749136624644537
0.18815538379088226
0.728886246466062
0.18185528735798595
0.28190031478068367
0.10281794961852309
0.2086879900373707
0.9225424066544291
0.33050076452477084
0.010808051505823646
0.03623639734021045
0.3999209430955408
0.7987080096431276
0.36476010349101984
0.8212262016509345
0.7477090513578497
0.920848146074346
0.5272308217970674
0.9496831749871463
0.9180809239301836
0.5181614252796855
0.48538828085425945
0.831873619645801
0.28329871048070754
0.7205242905350938
0.10497527276018792
0.22803416286405342
0.20297768060210586
0.07412407901606022
0.06370356331403071
0.045115923651614986
0.24086167656283386
0.5225403861923508
0.8330550632507033
0.7771268295478225
0.6225509763673565
0.27937166289939386
0.12596605989525134
0.2317320265250935
0.9761879323215562
0.037746400481964204