0.8070511196441209
0.6223365266072651
0.6238737450046825
0.17916154334661027
0.30222600499565455
0.4674016166602085
0.6459436598169442
0.931735654819049
0.6280299519180774
0.8850847904927084
0.18150963168109358
0.2477536293897853
0.788843772124095
0.28760055832107334
0.5286058000857593
0.5732693028750719
0.6683035248770097
0.04726443677720893
0.15844795951069957
0.3717858166017145
0.3144822384081386
0.4810432604093916
0.92740654596633
0.4997665822470615
0.31523641789195045
0.19807091316751568
0.6125318878038081
0.5083067631445082
0.6149155114968206
0.8864145471167698
0.7046845690144897
0.1667879777800264
0.37757846140357854
0.8511343292831152
0.9144002952502907
0.220267981681733
0.8331885232026198
0.9375930869266935
0.21935394053024881
0.18502046155746943
0.47709172604025984
0.6291469978374243
0.16448944630288864
0.23125109224531248
0.12996307501900406
0.41456998095353514
0.11560127110312235
0.7045836782438251
0.607992296524453
0.7703268295962098
0.8945809291228175
0.06341763300713021
0.22116864374832745
0.9093746645398774
0.600306046025918
0.03393073480400055
0.6277311544424752
0.11571022614616444
0.4395173075169698
0.683616898422003
0.5283579067237636
0.3010550611302433
0.5353699675503547
0.18907786093925516
0.7126429011901212
0.19070740045940604
0.09431276411681588
0.3304839747721504
0.8471121327087879
0.30493386061158545
0.009329097985964485
0.6628530452838728
0.5849974357105098
0.9550146466631019
0.368490519750733
0.9710061411201538
0.9771284439101432
0.10007683759840258
0.5498961734589523
0.538443094627783
0.048914971891296455
0.6940641968699892
0.027603140101325585
0.6913704473303798
0.5746462862078573
0.0045053656774406425
0.9792309151584786
0.7651880465789966
0.19645302617603233
0.45386772133007935
0.19379856379748328
0.43145376085293907
0.6893855972616123
0.5698425629801155
0.21870524313647688
0.20679849197438405
0.5948967957323115
0.8165521362697293
0.945665928772457
0.008833871265540805