-0.742633
0.953449
-0.635713
0.316921
0.948954
-0.432854
0.742101
0.699339
0.703883
0.883815
-0.283944
-0.711084
0.034524
-0.840400
0.730788
0.919077
0.983517
-0.219802
-0.345440
-0.965071
-0.745970
-0.968031
-0.551280
0.876184
0.935485
0.633756
-0.993574
-0.564379
-0.010487
-0.584588
-0.485930
0.299218
0.037722
-0.549089
0.341970
0.295749
0.512075
0.549832
0.658587
-0.525429
0.560350
0.313360
-0.329119
0.714339
-0.563237
-0.643517
-0.834758
0.580500
0.805904
-0.767360
-0.922492
-0.872711
0.708928
0.144041
0.048583
0.303105
-0.973629
-0.749239
-0.620303
-0.779201
0.370903
0.287392
0.484223
-0.183926
0.542357
0.538678
-0.212485
0.335181
0.371562
0.343448
-0.149959
0.685694
0.399535
0.145927
-0.434390
0.090554
-0.036298
0.991611
-0.406456
0.238023
0.422581
0.693411
-0.308938
0.403797
-0.326637
0.849193
0.222581
0.239400
0.801289
0.251292
0.433383
-0.235042
-0.324704
-0.971304
0.661165
-0.437285
-0.054759
0.803261
0.652948
0.245479
0.501596
0.334617
-0.249003
0.229284
0.741091
-0.031008
-0.423681
0.060063
0.452559
0.712204
-0.482191
-0.389514
-0.866172
-0.197608
0.270473
-0.636914
-0.285553
0.776216
0.392243
0.354967
0.234141
0.800457
-0.720129
0.904347
0.514571
-0.942745
0.984107
0.438287
-0.415252
0.390385
0.734085
-0.348912
-0.242690
-0.434647
-0.369282
0.836575
-0.193702
0.908110
0.934376
0.529260
-0.779354
0.989680
-0.773672
-0.117956
0.340709
0.555961
0.774626
-0.583141
0.313107
0.129124
0.988255
0.371776
-0.834822
0.645547
-0.060124
-0.393256
0.971465
0.409811
-0.766450
-0.298357
-0.936174
-0.884236
-0.783709
0.759862
-0.345260
0.867231
0.352473
0.797578
-0.541689
-0.332644
0.406562
0.044840
0.039977
0.827287
0.542333
-0.581260
0.649138
-0.007298
0.083674
0.896875
0.642782
-0.572719
-0.908283
-0.026874
0.239515
-0.964420
-0.974621
-0.898179
0.585436
-0.519735
-0.598505
-0.765319
-0.987690
0.453078
-0.026979
0.088322
-0.365308
0.854881
-0.871310
-0.667668
-0.898309
0.706041
-0.157999
0.558837
0.240675
0.351762
0.767734
-0.148953
-0.136304
0.565658
0.363018
0.821621
0.483559
-0.369753
0.905839
0.970081
0.304179
0.763241
-0.335453
-0.390646
-0.683211
-0.302084
0.372675
-0.937592
-0.153166
0.783897
0.066083
-0.851874
-0.298440
0.607090
0.527483
-0.893940
-0.290359
-0.092928
-0.843049
0.563855
-0.512467
-0.879993
0.125779
-0.563799
-0.156489
-0.846901
-0.633407
-0.586409
0.770500
-0.375025
-0.233699
-0.608652
0.833309
-0.434866
-0.564298
0.047257
0.617758
0.213049
-0.995981
0.127715
-0.602998
-0.869644
-0.688269
0.838156
0.030708
-0.157940
-0.912125
-0.344861
-0.878790
-0.903117
-0.506709
0.924277
-0.144985
0.417892
-0.096709
-0.046518
-0.248093
0.738207
0.498814
-0.074948
0.791585
-0.228264
0.539523
-0.287296
-0.863581
-0.787359
-0.106275
0.402799
-0.842213
-0.897831
0.195763
-0.382317
-0.350352
0.585356
-0.786817
-0.284341
0.948596
-0.568551
-0.758736
0.482386
0.651259
-0.669591
0.740600
0.240435
0.204355
0.899303
-0.124176
-0.464745
-0.555571
-0.053382
0.906144
-0.013088
-0.971846
0.008119
-0.596042
0.096667
0.443346
0.649836
0.518770
0.555781
0.046127
0.995548
-0.899535
0.842035
0.011165
0.890246
-0.427679
-0.512033
-0.040300
-0.415553
-0.992274
-0.697034
-0.907489
0.480827
0.998353
0.236663
0.813834
0.191983
-0.479008
0.410603
-0.045109
0.405706
0.470884
-0.229376
-0.062298
-0.674955
0.026940
0.724022
-0.201818
-0.889629
0.754577
-0.200868
0.000686
-0.028202
0.742705
-0.520156
-0.989709
-0.974926
-0.818883
0.275727
0.425585
0.444488
-0.535647
-0.301186
0.288558
-0.583262
0.380264
-0.263797
-0.422812
-0.303936
-0.756515
0.706812
0.747700
0.112165
-0.961353
0.950816
0.535742
0.682042
-0.862629
-0.470577
-0.214557
-0.870225
-0.444696
-0.991992
-0.504535
-0.612814
-0.994761
0.632808
-0.579998
0.329937
0.017126
-0.792403
0.544519
0.826954
0.149903
0.717276
0.207585
0.417353
-0.233986
0.438033
0.713851
-0.560345
0.837480
-0.348441
-0.946969
-0.096640
-0.030237
-0.009472
-0.767289
-0.924433
-0.909062
0.937935
0.967798
-0.336073
0.946371
0.507357
-0.747742
-0.502271
0.507844
0.953842
0.511722
0.863016
-0.730138
0.885663
0.749653
-0.905549
-0.262552
-0.540470
0.577838
-0.154257
0.917498
0.895949
0.310956
-0.092805
0.072510
-0.819621
0.574762
0.194306
0.661370
0.474844
-0.751365
-0.141642
-0.916352
0.493754
-0.717088
0.055676
0.004871
0.817789
0.682367
0.403754
0.814862
-0.032400
0.378895
-0.508668
0.123010
-0.105937
0.119438
-0.171018
-0.213775
0.394130
0.640210
0.046976
-0.634549
0.531067
0.838302
0.274417
0.867105
-0.062905
-0.339649
0.382728
0.507500
-0.887617
0.273479
0.514854
0.745711
0.413289
0.450265
0.812715
0.925885
0.174852
0.123149
-0.882322
0.442128
-0.934351
-0.501517
0.539151
0.119312
-0.604294
0.494772
0.617982
0.344604
-0.830280
0.851090
-0.481006
-0.911750
0.982648
0.687323
0.242157
-0.484776
0.656676
0.057252
0.662102
-0.807264
0.448283
-0.282794
-0.018874
-0.593242
-0.465928
-0.587419
0.179879
-0.939547
0.079794
-0.345317
-0.099559
0.580230
0.998929
0.668438
0.237225
0.714848
-0.663239
-0.932247
0.612704
-0.852736
-0.856489
-0.888567
0.015948
-0.156759
0.337142
-0.020251
-0.483771
0.582961
-0.789505
0.506558
-0.625879
0.808013
0.604295
0.684252
0.038656
0.614299
-0.300002
-0.095196
-0.495736
0.012485
-0.396284
-0.859400
-0.120102
0.568182
0.644450
-0.634479
-0.346720
0.695323
-0.749764
-0.759873
-0.866677
-0.785166
-0.896155
0.175596
0.719896
0.364476
-0.902998
0.690634
0.959389
-0.260803
-0.734235
-0.974983
-0.028290
-0.487350
-0.325927
0.734561
0.747085
0.606646
0.141870
-0.109402
0.472517
0.236023
0.321326
-0.154131
0.661573
0.562278
-0.429319
-0.253789
-0.743261
0.892603
-0.427806
-0.668656
0.448260
-0.245583
-0.529295
-0.636982
-0.191602
0.034810
-0.808630
-0.179183
-0.080213
0.931142
0.197717
-0.341495
0.613961
0.905319
0.812023
-0.433210
-0.905097
0.988645
-0.685552
0.031276
0.475578
-0.630378
-0.651174
-0.999409
-0.930210
-0.723693
-0.641586
0.005863
0.124578
-0.517942
0.244189
-0.269368
-0.974099
0.942855
0.122611
0.336567
-0.344462
0.732852
0.164479
-0.271924
-0.311343
0.739843
0.800658
-0.441375
-0.505712
0.561250
-0.249444
0.593710
-0.952310
0.654031
-0.405890
0.813224
0.077410
0.458751
0.301739
0.432169
0.238499
0.219391
-0.470777
-0.650187
-0.251080
0.058882
0.792772
0.670049
-0.248429
-0.683045
0.323587
-0.142018
0.652893
-0.582377
-0.063608
0.654769
-0.043796
0.479494
-0.409566
0.908434
-0.344434
-0.969384
-0.596290
-0.332547
0.573155
0.771800
0.779339
-0.572572
0.415316
-0.969582
0.715407
0.711981
-0.178496
-0.290900
-0.037308
-0.631981
0.941820
-0.606224
-0.736572
0.472982
-0.011762
0.622866
-0.802627
0.585427
0.050370
0.140367
-0.536547
0.639566
0.777533
0.108997
-0.274286
0.230029
0.687265
0.597430
-0.903077
0.807928
0.468561
-0.362627
0.450512
0.632937
0.087595
-0.846435
0.727262
0.334734
-0.908270
-0.113829
-0.381090
0.638848
0.940402
-0.991779
-0.457081
-0.154113
0.889633
-0.027570
0.008728
-0.952297
-0.161686
0.880029
-0.168007
-0.981205
0.176559
0.030186
-0.144684
0.455216
-0.559091
0.659579
0.659830
0.269934
0.419053
-0.515298
0.661928
0.240459
-0.936498
0.042889
0.730577
-0.416338
0.448728
-0.001236
-0.047157
0.408719
0.268619
0.771249
-0.032441
0.560324
-0.387787
0.632803
0.019396
-0.873913
0.446215
-0.569011
-0.919695
0.225519
-0.396558
-0.753969
-0.370514
-0.337468
0.021862
-0.145826
0.923274
-0.797373
-0.449881
-0.285741
-0.843282
-0.363048
-0.071822
0.434764
0.764378
-0.062195
0.942850
-0.733224
-0.732050
-0.279616
0.250537
0.797971
-0.949737
0.438854
0.181732
-0.342065
-0.544401
-0.151276
0.919720
-0.919673
0.164354