                      0.425252
                      0.927463
                      0.485790
                      0.776605
                      0.293730
                      0.497108
                      0.641483
                      0.209916
                      0.260485
                      0.501605
                      0.247539
                      0.207736
                      0.096974
                      0.423146
                      0.651963
                      0.432486
                      0.529561
                      0.983208
                      0.140748
                      0.513487
                      0.204034
                      0.546079
                      0.892367
                      0.650945
                      0.094371
                      0.419035
                      0.523068
                      0.314923
                      0.645238
                      0.981567
                      0.789922
                      0.859479
                      0.466813
                      0.643987
                      0.206225
                      0.365823
                      0.695849
                      0.468558
                      0.345881
                      0.165728
                      0.125985
                      0.964478
                      0.897355
                      0.498249
                      0.561920
                      0.289715
                      0.675791
                      0.384715
                      0.116670
                      0.279777
                      0.841542
                      0.137584
                      0.015598
                      0.789859
                      0.466691
                      0.607917
                      0.611457
                      0.556661
                      0.657522
                      0.235744
                      0.801099
                      0.672391
                      0.746507
                      0.434470
                      0.272777
                      0.272802
                      0.052141
                      0.137292
                      0.390220
                      0.164839
                      0.571855
                      0.764964
                      0.427993
                      0.542136
                      0.415823
                      0.245468
                      0.076599
                      0.020155
                      0.395612
                      0.282858
                      0.585142
                      0.698856
                      0.085395
                      0.318238
                      0.808173
                      0.215843
                      0.674396
                      0.563513
                      0.453738
                      0.834014
                      0.451587
                      0.096404
                      0.393908
                      0.944910
                      0.743333
                      0.737486
                      0.849351
                      0.664245
                      0.151714
                      0.395951
                      0.204316
                      0.005496
                      0.019748
                      0.007469
                      0.361768
                      0.989337
                      0.931925
                      0.339450
                      0.233910
                      0.437790
                      0.134507
                      0.224270
                      0.160088
                      0.341112
                      0.910465
                      0.591529
                      0.116094
                      0.656178
                      0.747451
                      0.174271
                      0.158132
                      0.956070
                      0.614288
                      0.458817
                      0.118721
                      0.673102
                      0.806436
                      0.452895
                      0.341384
                      0.510149
                      0.865677
                      0.869427
                      0.171896
                      0.144255
                      0.405243
                      0.667068
                      0.068828
                      0.212610
                      0.948558
                      0.588253
                      0.449146
                      0.578762
                      0.865713
                      0.530719
                      0.934152
                      0.910178
                      0.844488
                      0.756807
                      0.233645
                      0.841831
                      0.050696
                      0.557035
                      0.088209
                      0.160841
                      0.148225
                      0.972126
                      0.693231
                      0.733817
                      0.225353
                      0.833732
                      0.069939
                      0.516938
                      0.386614
                      0.204075
                      0.809815
                      0.433139
                      0.839363
                      0.716332
                      0.585839
                      0.912571
                      0.555311
                      0.433610
                      0.968713
                      0.326358
                      0.214707
                      0.262913
                      0.378536
                      0.834411
                      0.724261
                      0.156595
                      0.704313
                      0.292390
                      0.378473
                      0.141751
                      0.244847
                      0.699760
                      0.761067
                      0.675616
                      0.672120
                      0.607323
                      0.848786
                      0.804275
                      0.673709
                      0.379819
                      0.266340
                      0.429797
                      0.720713
                      0.783509
                      0.506016
                      0.134941
                      0.309067
                      0.239747
                      0.943314
                      0.867067
                      0.350367
                      0.008450
                      0.207392
                      0.832091
                      0.064553
                      0.595235
                      0.467358
                      0.023526
                      0.635207
                      0.228432
                      0.715562
                      0.098739
                      0.867234
                      0.698477
                      0.072727
                      0.643118
                      0.307789
                      0.131055
                      0.901049
                      0.482662
                      0.249653
                      0.552442
                      0.033021
                      0.993934
                      0.336330
                      0.016078
                      0.234231
                      0.698618
                      0.367338
                      0.009292
                      0.239507
                      0.609581
                      0.789689
                      0.161241
                      0.528932
                      0.177845
                      0.782673
                      0.553794
                      0.199450
                      0.285146
                      0.908602
                      0.389163
                      0.734711
                      0.460786
                      0.580613
                      0.507634
                      0.235189
                      0.556567
                      0.561833
                      0.385654
                      0.931849
                      0.016061
                      0.572154
                      0.369619
                      0.453696
                      0.213001
                      0.162107
                      0.287681
                      0.517291
                      0.257866
                      0.994764
                      0.699653
                      0.523316
                      0.365153
                      0.115999
                      0.191218
                      0.270485
                      0.585092
                      0.988212
                      0.988117
                      0.219110
                      0.130598
                      0.121752
                      0.674947
                      0.610652
                      0.521501
                      0.004742
                      0.080985
                      0.536853
                      0.948085
                      0.786046
                      0.930283
                      0.624104
                      0.452896
                      0.965424
                      0.289622
                      0.900913
                      0.017374
                      0.673982
                      0.783371
                      0.993170
                      0.191612
                      0.897837
                      0.023064
                      0.798257
                      0.004566
                      0.146390
                      0.536760
                      0.153064
                      0.571932
                      0.528089
                      0.189897
                      0.190263
                      0.789081
                      0.001805
                      0.486094
                      0.796596
                      0.975250
                      0.079180
                      0.823499
                      0.533147
                      0.361946
                      0.896802
                      0.899928
                      0.535420
                      0.263036
                      0.302202
                      0.709031
                      0.977051
                      0.015961
                      0.305875
                      0.407526
                      0.912876
                      0.981814
                      0.135504
                      0.606980
                      0.882445
                      0.650345
                      0.934967
                      0.776112
                      0.949154
                      0.663902
                      0.616349
                      0.461636
                      0.919788
                      0.557342
                      0.734562
                      0.708725
                      0.470132
                      0.289523
                      0.033757
                      0.306856
                      0.421401
                      0.094418
                      0.895213
                      0.903316
                      0.186119
                      0.515388
                      0.215359
                      0.736209
                      0.169542
                      0.740937
                      0.999904
                      0.467637
                      0.299623
                      0.494513
                      0.925731
                      0.346720
                      0.241239
                      0.175728
                      0.578845
                      0.959385
                      0.337639
                      0.254343
                      0.682390
                      0.521910
                      0.531126
                      0.052329
                      0.217850
                      0.642797
                      0.194675
                      0.203087
                      0.507779
                      0.425213
                      0.957385
                      0.872933
                      0.200016
                      0.861770
                      0.622619
                      0.366265
                      0.100179
                      0.044265
                      0.688475
                      0.721100
                      0.733974
                      0.244114
                      0.526809
                      0.528770
                      0.332385
                      0.891209
                      0.169076
                      0.434795
                      0.437186
                      0.916774
                      0.700293
                      0.541370
                      0.671865
                      0.130981
                      0.958520
                      0.609950
                      0.510502
                      0.380426
                      0.412672
                      0.031228
                      0.537271
                      0.396210
                      0.062580
                      0.638205
                      0.393339
                      0.124279
                      0.559099
                      0.190216
                      0.331145
                      0.914510
                      0.341223
                      0.610269
                      0.234072
                      0.932213
                      0.071138
                      0.505536
                      0.647119
                      0.570740
                      0.157221
                      0.277357
                      0.639509
                      0.250132
                      0.026536
                      0.828903
                      0.187344
                      0.301113
                      0.622091
                      0.741421
                      0.813986
                      0.060802
                      0.493014
                      0.732911
                      0.794447
                      0.384118
                      0.979991
                      0.395945
                      0.220774
                      0.153407
                      0.730319
                      0.240960
                      0.693735
                      0.318078
                      0.740515
                      0.679131
                      0.263943
                      0.124637
                      0.924942
                      0.573770
                      0.413156
                      0.876702
                      0.338170
                      0.852720
                      0.132977
                      0.383529
                      0.097131
                      0.111706
                      0.138686
                      0.601588
                      0.487204
                      0.983858
                      0.622996
                      0.880313
                      0.756017
                      0.396542
                      0.337607
                      0.609792
                      0.448457
                      0.141362
                      0.096190
                      0.367272
                      0.219304
                      0.870404
                      0.707915
                      0.439507
                      0.657867
                      0.367636
                      0.190195
                      0.901138
                      0.722816
                      0.266249
                      0.563642
                      0.168464
                      0.231047
                      0.364478
                      0.395425
                      0.563515
                      0.122697
                      0.426468
                      0.582351
                      0.071133
                      0.105038
                      0.889170
                      0.089948
                      0.308531
                      0.579616
                      0.591867
                      0.382016
                      0.793742
                      0.952524
                      0.594214
                      0.740813
                      0.015858
                      0.120864
                      0.764456
                      0.513877
                      0.489713
                      0.968584
                      0.381266
                      0.944808
                      0.403774
                      0.652094
                      0.669429
                      0.705384
                      0.917952
                      0.634920
                      0.718275
                      0.092009
                      0.828002
                      0.018439
                      0.133027
                      0.965606
                      0.062171
                      0.100688
                      0.956520
                      0.701484
                      0.913312
                      0.466114
                      0.169227
                      0.556642
                      0.856586
                      0.655200
                      0.001909
                      0.350359
                      0.587305
                      0.889840
                      0.034076
                      0.644110
                      0.503901
                      0.445146
                      0.333320
                      0.840564
                      0.209985
                      0.823448
                      0.526640
                      0.191523
                      0.732847
                      0.453699
                      0.703224
                      0.890555
                      0.536566
                      0.571757
                      0.976856
                      0.377603
                      0.867103
                      0.951444
                      0.560612
                      0.563081
                      0.482364
                      0.842483
                      0.827161
                      0.464457
                      0.026974
                      0.314266
                      0.468668
                      0.625652
                      0.746795
                      0.663757
                      0.252362
                      0.867191
                      0.341910
                      0.391637
                      0.629985
                      0.676600
                      0.567612
                      0.710270
                      0.975985
                      0.261692
                      0.720890
                      0.216076
                      0.655462
                      0.152068
                      0.339676
                      0.361521
                      0.732070
                      0.224419
                      0.106930
                      0.338862
                      0.878173
                      0.192969
                      0.825795
                      0.565636
                      0.030182
                      0.487464
                      0.370447
                      0.235700
                      0.514363
                      0.897666
                      0.402095
                      0.258823
                      0.794139
                      0.404105
                      0.678936
                      0.228577
                      0.634744
                      0.999410
                      0.970374
                      0.793014
                      0.032159
                      0.071372
                      0.699797
                      0.918870
                      0.370601
                      0.006736
                      0.656088
                      0.261588
                      0.624006
                      0.553802
                      0.641376
                      0.449419
                      0.479432
                      0.629683
                      0.467120
                      0.423813
                      0.980957
                      0.841929
                      0.541485
                      0.611743
                      0.454536
                      0.163152
                      0.207430
                      0.411284
                      0.311240
                      0.793089
                      0.032996
                      0.350719
                      0.004189
                      0.082211
                      0.578185
                      0.810563
                      0.003270
                      0.962593
                      0.984455
                      0.113038
                      0.770962
                      0.013796
                      0.216955
                      0.946374
                      0.562616
                      0.552255
                      0.950993
                      0.228646
                      0.677962
                      0.943800
                      0.712351
                      0.110718
                      0.233052
                      0.153213
                      0.294540
                      0.393154
                      0.232646
                      0.834721
                      0.183902
                      0.262779
                      0.067310
                      0.675218
                      0.849383
                      0.167357
                      0.687860
                      0.263413
                      0.956919
                      0.583502
                      0.031931
                      0.200557
                      0.553999
                      0.233502
                      0.631722
                      0.345777
                      0.114171
                      0.904383
                      0.411909
                      0.598042
                      0.305609
                      0.183264
                      0.706411
                      0.758356
                      0.019069
                      0.802577
                      0.605664
                      0.085412
                      0.315203
                      0.135124
                      0.735729
                      0.821303
                      0.149223
                      0.360025
                      0.381044
                      0.302224
                      0.976574
                      0.770600
                      0.611564
                      0.716129
                      0.628592
                      0.223032
                      0.450299
                      0.504324
                      0.307969
                      0.836516
                      0.598294
                      0.884375
                      0.893201
                      0.384419
                      0.416693
                      0.202448
                      0.129408
                      0.427066
                      0.625029
                      0.292596
                      0.238926
                      0.178552
                      0.965005
                      0.303806
                      0.310127
                      0.996022
                      0.129219
                      0.440801
                      0.259397
                      0.132259
                      0.021058
                      0.123381
                      0.210799
                      0.514942
                      0.516783
                      0.623699
                      0.366489
                      0.553510
                      0.953772
                      0.280514
                      0.908104
                      0.195192
                      0.804740
                      0.639548
                      0.949896
                      0.236980
                      0.257370
                      0.763569
                      0.700170
                      0.085609
                      0.849913
                      0.711653
                      0.136932
                      0.259771
                      0.285262
                      0.987559
                      0.035949
                      0.056085
                      0.897610
                      0.110956
                      0.455418
                      0.557702
                      0.991235
                      0.798788
                      0.280807
                      0.067534
                      0.446129
                      0.487477
                      0.887626
                      0.944689
                      0.418761
                      0.249076
                      0.621202
                      0.728280
                      0.527637
                      0.062875
                      0.544663
                      0.200249
                      0.508256
                      0.026494
                      0.719669
                      0.990864
                      0.272638
                      0.940826
                      0.440826
                      0.832633
                      0.586471
                      0.986444
                      0.942570
                      0.406815
                      0.599727
                      0.505486
                      0.780973
                      0.799319
                      0.646459
                      0.075522
                      0.547310
                      0.842382
                      0.091429
                      0.704775
                      0.317149
                      0.734044
                      0.824115
                      0.381793
                      0.520346
                      0.310563
                      0.053518
                      0.571756
                      0.038804
                      0.977303
                      0.612507
                      0.604392
                      0.125455
                      0.297807
                      0.873585
                      0.536098
                      0.955486
                      0.847674
                      0.761840
                      0.241942
                      0.349288
                      0.747154
                      0.443352
                      0.824300
                      0.471194
                      0.079110
                      0.545719
                      0.893567
                      0.768386
                      0.851151
                      0.521525
                      0.910941
                      0.246362
                      0.508094
                      0.508920
                      0.543247
                      0.775267
                      0.504191
                      0.603498
                      0.121216
                      0.993340
                      0.976585
                      0.326701
                      0.759056
                      0.235975
                      0.886567
                      0.778153
                      0.131816
                      0.215157
                      0.084735
                      0.464210
                      0.264151
                      0.318819
                      0.601605
                      0.763862
                      0.814885
                      0.451391
                      0.059951
                      0.329576
                      0.028755
                      0.143158
                      0.483566
                      0.601056
                      0.082495
                      0.925292
                      0.882496
                      0.397965
                      0.927141
                      0.185797
                      0.050790
                      0.261845
                      0.055438
                      0.218772
                      0.665110
                      0.806614
                      0.675254
                      0.973683
                      0.705899
                      0.040978
                      0.700100
                      0.710277
                      0.033826
                      0.722575
                      0.428521
                      0.112629
                      0.883100
                      0.029772
                      0.043238
                      0.690062
                      0.476731
                      0.337104
                      0.087656
                      0.370163
                      0.795887
                      0.510336
                      0.987469
                      0.804981
                      0.201472
                      0.512235
                      0.058645
                      0.268590
                      0.880942
                      0.067774
                      0.379666
                      0.100137
                      0.562527
                      0.061970
                      0.498981
                      0.137567
                      0.365056
                      0.958790
                      0.499436
                      0.476369
                      0.747052
                      0.566653
                      0.673681
                      0.102030
                      0.634134
                      0.340930
                      0.374729
                      0.192038
                      0.039838
                      0.035945
                      0.924210
                      0.226541
                      0.466318
                      0.154390
                      0.115679
                      0.305649
                      0.133902
                      0.122579
                      0.665991
                      0.232203
                      0.333725
                      0.476542
                      0.529752
                      0.648062
                      0.561086
                      0.009321
                      0.695183
                      0.188272
                      0.833282
                      0.971304
                      0.639090
                      0.014109
                      0.938960
                      0.061303
                      0.739394
                      0.336681
                      0.991333
                      0.994613
                      0.585915
                      0.978626
                      0.364616
                      0.701106
                      0.801835
                      0.768247
                      0.940560
                      0.277701
                      0.201223
                      0.601986
                      0.287476
                      0.422883
                      0.830082
                      0.189229
                      0.084589
                      0.512171
                      0.047393
                      0.444511
                      0.525656
                      0.786964
                      0.463658
                      0.596554
                      0.574122
                      0.087031
                      0.231251
                      0.323313
                      0.047051
                      0.889123
                      0.164810
                      0.040054
                      0.455275
                      0.124409
                      0.443194
                      0.032610
                      0.741092
                      0.200202
                      0.853058
                      0.178716
                      0.860971
                      0.461761
                      0.338366
                      0.041244
                      0.079675
                      0.333777