0.6676835962164196
-0.38665223046135355
-0.9400008345955551
0.42359625968072345
0.7341868986917897
-0.8829352693680508
-0.6176274959786439
-0.6547692338700115
0.7041824148046623
-0.6996598342425797
0.018440277754733003
0.6701031422606503
-0.8759317098093558
0.5195232086252655
-0.3180941814708198
-0.3284561655239657
-0.8219146978750904
-0.6358214149019841
0.014910640415004561
0.8039019922340536
0.46140052570141554
0.47284241390699533
0.7561550258357577
0.8630804664256431
-0.15424103688841861
-0.8092335272017339
0.7475793095142367
0.12667040008004204
0.7581941854731995
0.7584701667491311
0.595546844844419
0.18954485794935705
-0.895945518318614
-0.22058123306644561
0.3245544066118393
-0.44696688177286714
0.3141286623067343
-0.1094723160836506
0.9970063183122779
-0.7918864606847615
0.06481228725175003
0.8131516956984266
-0.23302718602799266
0.6509674822279159
-0.7480074007909945
0.5891084379593896
0.3403354562081371
-0.2027149052129842
0.07889228931913417
0.7575456191155334
0.8365658051025979
0.019067762533724997
0.06916857189019487
-0.6388932277410291
0.8851000416828281
0.005854520560225174
-0.656570767554755
-0.0028562713294839615
-0.9220817492499249
-0.5820859155511722
0.8537287884056886
-0.11405023272476744
-0.5838999545745054
0.15055548578653477
-0.15306635106489175
-0.8799267388221099
-0.9873939419862341
0.9958822642462482
0.2633891102203467
-0.06199224931999825
-0.41948808617262445
0.5491538846633082
0.6465232738737436
-0.044172152803674924
-0.0004782402515535189
0.22219574397677166
-0.19211028103924677
0.25035995889162455
0.4508600354197325
0.6009071847093157
0.0205582207250099
-0.8719237512048468
0.7824612793684882
0.5851828534163155
0.989601510914385
0.9114299172824452
0.257585646147904
0.8655007461190898
-0.33301669524540367
0.4379307314231857
0.6515790184950858
0.24923646933728327
0.49922828087236826
-0.7373392845034157
-0.2999004168435222
0.24515809784346465
0.2322055379095267
-0.512061936270183
0.11073203542608834
0.5658619582103408
0.5045600717330871
0.6497184199851129
0.2429152779417858
0.5086524686021194
0.545589267172097
-0.4723612018283301
0.947638418488103
0.18688672563048114
0.5736957091837629
0.9300883898078427
0.6355888164016146
-0.00378103103633487
-0.023433239448516163
0.9950740814328607
0.4269332010607936
-0.6095945912239749
-0.9284160056619264
-0.10847412326652894
-0.4432473921598177
-0.6901788543994332
0.7570918840178813
0.403928568634474
-0.6160337180290676
0.7990008719701578
0.09585218066568535
0.1748079480540703
-0.5100132214544548
-0.6549837174819708
-0.9491593111046908
-0.9370742286760916
0.4956303681860721
-0.6806831901227488
-0.05492604696021708
0.46230439815100954
0.0014753323749090441
0.6567394456509761
0.8727061102590243
-0.05761060049350197
0.16555459631962943
0.25433409220078484
-0.10972561479005116
-0.6472330629159939
-0.6396618661794118
0.4633710563178697
0.6509522609329941
0.14004261106309324
-0.7083155687626486
-0.556712349447976
0.10289216187127637
-0.11622690885713283
0.7385887917141072
0.320766626009104
-0.053653259418353416
-0.6272588044530432
-0.3744538403453481
-0.999814797596547
-0.40651028387441257
-0.4361181651184938
-0.7816265735479877
0.820306177793106
-0.02054033431561031
-0.2618035231848721
-0.013473038210752408
-0.6050479924275272
-0.3250398827420573
0.8574593487730526
0.9914353758029613
0.016326962659190203
-0.3446320345797913
0.3707385749201708
0.5413467235092837
0.6328562781873335
-0.966224633522907
-0.3391614641639886
-0.9718411686034345
-0.6951449925253634
0.49798471155550317
-0.7657420761343567
-0.4604848863714075
0.1070839434311821
0.526933323837333
-0.19974884786488079
0.014352461704782549
-0.012353261230376056
0.11233101962274739
-0.039916302867984754
0.985731244424048
-0.8817393639199069
-0.7622239261150687
0.13756717015002384
-0.15806999699208246
-0.35909212078893393
0.9270977535442186
0.07974815490384857
0.27103186993164097
-0.24652608032733725
-0.3586914505706138
0.8545707988842353
0.6125565141881237
0.0002692575589449131
0.013561602697919728
0.046058858725345875
-0.22265459874801152
-0.2081272727037573
0.32136943220920067
-0.2463171037943539
-0.7712565812381749
0.6463737932019886
-0.3469177080624939
-0.09723405708629373
0.5952384857715871
0.3499204573776875
0.14995264336199265
-0.6956464917629248
0.03644951844399058
-0.7593594886140582
0.7600292548356482
-0.19929473991675084
-0.708481134257607
0.8725698365329231
-0.9063300104237451