0.31649559062449395
-0.04038288634518872
-0.17550259206289498
-0.4174609621327847
-0.02726966316529733
0.6930759378245421
-0.4404861220522931
0.284751547610804
-0.16805037899810782
-0.36271051238221563
-0.4724951155507999
-0.5450407722131714
0.864891957613489
-0.9755248907383753
0.04168214130370451
-0.7260429867226357
0.011775628163408047
0.7019959069940847
0.9465707830998451
-0.22512864994000314
-0.18704584828912285
0.23432779103932577
0.15423021415369909
-0.5875813989656138
0.3497168349035866
0.12359958674662219
0.23805266738736242
0.4036227931176044
-0.2927666599397454
0.8308582782498939
0.19960950360868734
-0.10156710428615323
-0.22203612371743175
0.38842184988849926
0.29404413375985383
0.4972986338510652
-0.07449174346967835
0.3646578136681642
0.4330487981308744
0.33926885351936154
-0.3105199752643468
0.023568176359089366
-0.4510150336411274
0.8878982174911052
-0.6104049857830247
-0.7112485237950061
-0.4779411121007917
-0.01879292915065811
0.9858895953177471
0.9969339146482734
-0.059296508856136354
-0.6031395016842129
0.3147384350372575
0.6529998879148189
-0.7116921621188166
-0.3280893195797563
-0.5424312494121211
0.6419803020557422
0.8035521983196756
0.47761755461923605
0.658311829757614
0.5073809621195131
0.5225193033456217
-0.12032703633149366
0.26261700967873325
0.8286982249188763
-0.6020842320092457
0.3184033797919881
0.6381300568732231
-0.7365733421074505
-0.071882023636062
-0.47671675578116646
0.4729841980151255
0.4884139549457118
0.3000340420295815
0.029464730761761926
0.9527681571592392
-0.888507666482522
-0.33028895007577974
0.2604017171865882
-0.46618931725848367
-0.46802034970772133
-0.8501624154790819
0.8434837363555101
0.2521398566438049
-0.12380503159123935
0.7706182114586109
0.515561887458519
0.6230202120686605
0.2470567167602642
0.7835133895954087
0.2848005870411767
0.16846468520989344
0.7577514709690618
0.6396284951429243
-0.6935641897015343
-0.5257584702002827
0.7771885139372126
0.6901233874884596
-0.3068619090638016
-0.4951411575822806
-0.7995414235517744
-0.8813186232754511
-0.1885617641727395
0.9252756553785815
-0.5158304804771257
0.08062007459317799
-0.9088804977091709
0.020922831422138355
0.45000624558833513
-0.2247331972355986
-0.17106942286791949
0.8180714967222407
-0.09110509098490494
0.6436298679668828
-0.29382262184191155
0.48244329721075085
-0.1305127201286298
0.6580247137459352
0.6107934685448484
-0.41859501918460085
0.5035651777433934
-0.47686566777885186
-0.9991536466132198
0.4111074306578717
0.27605750066712953
0.9362379171037263
-0.9462944980845447
-0.37384475388287886
-0.13548390242853436
0.6605478118994497
0.6806879557422887
0.6519243701536066
-0.21233665422154147
-0.18107635431033886
0.24321531503382432
-0.19001901564302126
0.6558988641472379
0.304456642921096
0.47567612381632673
-0.7252938505785265
0.5329587205470601
-0.8196689785240536
-0.4913205138719805
-0.7483597576732699
-0.4310883639197638
0.7265539386318629
0.5456080139238892
0.3247006299892323
-0.2808961034194042
-0.3483901805280747
0.5443127643327768
0.6833330036470202
-0.628831772393764
0.17471878576867583
-0.6714282211572664
0.6308832131739681
0.26783349473475493
0.9348905699487873
0.8307575375613783
0.22283223463612312
0.8814543313203322
-0.9772119630823068
-0.22930529742843464
-0.7675718390468393
-0.4592404244382584
0.6535024586133442
0.6650311635937702
0.3859748066656936
0.992790526717185
-0.5118680570481109
0.8437974837066409
-0.5358439125227772
0.40170436118521624
-0.05879387930183211
-0.3643469840704028
-0.11118901800808834
0.17147230438255034
-0.7236919220502323
0.6238391752853392
0.9414228702794101
0.42365410455608
0.08794584873904121
0.9333256081092094
0.18761535659903905
0.8890874992063342
0.20932622257611966
0.279269000671998
-0.8275950068242794
0.6363983295326079
-0.3847164655493376
-0.7555301872759868
0.06664638554385838
-0.5985465817484665
0.5965876319735646
0.6407730246307155
-0.12692833358728817
0.5417393107732367
-0.12316968147502538
0.726046718327098
-0.06260269286788156
0.8022318547980569
0.054105943125762446
0.924674234039782
0.5331610138511105
0.07709321070565855
0.7298451741895433
-0.29747851334137976
-0.3082007408688192
-0.46045477529121315
0.9783319017515566
-0.6836967335787223
-0.24512111253429314
0.6449239179642847
0.09425150168923047
0.8331652718583029
0.3957359619880323
-0.15113896563430118
-0.30296551669519345
0.31118942255200643
0.3718046001047144
0.8337819457158864
0.09996411343880118
0.958823554400049
0.40509402618716095
-0.20666343856582436
-0.35512087411356563
0.6244021404977769
-0.290258302417876
-0.6941401741737294
-0.7598314559429284
-0.887596862240341
0.3964709916837519
0.4822949182851768
-0.86444504131666
-0.18492533528206478
-0.01781335355879521
0.09652997741339187
0.9665415666233834
0.651775305042517
0.7242007022736179
-0.762013119576407
0.16956912666756074
-0.4467631141411359
0.03235729191309833
0.0011472252684838757
0.9917876484904824
0.7082431818893198
-0.9816703075740156
-0.24280830520416008
-0.5134774879576993
-0.10528105836186419
-0.37250376209638825
-0.2525171788203351
-0.6859300578646146
0.8849869918490154
0.6403260212101864
-0.8032563949950273
0.4271523751823598
-0.6821821605907494
-0.7694435157505215
0.17540518179012166
-0.5357785883323889
0.6559564803021052
-0.46050060283453376
0.32306819281238597
0.47028811823940986
0.2214491300211392
0.938853194733523
-0.606075472940008
0.43973530181389453
-0.6476280838662205
0.014708974801892039
0.7264493722462992
-0.033015086027836205
0.8161404459481383
-0.5290264233236408
-0.06936557412916011
-0.6718236062639376
-0.3317803258892156
0.1485197691927398
-0.7184615079803764
-0.9153000555002404
-0.22320340031349262
-0.6463174881945974
0.9303910330500857
-0.7856760958067037
-0.48372481260786815
-0.21823817424334635
0.4669030819541795
-0.06406676370455133
0.8020259373161982
-0.8152340014519979
0.16453205491609535
-0.999398539296485
0.9318329334030544
0.8798588258429367
0.8129773158017848
-0.21167883766170648
-0.8312066194003118
0.8282966078817824
-0.5683924410614951
-0.6611901453310578
-0.11119432497082737
0.638728999117121
-0.5957628209019041
-0.9574539804219608
-0.2552716624761202
-0.7973586161096724
-0.28003054943447747
-0.06443783759045685
-0.8293822645636664
0.47780905527083384
-0.40052513344454965
0.1898877273657773
0.35727742963305986
-0.6626012000828825
0.6490148532431703
0.5599052318926836
0.42620422098372823
0.4457267225327932
0.6551251933767972
0.8590094316381933
-0.4782180813332073
-0.36028589028553304
0.10922692543436718
-0.6453591346033059
0.947667494400773
0.9475113057182494
0.9817349076319235
0.5856632084251367
-0.3770881890849478
-0.11427331736122115
-0.07560019607223367
0.19508882685857176
0.8684973450443814
0.41309665029759457
-0.48355553717693023
0.8308516166594686
-0.15882585233688928
-0.12749199593880278
-0.4028788393727414
0.9263415352538711
0.03780392784376563
-0.7209072848677687
0.7021184215711171
-0.6355984755576356
0.6471614978507461
-0.15341827394810092
-0.4105891865599438
0.6070214365070465
0.28192356104380134
0.6579325619123491
-0.18752559422864223
0.6348143976567515
-0.12167285958163054
0.6898368252256784
-0.565511139036122
-0.5344924584220758
-0.7616028544180131
0.21597046884441795
0.4316328713422961
0.9820910687249333
0.7545229761407584
-0.9090507731305173
-0.33933242118025553
-0.309497380797922
-0.329691696876262
0.7149425816728945
0.897226838910856
-0.9117635201526095
-0.19060433887191786
0.06834523409227611
-0.9125240429699497
-0.4371148477737983
-0.4552687655094707
0.2187527564408558
-0.6448658879279168
-0.28003850003474673
0.2555315383423178
0.19168877626647163
-0.26925188844895964
0.716891887735009
-0.801434808956333
-0.6143830980061586
0.009486008129881096
-0.2710650957727674
-0.536789820959718
0.11915347356787143
0.38323700194118504
-0.2895460108327754
0.4217053906173054
0.3742999760157484
-0.7211933619736717
-0.8517797434874941
0.3501703149023154
-0.9400839307942295
0.06577505942925876
0.017732772422560883
-0.23960815310029004
-0.10138552610315821
0.4735858486388582
0.5672073520654719
0.2667494783279938
0.11723656880034894
-0.1482555407434918
0.9109581623927205
0.5614032694659525
-0.1304553396419985
0.1454361146439065
0.9470436166607912
0.1650062921137574
0.5761705255073872
0.5578128476295465
0.33415671382603374
-0.27516468645311853
-0.7742435677979995
-0.37016519073766485
-0.48745475307700503
0.596347634547195
0.017166820762245738
-0.7818780761639192
0.8943772750432113
0.9489078473055872
0.7997318201388588
-0.44410201042276776
0.9390305500851486
-0.18145082456605355
0.49910654666654364
-0.8034879444342573
0.40475025450170765
0.4266236317713521
-0.527856174466353
0.8866858963241346
0.20943285283360535
-0.18409768061486553
-0.4339373744352646
0.009134708346424603
-0.35291249621798926
-0.048287238141457633
-0.5126916869865841
-0.9447881620530609
0.8570389483471346
0.27974279658848045
-0.027023794547104574
0.9700303359248035
-0.32932293084803566
-0.27475073662125227
0.12493144209384921
-0.11775377360945849
-0.7516217442909625
0.9516984690471013
0.29103836380673065
0.3379164063233886
-0.9837434305920241
-0.6635167225809271
-0.3130362312017685
0.3091885152339744
0.34345117341056963
0.13996665404427056
-0.15084494331533116
0.9989540877679011
-0.611771136290888
0.9580752225459115
0.5473001420235393
0.8878245515633265
0.03834452947265388
-0.8784195339150278
0.3273066802869582
-0.4202504029931493
-0.0947134302971695
0.7148271315187054
0.6436229123517669
0.9468166989352294
0.32598463966384705
0.03509179385641081
0.13786550498858707
0.9123421023258762
0.5176479795063484
0.3241390062259679
-0.7158679496710219
0.08170618353605219
0.7745317800849691
0.013506231190922424
-0.08224445142763681
-0.7418692874883588
-0.3975349515309241
-0.7473089016727499
-0.2917147267827147
0.25463138488883397
-0.5567490493935376
0.4778403453268396
0.7761066792918894
-0.9162375874029309
-0.6584444253408479
-0.5528607327959327
0.782016096584748
0.710584246548511
0.867849293969277
-0.3577833519934983
-0.9870845076653474
-0.1387432741509642
-0.22389294322247588
-0.44338424823564226
-0.8092660663759677
0.6617109004049304
0.8214115061011948
-0.614821171141213
-0.9592968431281552
-0.07606432409833541
-0.6219892694582918
0.12863114016907495
0.13876320800998831
0.3923373939236001
-0.4919296977881207
0.7184168200395997
0.23693969583656527
-0.38054639925820233
-0.7487272136066345
0.2725208901565692
0.3850788727684169
0.5027744888955707
-0.6556318570187856
-0.008282866516734932
0.09636274431042202
-0.13900976842808643
-0.5451246086897632
-0.2801674336071083
-0.5554759703485874
0.2900981158136029
-0.2397179510431373
-0.9988248249784504
0.028689571430256855
0.556607078607094
-0.10569897043133358
-0.8575376464268949
-0.7689617024452371
-0.707391515715512
-0.15341325521762528
-0.39626912631790945
0.8784507722092829
-0.8236828622730958
-0.016446412360199503
-0.9986371587902525
0.4364291878961293
0.5497795406389383
0.5687399209542603
-0.6411966350324181
0.09782738749447861
-0.968121854954292
0.08068017752147694
-0.5193949464963428
-0.7501843435625097
-0.7804876576981989
-0.009209007543155234
-0.10108403111844244
-0.9329936448414677
0.6588846712848302
0.12209812832242717
-0.5223529629561514
-0.1909028179598482
-0.6077261125841222
0.5472855399924501
-0.581414502785361
-0.25608057345376145
-0.6023161173374327
0.6758363126934321
-0.7298538305142404
-0.7555469970781232
0.49955046657420743
-0.06194950711374814
0.4789545329100531
0.8147414858298678
-0.8483981389812292
0.2340200401450121
0.6156098886290209
-0.7481743149957671
0.6619390544800978
-0.04942291760378259
-0.48827452876387545
-0.13035841435724893
-0.6866836510250811
-0.38593922266302494
-0.7261252626903527
0.8276725377428846
0.44174973282194485
-0.28025120813622517
-0.6345725844541508
-0.48244153095575615
-0.7517326958675183
-0.8780240768999703
0.5143263573559187
0.3401718402280156
0.6859698007726978
0.3979387328107582
0.3123426152300546
0.9025994092368768
-0.2899144287198179
-0.1110832839524658
-0.20878120185082594
-0.5759008562464663
0.7407009734930337
-0.20845889084096036
-0.6535955982596295
-0.6118286574887486
0.6478642189611008
0.14419740959087157
0.8669215321875448
0.9193128451611059
0.006121952873829439
-0.15437451074420672
-0.5498769515265574
0.004774246689738915
-0.466444860998386
0.4425224939345136
-0.15072252707571887
-0.35117265788479335
0.5615805709335844
-0.6409922394994243
0.38870730382051777
-0.6275949583570146
-0.11787696458511432
0.30020453429121674
0.5493807043186172
0.4043265856111842
-0.4139820969557255
-0.765269999935936
-0.9806566104756531
-0.9035450235119278
-0.9897561242174309
-0.1353958216282316
0.2192414122679769
-0.3045722252439311
0.49332708348550813
-0.16921572505848625
-0.4220622173678654
0.7508523985886657
0.9714146990609456
0.36325007204371906
-0.768783717551422
-0.08063160711483897
-0.04608088043964775
-0.5596686021338373
-0.32997359553293526
-0.45339236577481024
-0.47398655364805053
-0.8862557765757122
-0.9607059691528164
0.24655525067390216
0.25575328094309957
-0.4010686767937366
-0.6860859986461625
0.3855485980575426
0.7270540093769529
-0.02082780084612157
0.7154921078492393
0.25313735347800526
-0.10688891499118558
0.032595643091527515
-0.1340284438743644
-0.19999639487049303
0.1318938142377628
0.18396286696999664
-0.21866228009174393
-0.6780812402257996
-0.12967674060509427
-0.2576262012783932
-0.11677997366257031
-0.30303835737540163
0.3659297426973913
0.3323226574771263
0.5287674400228426
-0.7105879038800131
0.013798704962871833
0.3371832942750008
0.4814778077789157
0.3687182928334771
0.11302809428198435
-0.4862906873165862
-0.6805149878223362
-0.026216923985174834
0.645644085120721
0.7453735394370202
0.34818003915859186
-0.4603529094822607
0.4697056662914576
0.02508375317164213
0.9376598951756812
-0.687266651596766
0.8481498398556901
-0.19606671329250225
-0.3771956474831848
-0.9342142663191528
-0.6212104767418121
-0.5211373523664196
-0.5541238641858388
0.4729116225896435
0.19869060719771903
-0.20984190883260334
0.46803675363997477
-0.21359343379496498
-0.3812208904028731
0.8358192397526782
0.4528410132451466
-0.836756511054745
0.09948624236043213
0.5057797927363124
0.9537770885675951
-0.17567496835414098
-0.8203337689561936
0.14706360671884888
0.8971084291985691
0.46743668328048416
-0.9916421128680719
-0.8501589018763163
-0.983876408779919
-0.0539488551901921
0.03164801138590856
0.6438231827951337
0.24955248702636945
0.9760030672958457
-0.6139471782956225
0.3618350302378648
-0.3626811688009961
0.44126955350621566
0.0050589906939289
-0.9783641074516092
-0.004809137047458334
-0.9167718692507076
0.4352403641405376
-0.86828478500324
0.5366583688021471
-0.033548619320091566
-0.2580234231119327
0.8092324650706295
0.5779449952962008
-0.12648096822855037
-0.06916214286690114
0.1499064954385454
-0.037631918404254616
0.20562194696898595
-0.8260913175917357
0.7192848336448634
0.3271262780378932
-0.10651005948460113
-0.9164228787862108
-0.34551479900347526
0.08708470652416311
-0.455837064190487
0.9137762480967144
0.0702674353979249
-0.283613639170746
0.6666947471622833
0.8532870452953247
0.9652247357161381
0.8974465315939326
0.8025408707469641
-0.09158483168076637
-0.07374583585098571
0.5448949246976205
-0.039609319817970334
-0.315295989576883
-0.39207300984447224
0.10478725209235495
-0.12125848074948786
-0.14862832562532513
0.5957991594677432
-0.7597727347625547
-0.9228329331139498
-0.663019468371091
0.047851630964523606
-0.7225608535447567
0.05468181463278565
-0.9515457651558132
-0.5497115676686699
0.9416353277645999
0.5827477039024955
0.4368099968022958
0.8571162620570942
0.967526629880719
-0.6241553603084002
0.4395153530299212
0.7606997445936219
0.9605231626254933
0.045098154756273656
-0.10255799758969042
0.9579532637653196
0.7595682865792839
0.46007750155006555
0.4470610033173614
0.5009582534604546
0.7412280992985845
0.1307848231624218
0.9361677561920267
0.2678065798584228
0.7165487545416775
-0.3915332405882834
0.7256665107993046
-0.5136257500818557
-0.3612781906046836
-0.6673257787319407
-0.3921698429293712
-0.8804751808215354
-0.6210185273894413
-0.47415655724775374
-0.4990930295066256
-0.720172739712543
-0.7059373345683697
-0.627604509442041
0.0149687009049011
-0.13155318253920578
-0.9102142864297178
-0.6551785345683581
-0.04351676275582994
0.7974706510623437
0.2555043202582894
0.8454862190913499
0.6292793414264874
-0.15780839015864712
-0.767971566355947
0.714720679051456
0.542924837222331
-0.599985333320973
-0.16080775364896183
0.3530666441530026
0.5179920993636951
-0.6914793298142481
-0.1790689758823376
0.1259099944328439
-0.09223918607648929
0.1505237386024476
-0.6130923073215568
-0.3590347954197588
0.047153479470715576
-0.5046971943192871
0.7896322901554558
-0.2049071191897356
0.6149828368260075
-0.5703358305632691
0.576002754039908
0.543517623388988
0.8035600891706443
0.024137235263538503
-0.4492640873464855
0.2403816894416657
0.8365310726840891
-0.5744705782312727
0.9814165573917171
0.44091102232823776
-0.09355941781052479
-0.7287298202188377
0.08377906927584089
0.49704316739914667
-0.7623501785911593
0.346859906808922
-0.4020510229775427
0.4370716655724165
-0.5054410449861055
0.36361069472113194
0.07784239895977718
-0.5165044439339015
-0.014332600764184633
-0.2871981107779711
0.8004325145264657
-0.26469799070075495
0.004112048221824205
-0.9654477494275693
0.4258160522414105
0.9267677823192202
0.8198175190127059
0.6652871890317369
-0.2133777137370807
-0.3544356816597245
0.9451142956646428
0.4934810787148043
-0.9031497685171592
-0.09180158794496496
-0.30711127024178286
0.33944389868737823
0.7703778755694013
0.20296456932276064
0.6656297105078239
0.41554061119538566
-0.8851688679596124
0.28706781962208305
0.16465660352545686
-0.12535901937032312
0.669325416557333
0.3429532869266385
0.8025920789864536
-0.2882592806744213
-0.938798597331175
-0.2281536234806305
-0.5992333967872923
-0.25640140316627
-0.1757992394564467
0.5472210472338834
-0.6643927166790227
0.06657391025654236
-0.6165300645989418
-0.8555138511003764
0.17676950783852163
0.747500086864685
0.855218102404484
-0.6473131703984656
-0.7796427565439619
0.13325759265495463
0.8161955067481257
-0.35165910406396517
-0.5291478829649954
0.6458779511577937
0.723629462605444
0.8765289862095409
0.9615786026190172
0.09651262474215105
0.3026671041700124
0.08292991316690301
0.2511774108975775
-0.5773365433914157
0.40836460288921517
-0.00027438491737785675
0.6082853258484417
0.9409415513339836
-0.47412747037306957
-0.8464373084803483
0.4447268997569569
0.21578875680861964
-0.06429860732056869
-0.6753035953518656
-0.645874026595735
-0.307685334978979
-0.9403701630368524
0.15665805179824854
-0.8927095627896422
0.34242880143289556
0.6387834261303704
-0.3310792659524846
-0.7083879615635131
0.752331153906945
-0.10463120012497518
0.760356485549669
0.7705127828582046
0.6513938255159628
0.37561498555184114
0.7008464369045553
-0.40496304103567193
0.6090667485792922
0.016248402524721595
0.45400276303598575
0.5504756575216037
0.07666193590938164
0.552393832366967
-0.3673945453086269
0.39963019715085824
0.48248924981563857
-0.9606407428116832
-0.17031117377145577
-0.014389139681332264
-0.843590852063439
0.30227260459036187
-0.08366523101009982
-0.9336289292349655
-0.24124560147522578
-0.26373437976028646
-0.3131113484319672
-0.707715506711805
-0.711179905239312
0.9408599927677388
-0.7532675159311493
0.9284506193773014
-0.15754897322736738
-0.44918021457463664
-0.11600416964161453
0.5414178362463158
-0.15856370747657889
0.9842639084000111
-0.20765272934100176
0.3631270352805427
0.6145310780120727
-0.40296172500960115
0.2781378333251425
0.010147419818727021
0.07640693251558694
-0.6666033323970049
-0.7644397915035526
0.8103216322325315
0.9929896566360243
0.16362387240823106
-0.2420851900355676
-0.8349052374045385
0.194522084061866
0.6225486918824326
-0.9406284193830685
-0.7915921209981067
0.4623087099796248
-0.5574835384566457
0.04261976452065386
-0.40367020182834246
0.6741606708005059
-0.5466082153123659
-0.7619405438145237
0.05729879125793902
-0.20692598387625027
0.05968473599424762
0.8618914168947878
-0.7392568393184487
0.8019748071009354
-0.4328732009620706
0.4116430515053777
0.4069873882221804
-0.30751508685882856
0.41824530501171897
0.7793178119271891
0.5082998959182448
0.6788800561541262
0.32672177410738956
0.25957257647456333
0.751796190810516
-0.6951177018758705
0.8120740095753944
-0.6743570662748852
-0.39668973258053897
0.34609690026125817
0.7079081206829616
0.6575685309352868
0.21010474512176036
-0.8188244334068984
0.05418440775417288
0.6458556144209826
-0.6962262645707016
0.9898004591137208
0.2790891364916175
0.021024927252220937
-0.8237506855068129
0.6012959832312035
-0.8990162784534039
0.41240657320425167
-0.9501889990904606
0.9920937003311447
-0.1026710533777595
0.5686379545210138
0.4186415464900659
0.23866544270918655
0.3690728180890559
-0.6044660307361474
-0.28354289826663814
-0.5048301149641636
-0.6480338906854692
0.4396179634433388
0.9910002033143619
0.813997923726675
0.060119326445146726
-0.4046133732174426
0.9654781737669687
-0.5073425652009314
-0.4259723377772633
0.5698566421157953
0.6141168467211158
-0.8813963042070332
0.9192105119878689
0.8501190109517416
0.9750464058272634
0.7542450424640694
-0.5417394357460326
-0.11127506905201345
0.3455161467516694
-0.8265571542985344
0.9440278503737649
0.48032978878345833
0.779130009672754
-0.8156606104280761
0.7731999414229547
-0.10763405115089375
-0.6967512374960745
-0.8227465649170278