0.9069941316679784
-0.8849215154253856
0.09135752514770124
-0.004492321432364665
-0.6003635651248256
0.9057824519412709
-0.5816129427359729
0.3896724548049977
-0.6901840448132934
-0.5946864064448447
0.4585516101404281
-0.48774074954887836
-0.4132785988960683
0.2313269436594536
0.3107067390035445
-0.46876069323789626
-0.9253018885277464
0.0827568035727233
0.048058151267510896
0.7349681985890766
-0.9852325086960108
-0.6837073737644817
0.4987429547065636
-0.9577203293390446
0.004789963559756583
-0.6850155568025507
0.20769774766920324
-0.13896127802614355
-0.10824066854224235
0.11834413340753547
-0.42675868799081007
0.6960164416392789
-0.8977425497546496
-0.7577793421917278
-0.28363645415932126
0.8567008679122214
0.20000966902882888
-0.8025936005147565
0.850820069194574
-0.21426485335800938
-0.5914381082228368
0.34250736348368727
0.6211424954139078
0.007859317052676396
0.49064457572076403
0.6550765684392781
0.16525901736577464
-0.2965003807306321
0.6619036191016519
-0.33270249233385374
0.949039320428456
-0.5220425624844816
0.25086849566528624
-0.9284441442208111
-0.6672786227596899
-0.43070377981342234
0.2391406990267304
-0.9882066694707858
-0.7287787137790147
-0.7683717739832465
0.9992788962752184
0.226979142677598
0.5872316051001565
-0.24790674078327268
-0.3991209106009199
-0.8192227499319558
-0.8017740527625135
-0.2376974475206184
0.43152079976872026
0.6684848441726285
-0.6688776833578476
-0.46075788902448345
0.17217815285437843
-0.5057704993847842
0.9338599636303369
-0.6724967898355909
-0.6456809512458994
-0.012226375212353924
-0.4829425795421143
-0.47569821267924506
-0.35510608900815566
0.3933744570368789
-0.6083028167798075
0.7606763787775812
-0.30855990222279117
-0.625628823307478
0.9652932492974313
0.8935241927803215
-0.5736991437933745
-0.19550744463554537
-0.4897363227776772
0.4245573907184186
0.03753440915595996
0.186318829524025
-0.4510090593282572
0.4671167947414079
0.917472079069712
0.4574710446007486
0.3127283098069551
0.08684301240259384
-0.14476517486392426
0.42261099248732736
0.21207776676016388
-0.5535192276425693
-0.09846758015930712
-0.4865843754558934
0.8703787096142206
0.594976765532605
-0.03470632808222085
0.8741367232918698
-0.83197324268352
-0.5216809199408079
0.1492504282285263
0.7562031847224424
0.8120128376525584
-0.9872840439087525
-0.821549554872234
0.758279534081185
-0.25506571760281527
0.8600449171849454
0.026877208498272243
-0.9601456729151865
-0.14500077747709827
0.8194199168501155