0.5294000139103228
0.9455544586348072
0.8119846879658006
0.6833759395756027
0.6549841594910146
0.17865356601000615
-0.1321399883711314
0.055956007875241465
0.6345168499840423
-0.4982987041266891
-0.5838570542196284
-0.1259595170388501
-0.8310709785583716
-0.5501682829393313
-0.034826259101835344
-0.1918525661992918
0.39956169287862986
-0.0922923567104259
-0.3452945767326081
-0.8813273948934286
-0.506392981335003
0.7972226483155083
-0.3494640707167631
0.691306728018986
-0.045124864476566495
-0.38822583827656176
0.8579932413039149
-0.2763059045250611
-0.16359190501090204
-0.010849470780360138
-0.1055822826333015
-0.5612226256777524
-0.24672923169103433
-0.7228098190334737
-0.2808176982459112
0.18510898565689526
0.46316819787886154
0.13575198674837385
0.3379933930727208
-0.4072818474680737
0.6622550953847237
-0.1499990528326658
0.6796355322541248
-0.37736657171249277
0.5129258397617673
-0.26452154106911374
-0.13270786852463012
0.1206782325377509
0.04986865564295573
-0.508463850687022
-0.6504839486751106
-0.8357185673994405
-0.9975062916877149
0.975469763879601
0.5779441575519881
0.72556520775323
-0.06374144736796117
-0.0006059351933238588
0.6916515913467702
-0.1514053501994761
0.9785303473832909
-0.2416730755561438
0.792844504756858
-0.43532739348438354
0.9098665719864185
-0.7109865568598492
-0.7306702485953418
0.20030810331340132
-0.6173789366612936
-0.14737011852333293
-0.41535147253664273
-0.3551173398422873
0.910968743550139
0.02031597942543395
0.7118313398499838
0.131960940167148
0.33744414361312924
0.0027897859066043917
0.05650322254959095
0.4689022761628181
-0.18240491611305876
-0.840287331929489
-0.684388807522577
-0.26852927275409555
0.49408131699894087
0.5554733719094813
-0.1365305894546851
-0.1265659919630946
-0.38509234394748226
0.7666502165660083
-0.33096147919633756
-0.48623011131714544
-0.7957377160646111
0.44580751894773885
-0.0639744606438164
-0.9042100027456972
0.47101791249034597
0.4860598076007381
0.7912893582224105
0.43305169641241514
-0.8042101111465774
-0.2413820686600998
-0.7934741031119459
-0.5749319988329842
-0.21995524696257118
0.9523610225996031
-0.4514848366099662
0.8920503212146422
0.36350068935896096
0.5493568363632504
0.5677625894213563
0.22020226685749988
-0.2763541933524938
0.0708586217968008
-0.7605941703862231
-0.28432600964268295
-0.6511749387370929
-0.856124048372606
0.33358249840264276
-0.3914318482031758
-0.1204494677336414
0.15523114219437906
-0.04568128298775376
0.19152027699421126
0.5804447198701062
-0.6280174221608168
-0.34380202949298155
0.4048206253560196
0.9058686421600692
-0.753362681367282
-0.8516228678341868
0.013303486488908778
0.21524210287042367
-0.4187976210259938
-0.2602521488890337
-0.6374428315621652
0.35692405841086594
-0.2289455088833423
-0.05269588754156018
0.6195165096620296
0.37662732301434443
0.8656074146595387
-0.9897916033541396
0.22651971562944428
0.6206964199714002
-0.14147186475129492
-0.9828529201681411
-0.7402805807732569
-0.3600782736707351
0.043349059805569246
-0.4244312828833845
-0.8381085956443224
-0.8701651400063024
-0.9963212270294914
0.8508625886809535
0.8964281438964812
0.8583695244016585
-0.7264875659568091
0.6694676748020958
-0.43504835177165013
-0.8771442788473691
0.6262245987114143
-0.6684170703244319
-0.9578759674900716
-0.35431828625200734
0.16424715119895827
0.6380801175112758
-0.09323071229076518
-0.06489081983997536
0.011923511925394203
0.2799149532004015
-0.025770399353695073
0.629686937066523
-0.9284373929732754
0.4624700880496979
-0.7230662753628798
-0.2221893843207161
-0.6125770461741549
0.42499216144250607
0.37665702176302696
-0.9997768960171833
-0.22983783507125688
-0.9795331580099955
-0.9505970201463296
0.3403137114958945
0.44693526300200515
-0.1892422820320221
-0.5129968357422261
-0.4161877220373773
-0.17016534595640032
0.8708389388859825
0.7425687572364086
0.7804790449010952
-0.06284858683445704
0.5368189050626382
-0.9458031901853319
-0.5888118810225746
-0.8673163397755412
0.5851171754031783
0.6066256496701621
0.4010271255127289
0.15984712099448117
-0.8158881855832962
-0.5069959500656553
-0.22538091452389986
0.29375554905798706
0.2738689219462125
0.9820861381321737
0.6488213802926253
0.31694482903826726
0.6595519791129358
0.4224064171572879
-0.3685850863676632
0.43910469983884504
-0.06811733184034785
-0.7033844154178275
-0.36116372514572204
-0.2370107455670405
0.6120968333433474
0.8509284254458522
-0.4053579795055582
0.8769047766541203
-0.37216656381208013
-0.48230747743435587
-0.13697100092425285
0.507096852633659
0.6206083800083626
0.8297730865954429
-0.006724593474116913
-0.923347724853451
-0.5874703931981617
-0.2715511507172368
0.4700573388366418
0.15797811841586729
0.5767002303306596
0.406708729822548
0.5741519552753835
-0.6222277416208413
0.4368727127845491
0.1504344415233716
-0.7598093964233776
-0.16308627544403875
0.24237096008821912
0.5806163017815391
-0.6487983002219113
-0.7819808804195996
0.0726546824003036
-0.989860232356246
-0.12632110711132594
0.6714282491219223
-0.10397083272350738
-0.6108498178536768
-0.8995150473124693
0.4576230640659231
0.34428978183223324
-0.376840734875852
-0.3096270972863153
-0.44501485580776623
-0.20463895706516388
0.641264807121372
0.8567408021619147
-0.9034275350852836
-0.28110372954534246
0.7276745585613593
0.47487651558237376
0.643508630702893
0.759986416436421
0.7049325639351975
0.18188267382213796
0.2468919417125377
-0.7091012385070343
-0.3694146753924774
0.781733564632416
0.19130592112779143
-0.8642024245656679
0.7675199036864346
-0.9766164413727081
-0.68162281374499
-0.0786710731517628
-0.10041455782528375
0.8025238964130821
-0.2792782974552457
0.5022797508122214
0.6950591040356162
-0.8996142727530094
0.7700902868061281
-0.20847762331893538
0.8409869301079498
0.29091810526108364
-0.5716142038644789
-0.3746958356707011
-0.447169855877096
0.3861676303788695
-0.403954905741013
-0.19898784653327484
-0.8126421870953067
-0.8221168885106711
0.9274656696676371
-0.9063494820215559
0.5825695328196894
0.8411815246412999
-0.2937208884199505
0.7286651094155481
0.19721909854995756
0.9147635160500209
0.9277571556018096
0.11447396359373818
0.02290240874249183
-0.28305237518865956
-0.08352030752844075
-0.5094203722937238
-0.29851179473079914
-0.13322000359820874
0.8419571145126934
-0.5074109051495423
-0.7110455382853449
0.6464570307981281
-0.09064156525697875
-0.2645297393291872
-0.21193531110555086
0.7663775966178241
-0.21252456720891777
0.46639535450156666
-0.07034271955569937
-0.15536892931050805
-0.33156357881096143
-0.14432887030345976
0.3307418062949199
0.6010634250518239
0.3166472174497692
0.8113898164331248
-0.15412328504441142
-0.7707753805718489
0.4818128106343116
-0.8299269541088548
-0.6399903045394293
-0.8762306393164343
-0.14809598057519646
-0.3929959728413559
-0.32721827232304834
0.7211109737142236
-0.773615261916115
0.46916983034518855
-0.6692318915195741
0.505222650066814
0.8451603918332127
-0.2820224583392483
0.18651088862722753
-0.896603319707332
0.05638379651493608
0.4958842298396886
0.646949217140592
-0.8477152574638676
0.19868766801396975
0.2473836902991451
0.6577914583767126
-0.24105996027646115
-0.320237948695532
-0.7402885381167603
0.41866459265265865
0.7292580053987439
0.008414359975403851
-0.1151034432237672
-0.7439770437918389
0.243707773329223
-0.10102199611280138
-0.17601349581818737
0.8767961200285515
-0.9098097785271526
-0.6741029621743522
0.9694373630215041
0.33050106094978116
0.6863776419151773
-0.6795359021297178
0.4894251611921516
0.8822741193621495
0.08607290046528404
-0.782679039526069
-0.2505747141304493
0.04300250653183868
0.32020374970745036
0.5959805329549652
0.21260401466687906
-0.44772527387553596
-0.9281381353021589
0.41550350636737
-0.9238895715747244
-0.1761766399931095
0.1640116897619004
-0.0341167491843859
-0.9167860472695872
-0.40653801265616796
0.38356329212194007
0.07335011789613977
0.7800027420693776
0.4657349751774231
0.8697938448262978
-0.42490741309375957
0.39353704103274256
-0.1866122404962438
-0.21848741218892775
-0.11783653689179152
-0.22095061425786677
-0.248394479688252
0.7395648654569191
0.20947631812963707
0.37721029633873937
-0.8318878228542417
-0.9013942196258464
0.6237142091269448
-0.8721035666773107
-0.823002397026706
0.8564089559703334
0.4967276135493295
-0.9780814677973158
-0.3550393048335685
-0.361066091503226
-0.16384172806357844
0.6219468984067571
-0.825046379862461
-0.0239722359167871
-0.89799823347738
-0.8921348065067465
-0.9606107130636363
-0.6982529631513419
-0.2802754598060142
0.6455006752389527
-0.5847578263702906
0.8799675472803521
-0.44913529849043576
-0.9143917990231514
0.7811782255038422
0.18805159337248734
0.21451415129118856
0.6530364934044548
-0.10275701350943289
0.7628564373902051
-0.9773360516420637
0.6253116545832387
-0.8020923292425179
0.6715078399569685
0.9465942727126946
0.9298434669527584
-0.17248328492573428
0.9192822615195595
0.30539100876911696
-0.34408913712510314
0.21469912950974956
0.8441348162565898
-0.3564697406815931
0.08849767773177075
0.5138342468305799
-0.7848521445242647
0.3312192221396304
-0.8126840921963068
0.8529882174646333
-0.044541320541493956
-0.14182003660766318
0.9889188953168497
-0.8076246850038895
-0.820777559534285
-0.9156617134306191
-0.024189517737288613
0.6099644955462951
0.19602884372555662
0.29538011461569025
0.02312669944387502
-0.8833885125584962
0.33962715181261816
-0.12300618841147526
0.9266109161837781
-0.19942604520762441
-0.4422519214474083
0.5151060414380726
-0.36885958062754964
0.08286212209925803
-0.2758482831565805
-0.5080934398867671
-0.6759918342426126
0.4745811995628382
0.1868481032404794
0.38184757809826864
-0.37005521048230583
0.1037422569414661
0.5930469211765725
0.09002999787794419
-0.46342429930732854
-0.9310915948245213
0.27731299711660684
0.5220403580861137
-0.16311656524652896
0.679873473901556
0.004222484148273864
0.7783886979238532
-0.7907099019710024
0.0028979042024703805
0.43117797350298637
0.3271876856883895
-0.434402646478083
0.8738182578099887
0.14576175025771998
0.9661412467118766
0.4676959480722296
-0.06191235273347795
0.48316457701183
0.970823533092531
0.7007200485917762
-0.5154518568399549
-0.3824447144544896
-0.055631856191021845
0.18164611305113199
-0.9805074433851857
0.6079858119308863
0.1276997149928072
-0.48688961891201776
-0.7660340178342331
0.8042355034140536
-0.9757947778063099
-0.987755866061329
0.7448881855393135
0.048731244729223855
-0.3318589805003338
0.20887455032821278
0.6457033923167761
0.6410851344119464
0.6600413461559058
0.2860666433431063
0.16233859494289726
0.6696727557444999
-0.15086524032324533
0.2790475011734259
0.6184190979931534
0.5331751847931934
0.6774126477901266
-0.2923485125634051
0.020523843691685695
0.8891661588391264
-0.5899799826140388
0.3392281319801611
-0.36919966544873284
-0.8837278167625751
-0.7430566276041515
-0.6908060028146441
0.41779032428935015
-0.7571070022305777
-0.22449566053006897
-0.836410759747833
-0.21060754699395412
0.07153541592017443
0.6085200156394228
0.6642441956995098
0.005015235989694444
0.09389629126446497
-0.3066503659241666
-0.22327400454646984
-0.682646826716738
0.9660760171159357
-0.7114971854312309
0.9139733466497026
0.649781525294735
-0.10532981331394708
-0.4274720425060896
0.119516296923867
0.4638438872011781
-0.4287924329618771
0.8721217801181407
-0.7690775761354771
-0.5059489707676712
0.8035829214420844
-0.338208907316333
0.7721936389877588
-0.6863110804227481
0.09318358260506332
0.7711447415109312
-0.25334712952209304
0.65461060661496
-0.8284974766060786
-0.23890438360697042
0.23114370957810992
-0.7651472720720882
-0.20562814611732372
0.8486077921568254
0.2705534433388288
-0.05839597009265329
0.3702547185668106
-0.7203187220810041
0.9447999581271824
0.5765245657806541
0.9170387106769267
0.8691798816794805
-0.6947657628760682
0.42915793977024075
0.06065675394173664
-0.010935110806421955
-0.6981928087822307
-0.12063021713975508
0.20572247774092367
-0.9349876961012189
0.7215618792742895
-0.0438428991226707
-0.9088152230558553
-0.9834054916326045
0.834301775394749
0.8301123547412297
-0.9646621961089483
0.9715507866621733
0.5858833945349986
-0.051586073875663496
-0.03242888362104224
0.6748785395928054
0.5369478605354685
0.08048666652402647
-0.2357987057205262
-0.1981924277047622
0.654408873631591
0.13125898417218873
0.8592283091816004
0.3221833242666554
-0.8765587846648359
0.5334405422903603
-0.6833266306476715
-0.8451983393130933
-0.39597459644067445
-0.23531292381303537
-0.7384567056337907
-0.211544878572953
0.31442380097551714
-0.020004505659968252
-0.2479784363298405
-0.6448323005829948
0.30916853491242
0.8458061995977004
-0.2067097957337436
0.5406942908311503
-0.14823554425006025
0.7572313773369737
-0.8420981704428001
-0.7235692208711051
-0.5513746502837453
0.7246626561720564
0.012335121974900387
0.1420593465447686
0.8037737665556293
0.12012783720780962
0.1150603528990104
-0.3022326329103744
0.330953193938363
0.26992995800424247
-0.6984160251412037
-0.7401907436913586
0.10506028910213128
-0.39492882080578107
0.14242682973449505
0.8720115673004567
0.9631491645038801
-0.5791510178743944
-0.24707559467174067
0.34954173187512816
0.6607830391794918
0.6045490200752257
0.900693578629187
-0.2776317679700002
-0.9031418570298599
-0.14945960840517825
-0.3166783938577329
0.2203967050189184
-0.2667890556968966
-0.27523145543447103
0.17767496349756473
0.6521186288216652
0.5612637873627602
-0.573985890327348
0.6891598213542356
-0.25101892601205744
0.9705053731556779
0.033157337886958294
-0.3130968859026839
0.09241348899904156
0.484324270125593
-0.059997929017371554
0.7610665218861188
0.16298988919337654
0.19802877871418034
-0.7458652517265958
-0.8460473921361762
0.8373949409242669
-0.9230771086500984
-0.5119808105905312
-0.8582597774191085
0.12467182787276898
0.15247966546693537
0.005397368458629037
-0.7298857331630302
-0.7732976557588322
-0.3281596286647446
0.19087536433933927
0.5691388429457389
0.5832136373349524
-0.6727095333252504
-0.6185265350247386
-0.9131355817041551
0.9910225174206835
0.9218382053995218
0.41112768668752975
-0.6860026000249173
0.3963884431030691
0.8365087358491121
-0.5259917513255532
0.9212372208361179
0.5184312885651579
-0.25212207667879816
-0.29756691844798056
0.873960918974829
-0.571249026842064
-0.9937298006748854
0.6481167567718447
0.18920615715111255
0.6851548282969975
0.872893296834808
-0.7558293149671296
0.02503120029383754
0.9192156179814774
-0.8848489643220554
0.17860046915647843
-0.5731139382089949
-0.05170809731041692
0.10946419190771861
0.6346328876877418
0.9761645488352222
0.10125864592636491
-0.5288405860463121
-0.6744038435878457
0.17160470525920357
0.1899795450419901
-0.7987278869857384
-0.4012352836908628
-0.3123036536270247
-0.9076250684360196
0.720003275371095
-0.614425292784001
0.39521153111932117
-0.17735525800415686
0.9131720016392897
-0.2901970223419317
0.9204554488245653
-0.369692183329944
-0.40750405349728447
0.7655445445985625
-0.12249763613171805
0.20374260388760157
0.4195455045640155
-0.46311943999009375
-0.5852605467070171
-0.3813793998740269
0.3432765589144888
0.10289090026866088
-0.7254235263942286
0.42262444740033467
-0.5966222789634625
-0.9683431232723732
-0.22153726820735975
-0.9885234728017922
0.8395711070845806
-0.430028213237867
-0.25298840468453854
-0.6873059030539834
-0.9447021960178317
0.34865827758234036
-0.6364577267798304
0.024031588632398515
0.24590120220258171
0.3326589717645547
0.29726761109051925
-0.9285359065348415
0.9199470012543158
0.7762083673541804
0.8291943364791214
0.13545613468996454
-0.6974369815727195
0.14286318732682757
-0.369592376842494
-0.18298888705622662
-0.0776732439605925
0.302391225849139
0.05083574074704433
0.8946543056902854
-0.344536115223413
0.28064088756250793
-0.8853427994609024
0.47792501833793044
-0.667624018244724
-0.629573390375723
0.43427337961395107
0.6289589884444919
-0.8587876054128454
0.4691297691682139
-0.8876122611267523
-0.27192398454642674
-0.852184553872896
0.0798463745386866
-0.9299018070865033
0.11835172791294535
0.195397903606231
-0.31846267606773604
-0.182343939689936
0.3250110450246224
0.9425555685028486
0.5716502994914281
0.6840953616830743
0.6934684190479912
0.8965553579101553
0.4426832659115467
-0.3794626873642555
-0.5024118752843496
0.5478447436606151
0.786887261538914
-0.9775078385115976
0.7443706313208165
0.7372015434663066
0.04743675274553971
-0.7106760282301976
-0.4337446009512149
-0.711798933978619
-0.8875331166970846
0.3779542416988151
0.9633958226951145
0.4754055270803972
0.18285039997852492
0.9526523800613884
-0.7813840840570365
0.7361488586053921
-0.4007167582605149
0.8923629008590774
0.14288991475565216
-0.3957467222094426
-0.16437471614456678
-0.5359985947643535
-0.049128573830941935
0.8754313241265224
-0.7024579620402669
0.4504002700419203
-0.07778142522824583
-0.8353208062599382
0.7430488164669962
-0.8227094524180614
0.6412344928346139
0.518894355150116
-0.17496866298199354
-0.22778666025751715
0.1801231525782403
-0.46208945227358256
0.5739825966614089
-0.32501563183723925
-0.1795328217348775
0.866065206207735
-0.9389036485186404
0.5537531324809275
-0.6403450418024652
-0.33300418265770215
-0.33177997735496545
-0.5295716050831185
0.779403308851776
-0.6883314340400797
-0.46819167828193
-0.6480441440159315
0.8353093020194586
-0.08332306459832184
0.671376727727155
-0.854425537957143
-0.45985860572104453
-0.0793309378745446
-0.20707502139677025
0.6958471822240946
-0.7338103728551177
0.22007698212376936
0.34699408859195535
-0.8693033428689734
-0.26041856222801574
-0.779775686160159
-0.9000409537130896
0.29307206915731565
-0.37267767734317836
-0.9147914404214883
-0.4804415057553626
0.7029137342017593
0.8138198235952252
-0.05739824758851109
-0.0724492743434304
-0.07003540416892995
0.5196913664317462
0.522719868259951
0.31869764798243705
-0.6840588602761961
-0.24516956345232943
-0.11358841606109626
0.34067955903346525
-0.8787207218335202
0.654268005801824
0.027833162538907885
-0.9278089674339047
-0.3245707036590979
0.7309357980089595
0.9763490601467679
-0.04354872212533434
0.3984392788709321
-0.06930438934043437
0.28648211561716885
-0.7439712071739073
-0.6399099166443978
-0.7209381337165117
-0.49461717656602144
0.04231736050475954
0.35150489071667956
0.3821056782198593
0.9998499686168676
-0.6192712707801111
0.1719431890401708
-0.2821150674594781
-0.10684399039658321
0.6669650375863794
0.5728059321265444
0.0024448590195840225
0.3597381253203715
0.7064262580485348
0.34128514155734235
-0.9077376666460448
-0.43243137113487395
-0.310321348083628
-0.7749626835826033
0.5850992282033396
0.626846326609745
-0.14090081634006046
-0.7478795991485558
0.705097287971368
0.3603737363060555
0.9671595882998827
0.18669708923926565
0.9943190525785941
0.5567141046590207
-0.14496596270106354
0.39831598281675973
-0.7273482454847571
0.7205096389601326
0.839059119140777
-0.7175618656661757
0.09520047255978525
-0.7817253466195808
-0.1034864337602095
-0.4106309360541762
-0.44162122904233336
0.04222289080295272
0.6042766994457469
0.3079143361195893
0.4154991620686379
0.7319441000614864
-0.5837695820706132
-0.09123385970475639
-0.5358424773041666
0.9301360479008447
0.652315310695678
0.9543521813752864
0.46602543998948276
-0.9285965418742794
-0.19641483875764654
0.1138642454899017
-0.6702484106621966
0.6051255994216258
-0.0038376626522607094
-0.39782140735170235
0.5225349773518397
-0.5355927683328223
-0.24244393991634094
-0.4792062648063449
0.8226191479087399
-0.9147135520666398
-0.3014632203192753
0.6494844636248622
-0.3195474788452035
-0.538766415653487
-0.771826763429623
-0.09710022012842878
0.5533215097156454
0.6981883304680387
0.6523720772088317
-0.1854316337124362
0.025248660368440756
0.6708363878948702
0.023871017435618258
0.9488001121700278
0.7189585135265915
-0.38573671824799205
-0.9594867022219657
-0.48915941787291417
-0.25927360698675606
0.4131692239888549
0.887516233016532
-0.04334629257385236
-0.7655171044709708
0.6561600865876278
0.4174740126129064
-0.5595176670957906
-0.5800205386208521
0.5938447180364355
-0.9411779669240008
-0.8767218428759929
-0.1986125841311377
-0.5237084160073642
0.13375672894877488
0.6265068357738861
0.012019226754582446
-0.6997713851736342
-0.11222351000007058
-0.9345041049815301
0.5661975984771963
0.6181087212395739
0.12514551671853202
0.8506484438942366
0.34328395723312366
-0.21728889553063713
0.3116175209667884
-0.535416145370041
0.7085210242405453
-0.15930742363473294
0.46272051288740523
0.5193939482613095
-0.30335496959207897