0.8099731033015225
-0.31441962453037564
0.898497630390674
-0.9768143477159363
0.2896039191829216
0.09631353010680299
-0.9340314146412529
0.06926431826240131
-0.1439885025266212
0.8848827718942152
0.16185586515778816
-0.8895227938044599
0.9814034258760396
-0.7499871206765669
-0.9691337740286425
-0.7033217522082416
-0.4118340474662625
-0.40046128076187504
0.4099089530055511
-0.5304308882450983
0.0022819536368197113
0.04034769768484603
-0.6083640881821661
-0.40271218869073677
0.7929755767024353
-0.520885772269609
0.3131441914836257
-0.30205226629668136
0.5423330936135449
0.5739397955601249
0.014289007553923039
-0.35865414764985104
-0.7179080233136104
0.9491921496388724
0.11785916250711526
0.2826165371665488
-0.3582475920939918
0.6293680682723539
-0.44734846307483833
0.2050567501831293
-0.03820859883510863
-0.07403520037492717
0.9271788703543695
-0.22357067036862888
0.6714456328601071
0.046566753337673905
-0.40960518967393345
0.8720505501507416
-0.7298415299396668
0.8751377167335239
-0.3003472453331506
0.25168363464396815
0.3783947315139402
-0.7119362932936848
0.5595682837244578
-0.42131302957193495
-0.017013603594723037
0.6866486280040935
0.33664964708954126
-0.444751612290341
0.5061161662020106
0.19424188665603737
-0.4902706153717169
0.5191615964374092
-0.6380377638592856
-0.17508486007309676
-0.9553730989842282
-0.8113619491979074
-0.1323958443115485
-0.8353019460142288
0.5498078965789452
-0.07438503960929
-0.7754727338798308
-0.1825547671893346
-0.5290041409118651
-0.1473268790781792
-0.8107641892119568
0.8145429130682089
0.7661514318882239
-0.49944539597854365
0.48629196994818935
-0.39463563729107887
0.5370939110801878
-0.4302911194775543
0.7736451574376995
-0.6387744439076761
0.5395987957755477
-0.1695574093263279
-0.9136808638005245
-0.30701871212969367
0.5245829860016491
-0.3520491722955772
0.23984026866801744
-0.5157794993529232
0.6106531440532326
-0.7017575520155852
-0.42440781075466183
-0.06568920061747785
0.47902961432435864
0.2743943366042487
0.032261616190718545
0.5700732202700631
-0.4089406430266542
-0.8953627921045886
0.949738788000658
0.4361788770901116
0.5194247093809317
0.9052036141778079
0.4418646544516207
0.005215091596072918
0.9738552316561613
0.3904359123692607
-0.8921228192462796
0.22411100005242113
-0.9242536113025088
0.1003444450980342
0.18924645203399093
-0.7493628288890157
0.7841861867189344
0.9932970398643903
0.6831526062166644
-0.5394486064575907
0.30429072851670225
0.2541596991873125
0.5286493814913282
0.09906213382351359
0.6634632954914916
-0.2901153765285778
0.8718668040740771
0.8615367356122767
-0.1940251501814365
0.8695939518211222
0.3223256410584785
-0.21392983085792316
0.3196015390077964
-0.00299953737252201
-0.2990776923076153
-0.025097620754574557
0.3293159809378359
-0.6454645311664604
-0.6214881510315009
0.8003942859659208
-0.5679095100728193
0.11737906627631145
0.7694597718187028
0.6952494234774016
0.3300065317548757
-0.7783161039485633
0.729946369135382
-0.8417703541554307
-0.9685977616877712
0.02006055227127046
0.48765748986949786
-0.9975105440129373
0.5337211405081697
0.6290216317957167
0.28074299235591527
0.9732451456300537
0.260836117863932
0.22532103818123184
0.7687597098024463
0.20328035545890932
-0.5472780443184315
-0.8482211610066486
0.9297402278292322
-0.6035138717073656
0.9292201827776743
0.9981717964046295
0.6981292430914372
-0.5625757144456836
-0.043420689031893334
0.947342688578688
-0.27458570976152585
-0.0524078906197154
0.23425628730125259
0.6486861076608466
0.5830170328531477
-0.7916561710665744
0.8928195177641896
-0.441249270347581
0.32168423413865566
0.5237445550072577
0.4118299241470189
0.39599497244770676
-0.6958778877022473
-0.22113369821055495
0.2228385594158382
-0.5206949004764643
0.3773627106942119
-0.18418733953616773
0.7681665324163507
-0.9209823994888766
-0.2661464392033377
0.38548102204242696
0.7693075613224023
-0.1918558662194536
0.5801961645788389
0.07871033569205066
0.21245998825331758
-0.48804096124005203
-0.20552553618150138
0.2706616581887804
-0.14165584670703035
0.8266756113912441
-0.15395444136788083
-0.10966884535354904
-0.5173442708002556
0.8912211862840131
-0.9836176089715596
0.9513486427700166
0.5095306943185292
-0.15502580580006997
-0.2630730077468957
0.4326818060247948
0.4640120936057728
-0.15261279111191772
0.23290717718380938
0.7426750989780977
-0.7538421674307763
0.12605247497274563
-0.7886668591484849
-0.4218798145033995
-0.8728729096875074
0.07190749078706671
-0.5036859797232542
-0.898395449172648
-0.23100548354015138
0.8853089362248809
0.4835699224902701
0.06784726992997214
0.17208527326473866
-0.6934426058018022
0.7591407027412496
0.9994645294991573
-0.16722871201808043
0.8987553037084333
0.7643397585232796
0.4991538904481043
0.5048613227816192
0.7750734304969435
-0.5665071641858395
0.31590909397420885
0.2406338619974948
-0.9281431915693521
0.3728670475010829
-0.7881090555998234
0.10518649576387018
0.24836050560396083
0.7575126986304246
-0.7849057034934386
0.7114187261202747
0.049199558212821515
0.9536356825683343
-0.10435490837142325
0.7331165808509335
0.3260175768850262
-0.863564545843081
-0.8033295655709995
0.938372061810764
0.7795194517688275
0.8506950896128085
0.8635309189796883
-0.7618487834859908
-0.9310744569540008
-0.5605380712868253
0.032395229971076356
-0.6206599787751752
-0.7237768627984329
0.4552091048021636
0.04378790210545769
-0.8180237986623184
0.09308540062843895
-0.4523229550420589
0.3271693431700107
-0.7446674500508275
-0.1877479470239718
-0.5705628239813887
0.3573545019393607
-0.7383021450666569
0.6539226399358704
0.6599007980012108
0.048791462680735975
0.0744879428042502
0.4086783096215405
-0.7031427874655496
-0.1358303865212993
-0.6693545089673911
-0.277083288277586
0.8365938122507337
0.8135335572641778
0.6077055105609466
-0.15853181777116054
-0.8513769528378032
0.42333730239769274
-0.9546723127297079
-0.8890026019793817
-0.533622409905947
0.8814117457201671
0.9954624766919089
0.2503459650023463
-0.3438403694521639
-0.057205133126202456
0.2298601083814944
0.5035709913264679
-0.4108241610948056
0.30453019523313873
0.9078917175746359
-0.8861889038690391
-0.8864779096797939
0.1427506254534907
0.14981032789886095
-0.0892558067280711
0.683015124495717
0.8262769378858339
-0.4228707776868974
-0.18723213788534365
-0.178925617022325
-0.8595603757746928
0.4948834101776449
0.0009098959048918775
0.07682264400780126
-0.6729309070117089
0.32476607023595316
0.07451963038592968
-0.30309113288304546
0.5103774945855772
0.7718705992593242
-0.3413941430707521
-0.7025288003435992
0.4205911541455458
0.24082592600748254
-0.22222735885367872
-0.5738629225137324
0.9552066941334292
-0.31698292962550667
0.3813356473127183
-0.5245649180629743
0.3180638533336202
-0.039686138386946235
-0.016958863372752875
0.8280377137557884
-0.1416804823148854
-0.19621441405156426
0.29745501685652553
0.20276224843888246
0.3908134712851119
0.6816960420617801
0.8088634549680698
0.4354086314731469
-0.30621764431261145
-0.34871844690019826
-0.4246719165378472
0.6399197410750566
0.6343019812191106
-0.8251898062498786
0.449043089133667
-0.6243307159947562
-0.006973464307786337
0.3726958452248075
0.09628829002534989
0.180403448553226
-0.307453820667859
0.4574814868437562
0.6672478771876986
-0.796098928616469
0.9153584292935013
0.01734509111233673
-0.052481363915576784
-0.9368727109734416
0.5056356377013871
-0.20096294915979684
-0.9191177882513313
0.11891304774837441
0.30228914221301717
-0.4873725846002124
0.7156736007491109
-0.6314793551656102
-0.5369529472431258
-0.3028325806317169
-0.8992454905198823
-0.15067229061218912
-0.8135230402551596
0.4669986216003159
-0.4011066601020419
-0.7733464917051345
0.8369337973996287
0.37825972976112543
0.5972091939480924
-0.29428201112613683
-0.8823443284284831
-0.8556516511225547
0.5534439945218947
0.4709470010100889
-0.21253024717352398
-0.30243998468907174
0.5331876646489886
-0.2226548838428022
-0.4557841012440704
0.6214868935291484
0.9084871314447649
0.02024333152242286
-0.6562545228168686
0.1612181503129535
0.2607617268290354
-0.6139770921866545
0.6179591762995751
-0.3729397037218365
-0.8724347917829136
-0.02443923894256672
0.4638861338053617
0.7429030530478722
0.9071052096372421
0.4841012737645738
-0.9557411087188323
-0.5805221535222864
-0.9673277986361593
0.1453412515105501
-0.8412308161781059
0.7280455582709155
-0.8386521755931164
0.49356480242327483
0.13636398402074978
0.17195515629830171
-0.4418422450433799
-0.44300975594127534
-0.545037917731362
-0.27781957628257703
0.05300931563289102
0.4587502518867128
0.9220109058241379
-0.26181261042987236
-0.3684668038823169
-0.3835770104751912
-0.6951514464453281
-0.10312888203556336
-0.8097313755830777
-0.01025113403035327
0.08264538750485895
0.4927350572495732
0.010752678878295452
-0.9107266384607013
-0.5373211647866905
0.8067823116925414
0.4517296017179413
-0.5889979342738028
0.656353496560584
0.8604970493963089
-0.13265533126674045
0.5855756592935262
-0.4009448646792382
-0.8802649415137591
-0.5508897192795288
0.7213046630183395
-0.8242842726684225
0.44818642991912094
0.6724113433336816
0.415752393397242
-0.08245645534845125
0.7427577254953062
0.049589934610516195
0.9913304452111031
0.8275774505666178
-0.9403065266450028
-0.60980440057341
-0.12114349038214045
-0.2778328027353283
-0.8315288219365022
0.89662368979989
-0.7150953376749576
0.37386582844355987
-0.034907272255804145
0.42192620927438895
-0.5001373252609376
0.2694172094635492
-0.3676386606161106
0.6038611559377787
0.16596990999015948
0.09857359182839098
0.6316576647673866
-0.5880117159321163
-0.344422544013973
0.6146802812231893
0.6270879341152398
0.09503649372700629
0.9584873161038951
-0.5323796787847197
-0.7119303938470825
0.6386431230579306
-0.9921933161382734
0.33793154893860033
-0.8811876070806584
-0.15935795450439905
-0.8814620821676771
0.3319279247770395
0.9730308333170221
0.008121385405747139
-0.05472651095063252
0.09351001024379757
-0.3893320852364468
-0.9375509498401884
-0.6130782548096319
-0.35592776990100594
-0.9908250773827241
-0.7296094723652689
0.6863764109820172
-0.27051262926938113
-0.6763575688673875
-0.5580558278312122
-0.3858676562487815
0.31796317298282895
0.2642037042759764
0.7985533642045355
-0.4420638034023201
0.8622715673118375
-0.6223694494194152
0.8804088390013698
-0.07924219535989208
-0.236242229828298
-0.1104604722299738
0.743482679033967
0.027321770144884683
0.4148483596537469
0.060149703536056975
-0.7434681751557459
-0.7947967009185339
-0.811718678204622
0.8792760808139013
0.8426406836045583
-0.379404053737332
-0.5589580620836703
-0.6688853029521806
-0.39226947037873394
0.4475883551550828
0.4838585108501403
-0.17588055165241312
0.7689966000518311
-0.6045028140637108
0.45477235902099333
-0.6432078488520456
-0.2979148460826373
0.9387354101498362
0.0660633938709636
0.5665421119397516
0.8105496679194553
0.18939211695993663
-0.9722039421950324
0.07349887627603069
0.22396540478611082
-0.5864983905146006
0.4596334479190387
-0.1333351500635247
0.12742171163936566
0.28861748343408955
-0.2988297386488832
0.532494907787987
0.05428819983822031
-0.7138221323609575
-0.7012022454581235
-0.0208358103302293
-0.6086044188101911
-0.11177089405728613
-0.7197381371045377
0.58960845216785
-0.5306021363945634
-0.8210528421043128
-0.02535993382095625
-0.13358889405726182
-0.7017210061313219
0.21864858392065933
-0.8714856194097418
0.6066525310856723
-0.12252716867705216
0.47495533083254826
-0.8618516106887215
-0.19667483600577884
0.9985802342347003
0.22920229240310652
-0.07230024124072232
0.980433823677473
-0.30643456401610303
0.7444737857627466
0.20148988094440767
0.5351309179026849
0.6960064288943484
0.09951182185835572
-0.9659469007940342
0.8907984442407497
-0.5397037004264793
-0.4210872753596433
0.6809800700104569
-0.5294274847424529
0.721242623887745
-0.6946188163474016
0.04677705874692162
0.040165518869705874
-0.6199694645119223
0.5333517277196909
-0.06478596808743564
0.08844102038843094
0.8217138419510794
0.46423675100026296
-0.5824465369490373
0.9587735479035793
0.6206147046803034
1.1801528521315774e-05
0.32030194061083517
0.003011090983184417
-0.5058931778147262
0.12546656159081127
-0.6679216662311214
0.24384019538313217
-0.8314812731781411
0.8031201352711266
-0.9758707251767187
0.23481932507841297
0.34245809601266064
-0.301522347935107
-0.5609143134719883
0.4286006625977439
-0.6876276852423744
0.024088776503253362
0.9746484563514648
0.9836316503482885
0.7092741865957863
0.7563151538958917
0.62167456310701
0.2735193659216981
-0.3327631137232918
-0.3278412168983582
-0.7166122939579425
0.7669560629480712
-0.8730669532388726
0.7710566145288125
-0.893809771439892
0.43133452012663676
-0.976948352186731
0.14191623390751573
-0.9917106690670294
-0.5431500184835345
-0.10424197505906019
-0.417993550547227
-0.6131107319275544
0.3045906509481884
0.9215971519185369
-0.6192454491724881
0.2752762989171873
-0.44895280790260483
0.5663359140556823
-0.9897801064745817
-0.9454249344683523
0.029856383433685796
0.9047705715319352
0.34173469922813693
0.8648407503153122
0.2813703481444312
0.4610260134795603
0.08232742109560531
-0.05793821215289374
0.5670943013985477
-0.65516296830863
0.3040075591402738
0.19586193457286694
0.7342778701788695
0.5795520738822983
0.06015326096412643
-0.453532505886695
-0.8993944127532572
-0.7103137405751652
-0.26309352111959616
-0.558002964241852
0.8177580277517387
-0.4202632888609463
-0.0655310523548005
0.7915285939568357
-0.4072424397430061
-0.04292046735278965
0.8532171902929357
-0.8456033171030797
0.7358401602784623
-0.8294595991428344
0.3062969243203604
0.23448719138071583
-0.4345490464519899
-0.560091959135665
0.14239666455084055
-0.28333509251009636
0.8606516053994726
0.5498606732907099
-0.3131094000639145
0.4793226171832585
0.25093244344943044
-0.6449153067496185
-0.8342196813260987
0.054567095675703836
0.7704438983598603
0.164707915235635
-0.7250368447724898
-0.7458799476092788
0.3636086987717866
0.7637665390812498
-0.5926573499383412
-0.9402496474532853
0.7472383737482169
-0.26701935733773463
0.8305962001816805
-0.9749891024741537
0.4944347459468741
-0.15719249449913097
0.3974649619903141
-0.5915397098614312
-0.5632417449898683
-0.1323578753992538
0.9065777678822649
-0.5545926026537977
0.22586209727462903
0.13252695769924716
0.2989413606310518
-0.8561322858081775
-0.8102712385590101
0.4796507003330366
0.17574667905833952
0.5336443239031228
-0.869157593955159
0.1856707736524763
-0.12611802880894496
0.24354062339210714
-0.0014900961858845818
-0.27796430238341263
-0.8630137981462092
-0.5303867278747894
0.4715629944161306
0.7698104991930061
-0.06795578222911836
-0.41348985883211276
0.4701819878251128
-0.9578692237679196
0.36418117158056384
0.22973254446202507
-0.08249630129946062
-0.5198478540436569
0.9406905538953012
0.9392549369525447
0.3037475581343341
0.8234399237249859
-0.6854003935529269
0.15349200602242274
0.05487814216435538
0.04482144750750772
0.05053711879874401
0.7006376234427194
-0.6986961703263606
-0.19322128247858794
0.5454562434517436
0.740655787345992
-0.9747254324983257
0.8495460333686098
-0.2654134491790483
-0.3986871740822382
-0.4044657772306932
-0.14626034770150897
-0.19219883240453184
-0.6897507045289701
0.9897359105562702
0.4349460435651269
0.6532038745021504
-0.026558188341610167
0.07870022392213838
0.8512372704654825
0.4763710253457252
-0.35153573841243846
-0.3144259393385418
0.49176778152781364
0.34342347362834547
0.028292931575775615
-0.04862068972247102
-0.8035297100762266
0.4065745512518526
-0.2836927610013311
-0.5227176413182288
0.6207033177646273
-0.7393661034277161
-0.22673116449366715
-0.896115099676599
-0.11175278741006278
0.6915944839833308
-0.07035856937211404
0.7672942387471535
-0.7138509312323267
0.10113940845610592
0.8006488383971377
-0.9610012945877853
0.7008980014674682
0.08577319043894249
-0.4667555885581678
-0.03577631304699458
0.9507673333210844
-0.7875896546463161
0.26418355558656303
-0.5620640488571089
0.9718194425741973
-0.05794365218276165
-0.30487966097141017
-0.609952480497306
-0.6172537885463072
-0.9040192937928453
0.23456543044931388
-0.6229042955445432
0.9810686132980848
-0.6272466364325455
-0.7662048361419598
0.6376047575291945
0.5928911926803142
0.6186550441778143
0.11665767544727812
-0.9130101049352211
-0.5570011317881054
0.04661085344300164
-0.9145726143044417
-0.09890553875909802
0.5360073093216398
0.18714157158143663
0.9920841716100577
0.7709615039807052
0.3139343540206536
-0.11716993620920468
0.3185458498802278
-0.7941218828066856
0.6653000609118824
0.2254658044564728
-0.38247309528184914
0.47274483003619006
-0.08872224740024404
0.14245104206535664
0.9792400269030257
-0.29582489499593945
-0.9530714994927105
-0.4023654589409058
0.05954192091725563
0.990109228791979
-0.10826963517244592
-0.9827932541134465
-0.5732444182984797
0.9413880076295742
0.4147716328339148
-0.4802914652569634
0.2159995442285323
0.20718072801844567
-0.019707182372664
-0.19931370024843975
0.5521154988011319
-0.9860239340647183
0.7070873348708195
0.43908807178388387
0.9328023049495493
0.9894452874705943
-0.5533380861019936
-0.9914623924141344
-0.7113130694248329
0.9527401301551777
0.5470743858564764
-0.5495302773333186
-0.6451080323812162
0.8668019401065437
0.8915164647794958
-0.8624218268285742
-0.8455270897745213
0.16216669778351434
0.535998106937905
0.945959529494161
-0.8332878523155602
0.25166278968903066
0.3110174849204257
-0.7170430434005994
0.7456429327375576
0.45381562818282717
-0.9506439366992638
-0.014043064131962213
-0.5742564030525756
-0.6933633524544203
0.18458844140176178
0.9430418260241777
-0.05439108800527115
0.8058600904061606
-0.589761270516431
0.15789162720543515
0.22045736488459733
0.6336319375595398
0.9495616034157242
0.9133504102234189
0.8203453688824949
0.5186242738144304
0.7381595628850395
-0.3693217229219108
0.01824837328826634
0.0018397512207064537
0.6160600487540446
0.9130742461935133
0.680928217940336
0.9614209370658302
-0.57015962570743
0.8623037457121163
-0.034792262505721094
0.566569655353218
-0.31177083013163087
-0.23114127379377303
-0.774503823150076
-0.16840456323013453
-0.390914405137579
0.8299468717727863
0.531622785984623
0.6805253306512244
0.8651423509762814
0.885688583513004
0.539736983262959
-0.13476010983927122
-0.2911906617325215
-0.6395139677687685
0.3555075075993308
0.10606513052291455
-0.9340738371577877
-0.6971167268367575
-0.15544537980772755
-0.05906667114735997
-0.9505492149429373
0.8989889431956954
0.587986635927958
0.730150863526374
-0.9249621396643426
0.274944932107859
0.9527032404889793
0.48104791674288827
-0.07983421328159102
0.8110979224312564
-0.9787633584850994
0.8661802650980484
-0.3965828832513185
-0.2299057279837997
0.426925723713385
0.4327288892835175
-0.6822985670810506
-0.24446881599695525
-0.3994782261784853
-0.6258033865640753
0.6400112175719355
-0.5234186002164267
0.7134711988449978
-0.7289062858254562
-0.07245881755174488
-0.6059915637843714
-0.15655136121788193
0.007875960456619202
0.7298989196726728
0.4053615937223731
0.7092376742915554
-0.9546391251736446
-0.1851065785310897
0.8901433124299469
0.19196008509132723
-0.4363493238453484
-0.45519613559431815
-0.48844005273560476
-0.887871300904973
0.2299036933329408
-0.09777650715139141
-0.37734614419083146
-0.35722764842079346
-0.9264782004601344
0.8654646479501829
0.4331546348693931
0.013734699680731266
-0.8504361397110543
0.9093010173309948
-0.5768302725824717
0.922195109231623
0.9602349682770905
-0.05242852700268075
-0.15605508648343203
0.9285273174739626
-0.024061891728180518
0.5423411660320323
-0.24283714683169544
-0.8237950779033651
0.05379147901095749
-0.4524934274604395
-0.8792551408380187
0.7809139111506536
-0.15327425172117004
-0.6180487788574172
-0.7822425560230606
-0.7395553586599284
0.7032183520185091
0.22001855923940283
0.03368953939788111
0.46593156507715006
-0.7028684751685303
-0.7707371941553758
-0.21232634660980798
-0.762914092352351
0.47132611367327937
0.47303404009703764
0.6741193753908044
-0.026035164896421215
0.5271067706894117
0.8167677887095661
-0.9798982508191141
0.14637229402945118
-0.2775212064086714
0.9303964550034538
0.7747098456829877
0.12385789974279526
-0.7636716818024043
0.2641782658331495
0.531006975451529
0.20033917867926476
0.7441390779102168
-0.9303597296785473
-0.6024500417722709
-0.07052317591912782
0.290423998227368
-0.21697348284851659
0.04981418222187295
-0.182295895144865
0.6914352269765438
0.6249741201513777
-0.8552842255455031
-0.13160095842451258
-0.3650779991167594
-0.33145684961073085
-0.9872469717506562
-0.6860137963049147
-0.8243224808209464
0.6358150469065802
-0.18496158463965706
0.8030889856977896
-0.3188229402397964
0.6469742489107035
-0.7201330429314141
0.8651888322233239
0.37407684198623325
0.5780531728047116
-0.2880029391303216
0.5635197783863997
-0.04220730488704816
-0.586540778304272
0.9581510597324379
0.711387835572207
-0.45930013307857065
-0.2613770176286583
-0.6853587387212139
-0.8386478298938294
0.8459733446188398
-0.968123147720009
0.929941687239493
0.28028565214106615
0.26387848545253867
0.184904361408337
0.6662183483397788
-0.03834660891480879
0.9901550524228566
-0.43599130281984033
0.2660736149195462
0.3898287094729318
0.15761468148367608
0.25395728615338986
-0.32200922564589995
0.8320931654784958
-0.3383742154956282
0.3474220757739872
-0.6796822900515997
0.8402058973124749
-0.8276793892358121
-0.5846479979965442
0.6288801381265063
0.8903329278983383
0.4467184809373519
-0.9619954610198416
0.7040718808550221
-0.21203085304412173
-0.6278047593204681
0.28595796416951336
0.7160205288743822
-0.8498618741088524
-0.1547894979271729
-0.7322263912015767
-0.8365862643505595
0.03910785148920093
-0.7977976787264371
0.22439793390914264
0.6363471154704672
0.7095112695876284
0.5498296297291481
0.589597580616736
0.6047624056780105
-0.2886422287321002
-0.3106132459269333
-0.964081908666466
0.15752400019359603
0.20441100332072693
-0.25706162153596956
0.5802838990725727
-0.3717690552561612
-0.4755536974871546
0.31616946897134013
-0.5808131412738695
-0.4659734493550933
0.8972824227416332
0.6891417389461343
-0.33431158625560364
-0.06895397644148393
0.6382824510546883
-0.7510083178769733
-0.6659441514192568
0.6956161120646565
-0.9922796286192517
0.41060555551704825
0.8687025808451685
0.535528052874088
-0.018075078781507603
-0.36216334615415713
-0.350258936297678
-0.7546975477618441
0.8275553476253585
0.24984788550164927
-0.8793755899335587
-0.21482260078114623
-0.9399001932028888
-0.9532843981944785
0.6670972109188511
-0.21511652701639483
0.26178970938109924
-0.8895159888909314
0.5051866180404774
0.28301838654981726
-0.593911923205638
-0.16796436590580943
-0.881338823706475
0.27516362739148836
-0.9830396874924179
0.6008439781000863
-0.9692726558309035
0.30902860780127495
-0.6448172211943062
0.9462502746394523
-0.5892431075432938
0.4497734494566412
-0.3562446226257612
0.820714304033161
0.45987180739478895
0.477152475960688
-0.8617466758144035
-0.5023472421882411
-0.7896787191265298
0.9329884102433925
-0.10657941563703899
-0.26583577418693616
0.009887993691925168
-0.40887266073803175
0.4067404502183334
0.23172258112330812
0.07713302819273227
0.9761884581263258
0.40885908716163377
-0.0002599653971300242
-0.32800650146994537
0.6555245410492614
-0.3200439451729593
0.008896935239095072
-0.46514900512733504
-0.260040218579648
0.6717025330662445
0.53744539310846
0.012170732614410706
0.12332267069446812
-0.08090032785895218
0.9050016053421832
0.8082416570380104
-0.28437958101728444
-0.04498747211569398
-0.1675771422659964
0.2334101598694529
0.5268131208764468
0.8555389962009723
-0.5859251539726005
0.469594376004302
-0.03900972765482802
-0.6945801071486029
0.1594422076176063
-0.1738066395938711
0.18537412314611257
-0.722261021860872
-0.25690116169565336
-0.7459058148170239
-0.381003462887866
-0.8904705075690509
-0.24313460068193105
0.5816670620250723
-0.3986652504868078
-0.09199130673950373
0.6414325689998377
0.2450389009611531
-0.926667737131553
-0.7895057708511626
0.869485418811434
-0.3973377640172542
-0.6658768976128091
0.5282329909282855
-0.34076094077249497
-0.35931895850578366
-0.31079510336607763
-0.08326941024736345
0.19701814368094417
0.7477743680344977
-0.19560637092993693
0.7502240425240676
0.6320956104448288
-0.8157499887274327
-0.49524022130900525
-0.22761598267466954
0.007865315089218727
0.8364827431992521
0.3289163232524559
0.641863013914258
0.22789407917231785
-0.10990966424874316
-0.0969818782763383
0.34602316889994733
-0.15297492733259532
0.7872317216765115
0.6504515161191056
-0.6832147914920503
-0.10210943475399636
-0.7839670985374776
-0.19012905815209513
-0.2657567198581703
-0.9326012318839108
0.5674840056107324
-0.04325645132311107
-0.504579609896729
0.7185866609369709
-0.19176895979007025
-0.2795722121221824
0.8083717293204278
0.7135079208544608
-0.5995568143361787
0.05964454714664291
0.9796259842669031
0.40212391110094114
-0.305523791087166
-0.8817255942517415
0.04619206183055491
0.8738985782604138
0.854292659881138
-0.7921774119570602
0.8954782708759403
0.3893332471138957
-0.6374734846979819
-0.8037997797924175
0.8608405341415857
-0.09432166475965564
0.02365915608191349
0.8730355275325279
0.633040901890271
-0.2862168159242675
0.3408541301159409
0.22504310262452876
0.40534316021679717
-0.4934724099746777
-0.9460517179385279
0.7301219283775704
0.012974855285855957
0.49981488341599145
-0.8312381201226116
0.15809998898170563
0.7237485033397473
0.49309532174677506
0.5702816208399797
-0.5122836305746092
-0.7764804357026982
0.45571408073505304
-0.5195966245799188
0.04349170947322678
-0.43076860873876965
0.3607497631768377
0.3944411751025052
0.9233327292443048
-0.30705342118352363
-0.6748392977084119
-0.10644162231939891
-0.5257821363353419
-0.3046881731065736
-0.015560260094553913
-0.007955644989041444
0.3669055923073472
-0.023646680091539363
-0.7456786749097735
-0.922062660776219
0.32677302553337295
-0.04495194486713139
0.597947584282648
0.3686740965246271
-0.6677365260869752
-0.7207424231002437
0.2336481224328515
0.07938016890567079
0.21529888436104305
-0.2938473257117018
-0.40264770172853126
0.3564606537931554
-0.6898772249569061
-0.10144812537599601
-0.08983553989730408
0.8018278375374053
-0.6064888947478007
-0.9909696707188833
0.07324388870202103
0.7977462673239546
-0.21553358118888966
-0.8567802283822674
-0.7786786277726363
-0.7815462075142419
-0.2871161677207259
-0.44674168869031305
-0.00502111675693917
-0.4886126989220778
0.19648245006837417
0.605065468375481
0.9807254479623415
-0.762323281890336
0.5886109488195403
-0.6765076544603288
0.26632835081201844
0.7560368919888398
0.6477791663926309
-0.22405162906653064
-0.49765189757144346
-0.3246407138670049
0.24269621716698464
-0.9764796644103162
-0.07750177315380591
-0.6439605876933694
-0.6963664830295999
-0.7076862193431133
-0.745229714786279
0.7097650150936148
0.2968161155127571
0.9579949648149848
0.5217544946485961
0.07684821823823684
-0.48639133955154534
0.0026408288532804303
-0.6710827970297135
-0.017750123108753124
-0.9725853317212454
0.9587304558649192
-0.18851190668184725
0.6228906658340965
0.16549423240636707
0.20753736982090198
0.7942207869014721
0.6119293904957497
0.2265836221175188
-0.8611121169361433
-0.8294704084645335
-0.9614551587314195
-0.2421908987700334
-0.3289082806700345
0.9700531278124098
0.7665567777670341
-0.5414710491439947
-0.874655911069969
-0.21723831210605216
0.5864985264045881
0.33673593133073654
0.15569047996104501
0.7278974279858232
0.006133331843475309
-0.9375018487118314
-0.6694083669803701
-0.7146336026401978
0.2521744616943993
-0.8073196998685839
-0.3561219850285633
0.1422144507637142
-0.09547843990767335
-0.8316199385852932
-0.6015595090731833
0.658147966609163
0.30123030638751547
-0.7089402370900946
0.3222119273071393
0.7044603549060702
0.23848215174490028
0.03930092389633599
0.5414122706913529
-0.7292502786510964
-0.08906945812540812
0.36053602792979933
0.10204064177877403
0.31538282791036476
0.9203714605205127
-0.2255034447284865
-0.8550708777885805
0.6568517465604762
-0.045648244696112394
-0.7878934396644375
-0.14821393729046406
0.8348281628677232
0.34366093333863335
-0.86972053217153
0.7405621761368699
0.5008419135034226
-0.24160265161226735
-0.6762662659535232
-0.22939216562033393
0.9993839553423671
0.07914691061649104
-0.36423640888599684
0.9709018366762281
-0.5506337817838498
-0.17969316902189725
-0.31434105898902787
-0.9630829755791341
-0.5572552267847322
0.5811825490596709
-0.3480959117918041
-0.4664047184210538
-0.5154648707021019
-0.7536494556801079
0.834497174522707
-0.49096650637820693
-0.7124795981623853
-0.3474169260239288
0.04684625608927995
0.6847113117909112
-0.06093886433204965
-0.7271340125217023
-0.0016988724856821236
-0.3483944176063254
0.5445185316376853
-0.6059232762020272
0.7924282781681788
0.1257406690843741
0.5056640625936994
0.593887626406159
-0.4568682582848611
0.17239580495250273
0.989266075988817
0.8439581282559827
-0.5454355363944454
0.6242044873808403
-0.13307866202228325
-0.2634088337012106
-0.07135546444596486
-0.4452846458538664
0.16488438798884109
-0.3857436540663066
-0.13232246426256178
0.5070230730842262
-0.7583227960801713
0.9056760771956622
-0.6562655533555326
0.17300743398533558
0.2755142038264846
0.14866763755649015
0.691099135614387
0.28017208466464716
0.866765763705976
0.337447994815969
-0.6335227377632253
0.18000183984000007
-0.8923052254213502
-0.6783988940783856
0.4198543743465837
-0.22114243319882831
-0.7338743371755343
0.5041867271361853
0.5125968812951458
0.5921688338822086
0.7526612996681199
0.9960766478588257
-0.6300349155076888
0.7836059412734804
-0.7384445711915324
-0.1640101777536569
0.5340282842188304
0.15122972207359853
0.3302618388629104
0.4017460173834859
0.018663595455263415
0.6161560514292732
0.6421776559533019
-0.5528861791482031
0.11018838076218995
0.08289372205367629
0.6783819913867901
0.9961024648132999
-0.7079390841846911
0.03318949997430276
-0.340302949187268
0.76389026836716
-0.8230952673590379
-0.8693093361276267
0.38086978492057355
0.19691222177096557
0.3129350568692524
0.7393675618521303
0.723978590955342
-0.6285036113266407
-0.9219379612714431
0.8785468852340588
0.7990441891493207
0.7376529811978041
0.4603590805861
0.4979611137185549
-0.5275012188346324
0.9307864761093045
-0.1650464026888636
0.8845364097185144
-0.5835410613174778
-0.6114181450216569
-0.7716262751800285
0.07721035182076674
-0.7770223954888473
-0.36663077927841914
-0.5532544759150437
0.7665056524848162
0.7008776469821607
0.3090169470355413
-0.2452267290482193
0.6159598384585754
0.5573824002617886
0.8935875581567014
0.1627132146765955
-0.9439990750410752
-0.1040625591164368
0.1271493323309707
0.15054644377494752
0.35969507971259085
0.10249463834937256
0.7901075458848652
0.514320724642725
0.6588119838803281
0.45041709204946456
-0.10685567955732012
-0.43920857730702245
0.41472791887119453
-0.48225289900102397
-0.8364023741509501
0.7655904162858427
-0.8172445913626976
-0.1242979369779198
-0.11608381362565834
-0.9233554471021146
-0.26374906971288126
0.5343991690323053
-0.5582376051072797
0.0016611730321050011
-0.7303963387318382
-0.6518376322100536
0.056371349362852596
0.505936700419656
-0.20222957233574212
-0.45681892448535333
0.7799883510425685
-0.8152212204342599
0.45374208021605544
0.003232788275713716
0.009230874259558597
-0.8773190122681418
-0.7057321797184741
0.5684431073525242
0.2718098056827669
-0.09323468812886526
-0.6958555964986957
-0.20963706250840652
-0.38380966575749564
0.08895394181068927
-0.34360071113259094
0.9865306848228532
-0.8734571870099366
-0.6525709855152586
-0.4354039271794219
-0.19898098007903653
-0.7300965704337075
0.1517105245621917
0.5471983109568705
-0.7937060129277225
-0.38175105408118837
-0.16435052457099153
0.22584712316476607
-0.6519354290964954
-0.33768312871871586
0.20268792911731537
0.40195617405133666
0.8427471850917883
-0.27708373622427085
0.9953118857155805
0.5748067946724322
-0.9970991639591729
-0.5841660668844721
0.7830589023302028
0.4890902836944713
0.9824126795319237
-0.9221088938435309
-0.17395223549066263
-0.09724864946502021
0.49970049071661027
-0.3468773965594192
-0.9600601618700448
-0.21853384137231036
-0.2703875399187319
0.47547401253338606
-0.12573806327089332
0.24446764124050868
0.9199245442149935
0.8481966661162517
0.033951208436665326
-0.6409697689391449
0.9933484792358493
0.9078141673724507
-0.9025963607692875
-0.18242249410368894
-0.584570676433054
-0.13761732816547023
-0.8191926659241888
0.0004475919484248081
-0.7712044031164005
-0.4184033059383132
0.1291339125078974
-0.8537207950738495
-0.8483613092564302
-0.6101700893465971
0.07039219335829539
0.7079769098229185
-0.1116240591547446
-0.9791807265997801
0.13636126444079788
-0.595029103337104
-0.19439446694799334
0.5996124344793083
-0.09280373774681427
-0.2331586690440317
0.0739420158373798
-0.2666720199436341
0.8907210933725234
0.2092302563146089
-0.3793771909405188
-0.8553316977657957
-0.4794899168814599
0.4828381647231701
0.9345553744912876
0.4296289376467035
0.31653835962204435
0.2111478261112234
0.17369445457847354
0.8082840345801341
0.7424196349783048
0.09042878426338863
0.749686034344615
0.3707185016003678
-0.915610535574038
0.7603426265529052
-0.34253107434014507
0.8301787806719978
-0.6486858294314115
-0.23885788078354353
0.8076851500139024
0.5881188632231125
-0.053639663738352494
-0.2711403117065454
0.5360725574036433
-0.4465067822631634
0.6834962169412853
-0.7105928818228857
-0.3715655451353217
0.5090106959868106
-0.3938206888027902
-0.9593828149214385
-0.19161250297668508
-0.4755893757899783
0.7714235735593866
-0.564426511632665
0.9751763460577889
-0.3418596021058906
-0.5008705322423856
-0.6973591009019671
-0.9945228039313696
-0.1533282902464106
0.9933960363304633
0.7499246936279405
-0.9672779008179724
0.11530152034746766
0.8180472581154468
0.7270528660619677
0.06138565442981547
-0.7768723192973588
-0.4325345121223023
0.44878765106510277
-0.07741896405298876
0.02325046947657916
0.6689672640244575
-0.8087943337403019
-0.7515633181374082
-0.05920293032275059
-0.5774852701678341
0.5597472702780184
-0.11841977589146446
-0.83371221768059
0.8638212185380933
0.8362119203804068
-0.08313897844100704
0.7684288159944053
0.6265912261960693
0.4204996330212125
0.2382754424219502
-0.8781931451734089
-0.6567248652876858
-0.9837651163624945
0.6922244652791489
0.04506873688770563
-0.9527381598411881
-0.548540515434645
0.47085486972478807
-0.4498371075890968
-0.27230375001668317
0.8208116651370472
-0.7023338499730072
0.7796509561097085
0.4311232597241321
-0.06418423158498965
0.6273109811291671
-0.3008009522137711
-0.18039147669123246
0.874142692067676
0.1467703380063834
-0.29897983614258905
-0.09012759263961723
-0.3342807421127485
-0.5411323358610198
-0.02902375558848358
-0.25343546509019066
-0.13684146228110672
0.1274381542334153
-0.30581458672868944
-0.7765108612928104
-0.09764765980714074
0.2771149518923466
0.5329012883320954
0.533068456377519
0.3653746644642286
0.9322062997870924
-0.7224515556791766
-0.5810319333469038
0.9356345546464881
0.7540712969819658
0.6301875675061712
0.5194363923431811
0.5701599349541169
-0.8782884192013725
0.011723914535083146
0.6250766317559744
-0.037183140685190574
-0.0739526918604756
0.6108103790182051
-0.5020776803952394
0.17278990282908668
0.8943112733677245
-0.8179203527554413
-0.6425562886464475
0.3691288336019416
0.9073464953780683
0.8674370337838515
-0.6186159674866374
0.5028066714435913
-0.9974519063730225
-0.8544873812783398
0.654198162873739
-0.6606490384600856
0.3306230997915358
-0.5083106213974322
-0.9531944098261751
-0.74952565109539
0.09884742613644781
0.2893152075600991
-0.801365171258986
0.034972823588677704
-0.747491164095405
-0.4901293988204607
0.5980229576379406
0.5520603214281796
0.07619694721487091
0.694852607366796
-0.36185925640312044
0.37995011905447384
-0.23099717442842516
-0.15941242702748304
0.11837595921149102
0.7950345795047249
0.1463968105093698
-0.6840918209790705
0.25285837626925045
0.22468934174870547
0.2904091419093575
-0.44936217091377495
0.2926656960678087
-0.5130296243239412
-0.3476130157984929
0.9506337878456157
-0.8511165790386133
0.07982223168552216
-0.1655342479485582
0.9115377824266497
-0.3149307411803799
-0.11565660176798698
-0.04529303165717535
-0.4319118500915098
-0.014391098257064971
-0.39262850133243843
0.9348414513052399
0.4929759433851142
-0.007819463751659983
-0.1330990083025645
0.27493245110270803
0.7700745403554692
-0.2922380652706227
-0.6149815253180386
-0.7740609294957435
0.3132927224829112
-0.7410464852223702
-0.4558821706390148
0.5355097271057261
0.6101145089417741
0.8556207863679643
-0.3965159413915422
0.885686292275871
-0.6544141147917022
-0.43648953628223697
-0.2043282487373994
-0.9033491029840526