-0.13856384864404858
0.8813381425108306
-0.6739395664302632
0.9217283402779559
-0.7314568991967896
0.1892642047742361
0.9465857798334503
-0.2932513077358654
0.543074148356518
-0.3901623899561626
0.9710660855988531
-0.9673130272811636
-0.9515764633302637
0.27389266787128164
0.709681646042372
-0.2545115917779124
-0.07934760798520113
0.9279241271208545
0.6636940163641332
0.1863223194847654
0.15238693514598434
-0.6007465678358341
-0.32887919476326033
-0.2787261714144338
0.8643070410293192
-0.15654224763644287
0.9495188781745827
-0.17356598103445586
-0.3595068212326502
-0.6458515291985181
0.98356597967676
-0.8314655407624676
0.775004987785467
-0.039869855109609276
-0.6934565720601433
0.37247108388525274
-0.44593770053832227
-0.4195485737637934
-0.12621715861353255
0.9281923861434109
-0.20970728845881936
0.5107798067932248
-0.6346104946172497
-0.9694972248302807
0.733582282006277
-0.14747194410435682
-0.8905400541091515
0.6199511383654017
0.7738724096609735
-0.37835410395843905
-0.3310751460713106
-0.27138233912386855
-0.8988202479109639
0.7219685642824496
-0.03305158068900127
0.32225330976582134
-0.6371972502396062
0.46751358635764517
0.16493604944203577
0.397585991570661
0.6806581728630208
-0.6465626750894811
0.9378181437349085
0.2428549283923982
-0.812695273565897
0.4221059428690248
-0.3238719343094918
-0.7595416262072368
0.5169588310106854
0.04421599661187359
0.7572994546123759
-0.35566966299665004
-0.30152108898447927
-0.708391918362758
-0.34485501210354297
-0.838988414737881
-0.2857397794785925
-0.18703403599463786
0.22533695389768238
-0.6906580400030549
-0.018708783243021054
0.0037825981492842775
-0.9414364119822982
-0.29484206686086534
-0.09562856512641815
-0.8958746631615284
0.6668450030074622
0.11929117502978426
0.8313787441234464
-0.34145212779079914
0.8320042720441427
0.6319005383916723
0.1589506481125258
0.8789551592912728
-0.6390173317014258
-0.4799727400355607
0.21290112243944526
0.11570104779759371
-0.8783014340848789
-0.8252709395667586
0.5299875397988518
-0.4642477797726752
0.9101451253823196
0.6263873343100954
0.8677368948968878
-0.010122820172880909
0.0423699389481722
0.4542584956849973
-0.23252655106443654
-0.05111206621421083
-0.7530580829953668
0.4321673355274227
-0.13566110178526736
-0.4579588246844344
-0.7165740209010698
0.9004515927147498
-0.7734612782229415
-0.9587691787500541
-0.8985013551187568
0.6093631529790675
-0.6073444186557257
-0.966772335843167
-0.10307100473617092
0.30834275407018064
0.8132504815232171
0.17211193988336282
0.6428510702779413
-0.913074878856966
0.6920168754139764
0.2864237673573766
0.6944692018937064
-0.4364801713964481
-0.8213332817183623
-0.42350619671445133
-0.3417451839730401
-0.23158461851706957
-0.8840151449259763
-0.5976596641752401
0.10504417810456768
0.011030155160091093
-0.7735213213268965
0.13019116304418987
-0.46791877179593944
0.5841601876220579
-0.6002918935820782
0.6739902391683592
0.2519665962435118
0.9636775728656248
0.43827175115565775
-0.40085504967664654
-0.8209587031750312
-0.6407754204726293
0.09335929269555421
0.7121004629884751
0.2662767662882588
0.054817919339820165
0.20867974601042194
0.16614616864014908
-0.009393436706564673
0.4074956419444675
0.6558485126737561
-0.7763173813159312
0.023368248742672515
-0.6400233735435983
-0.8090114528055277
0.2792994629031327
-0.05939977269104557
-0.3229119424133857
0.626332093988043
-0.7002287225192241
0.08110416884168736
-0.8186519845991591
-0.31826067460727003
0.32965356969935855
0.09405358256498597
0.6073904678650806
-0.4826459111174799
0.6379744855938068
-0.7944293625932435
0.7821001684182971
-0.24607131815464323
0.10860326020670796
0.2647663873515007
0.1395870229149152
0.06662717841470811
0.3744800204428538
0.7551077264166137
-0.4392398181766728
0.07020642256540799
0.7217921823871927
0.9954397274263076
0.6043778669764142
-0.692695561758494
-0.06585888128277606
0.1321700648071109
-0.6212134918200036
0.022709803659656247
-0.8070484008814367
-0.5751783770156169
0.20635348945938126
0.9205247399822083
-0.5635195800163129
-0.8377155029658203
0.7359618506552392
0.7462443191122432
0.9072390457244017
0.2850208856509675
-0.8911158126385437
-0.8302093100781065
-0.03163667797393965
0.30434740072068434
0.8537841311769792
-0.6316536683369502
-0.2543230148996727
0.2678872975173987
0.07788361758098095
0.858826946420753
-0.2223961669676462
0.5304889743274772
-0.45210959918636817
-0.02504915276048303
-0.4919997583952127
-0.9271696854614007
-0.3718997437843805
0.7714709756582869
0.8866815179522185
0.25593318280317723
0.5757874189939105
-0.48272414178250944
0.5053923588512086
-0.30935418922244673
-0.11941299357865498
-0.981103119605929
-0.07658542039372285
0.9991112424931581
-0.38251286123589967
-0.34182310870364163
0.438627630625978
0.5092939538965018
-0.7159358375439291
-0.39916986449798864
0.773974256164462
0.6313766000687255
0.8828637090411124
0.2929009194143044
0.3606313222428823
-0.32380196864179567
-0.2854668824934079
-0.5489566428811672
-0.7020079230269176
-0.3051305977121499
0.9844242936698802
0.5651711035392117
0.19608762561008963
-0.013048227504937726
0.13968353682540569
0.9330731934667826
-0.22396095034371477
-0.6091382641747121
0.5136678908497829
-0.04119241161807152
0.19605067424417055
0.2435597841938948
0.1544574649868451
-0.9903836862676669
0.44806550696695013
-0.9590765547491307
-0.13579175724696335
0.646255439294569
-0.328543586994277
-0.514092804648107
-0.6597477917395855
0.2054121023181561
-0.10922854564139617
0.8128362726645209
0.7157965717342123
0.5208629788978614
-0.5243186623350513
0.8844035339819694
0.9693180247666668
-0.025893869542770398
-0.8171164310182526
-0.40409757088971365
0.4581297957016264
-0.9374692841306889
-0.5934948591440827
0.5482859058319589
-0.31764917768794265
0.32075257374189325
0.4677396867311048
-0.6322898863297126
-0.4427726954237663
0.9274638454844899
0.6324422434331114
0.8655526111335268
0.9404046813826041
0.9362602755278604
0.5242280392974106
-0.6130928827883784
-0.06117875278768725
0.45948661714550587
-0.2858203021569772
-0.1785508599678738
0.7109438559136412
0.6445366777010164
0.7831510333774234
-0.05412481094325283
0.2424476500767776
-0.43433076983710883
-0.9536022094218148
-0.3049028760486998
0.1329799198628634
0.6710918478890957
-0.13751580743191338
0.3070272165948249
-0.4518134281781234
0.4916496078952788
-0.1898459945824671
-0.2609805039129338
-0.13435243086531967
0.9615901300126171
-0.16011969570329954
-0.3067317581775477
-0.6658615261564762
0.2652931132521583
-0.31345246345901057
0.7612634923527726
0.3384082729802196
0.8805163661370135
0.8596573062549002
-0.996622878346147
-0.5756860679358888
-0.32242765107338434
-0.007309598301511233
-0.2495123519128042
-0.7949728279265516
0.04947376985899776
-0.8793376500552261
-0.7232079991986675
0.4497262595885796
-0.9476669878330797
0.9748528415228292
-0.8314282918036491
0.6854444226634715
0.10364202972244407
-0.9437997390270918
-0.841910520717384
-0.29880831886820314
0.7044217280206961
0.01962949699715333
-0.260889212415369
-0.7060976728638557
0.24537484831126655
-0.37970489022371146
0.9548754405184414
-0.002226821557416603
0.7472151714074202
0.11283749474931315
-0.7245991088271864
-0.9775607278483405
0.22920073248635142
0.12826690220022385
-0.5271253608277306
-0.8876002191532768
-0.5712474007457287
0.8001760951666008
0.09707466320982983
-0.034337578800859525
-0.6898343948747754
-0.13863345797534254
0.44374617685989426
-0.4286874544687864
0.7890486081420489
0.0597036003034932
-0.709023887788494
-0.4911325351872762
-0.002895569467526782
-0.4836250858011808
-0.49414271298936563
0.3276189020286333
-0.21968709754409788
-0.9526349339416602
0.49197935614797483
-0.4006820824128259
-0.10751642478721468
-0.30838344071823554
-0.4436184991348504
0.6653165065844504
-0.3015724696743711
-0.3856606752445517
0.14747172058442426
-0.7614121613825229
-0.9697929335719968
-0.9507044636387505
-0.9221394199094781
0.8307995468125726
-0.5498967699607844
0.9479565613107075
-0.5424167130947009
0.39241418926564453
-0.4116045214730284
-0.6981252972947578
-0.779228784664707
-0.1867906215333206
0.48422068402489704
-0.13572264636357545
0.933044203683504
-0.09614752885893663
0.20419951792615554
-0.7275643695069158
-0.7771182227568314
-0.8631224124344445
-0.4055589596952591
-0.3752497974563189
0.7812835559914428
0.3256381338711183
-0.8163795800762872
0.3181531299677154
-0.5054246985173707
0.2338286879786451
-0.3073313472118493
0.886941284614233
-0.7890971284995509
-0.5508465418011075
0.8153473111305813
-0.37615170024056543
0.923886453559722
0.7244090217785566
0.7589677440708889
-0.1990933885292825
0.2741780221843775
0.07577415577811109
-0.6483688718178222
0.4950919590085969
0.009427826629303082
-0.5245232572910394
0.09015601491839087
0.9044626662623123
-0.17355310586749972
-0.2867212547864211
0.29438460998255134
-0.15703645850847026
-0.03945063857916242
0.6617907913189576
0.9429350667429157
0.47021450936438236
0.9707881398567859
0.7001675679333461
-0.9658412115925374
0.5514653771788862
0.4857687582975738
-0.5204820642270607
0.3430021130768026
-0.22289147357427863
-0.40723776223514774
-0.7733656833042879
-0.32996903007455525
-0.9472510027850272
-0.6423410098759279
0.09626898810113582
0.9861240976891825
0.6555102174650342
-0.4295250426389132
-0.11343789867615084
0.367950384801603
0.649774075768681
-0.2888997693329327
0.07862323876985244
0.510701454423055
0.7512783622603856
0.18228075711843705
-0.5743731877221239
-0.8479088042625806
0.9065033236184246
0.7528166086332495
0.6302620985921357
0.5368119565106364
0.23458161644899844
0.8012741931686185
-0.6794940629561328
-0.0719200840955092
-0.959024488139884
0.9209110128105045
-0.20565998244686035
-0.7329909402657866
-0.8087398964166765
-0.43103909050354194
-0.8270713754843835
0.15249418280071447
-0.14492631823133695
-0.9063306376609985
0.44023590130806345
0.17922163490616638
-0.25549720783895635
0.6730616257211548
-0.9161310893601031
-0.8621818441398701
-0.7258686391238136
0.058354308723307824
0.4211373984994802
-0.04530959168524751
0.5697663433963363
-0.6844895694640911
-0.2506113158528467
-0.4358948277665584
-0.641864812676058
0.1805677564591257
0.9968034252735565
0.7545605455333295
0.1977673959895052
-0.14298601104715236
0.7193721047956743
0.3468731292004996
-0.9650832919666257
-0.8272226376900276
-0.014486536816930018
-0.4651610545714244
-0.9831015451688141
-0.7059166445360903
-0.18795843536185042
-0.5868697855366547
0.9014544124421273
-0.2859430500904847
0.8464914479647638
-0.4641233387098933
-0.9524176482695677
-0.5997637028879923
-0.8797733963707453
-0.9212950994793674
0.45267293897958494
0.6175234849055273
0.6339428829325815
0.1343917830092929
-0.9847912251962037
-0.5497402633694921
-0.4110281433207317
0.33710082557034515
0.27267002848225697
0.6012557213543666
0.19199021245866144
-0.3969140531690316
0.1998586168268741
0.6665457973028925
0.5605373717979101
-0.7744389917848769
-0.8616078351594239
0.2191517424728573
-0.28120849263959813
0.5364367420337279
-0.5817788618206103
0.2547016437326577
0.7191688671383192
-0.4433608326948455
0.004964244596328271
0.651453376916898
-0.8838291327926673
0.8163104665080985
-0.6663221632842846
0.33338321057662634
-0.4267428482551925
-0.8699119151917885
0.950935739904329
-0.47771618077574596
-0.640039017795452
-0.6647940751728059
-0.5750861966492804
0.34206294632573786
-0.3426181204295362
-0.4919265920711118
-0.7136698545698732
-0.011928701490964366
0.6068784059263317
0.8185356293725694
0.7927443970598178
0.369326999900333
-0.008140529285526554
-0.5374853378458158
-0.038226641100448155
-0.23659268302195113
0.05173160105772512
0.21454022220113433
0.3205683049380337
0.9573893617365081
-0.21426052257789485
0.5969752983086409
0.5534581138806374
0.14427807364358847
-0.827617031026213
0.5733793786129635
-0.49897338599124264
0.08852828046746652
-0.6010819107915726
-0.5346737304025111
0.005445981061056537
-0.4515001332769919
-0.16855550602316205
-0.6859799324910136
0.8876167204946974
-0.49127204676406877
-0.8238642433338952
-0.06261093974258891
-0.1888637907836721
-0.19685218080264177
-0.262527021568411
0.30511432664008575
0.6366473416925056
0.4947531366461433
-0.5640087931992372
0.13486597575101356
-0.15986836255451786
-0.61811379936314
0.6904180137166127
0.2962534937882164
-0.8423268321770994
0.7003913545951439
-0.7256910784655652
0.6710864559965912
0.8726476782315751
-0.948039749921386
-0.14078335643750162
0.2636723176589799
-0.49200866264832865
-0.9247632624987747
-0.9378878297991642
0.8216587477574411
0.8963596552045276
0.22143405710247333
-0.6917074986313954
0.05607670990963842
0.9488654366125246
-0.1338090498116411
0.07279001941088792
0.3155554149229063
-0.34401051056223664
0.27229599372970603
-0.1376521758406637
0.9220635932552348
0.5172693993166584
-0.6071345658177658
-0.6365015541444843
0.8788891335153322
-0.18922149037685765
0.4456104637120415
-0.12516655396051624
0.9332051337375382
0.3584980246188054
-0.16181144716658236
0.8229766175009265
0.44837251934481537
0.9516331724876825
-0.504753289536408
0.3936974029014464
-0.02401069871449346
0.08119695247452885
-0.32806613515121463
0.4736865292290553
-0.39545559174128253
-0.6799822481992741
0.18418602016332053
-0.7721846367717868
-0.5557446228073688
-0.4585688260150991
-0.2139378654701194
0.4643926736046058
0.5678993772958383
-0.42622337069901706
-0.6973330642022917
0.48792058438598906
0.8347459837200351
0.5256501267085933
-0.3724791472842368
-0.8982887032157869
-0.4397641013371847
-0.11622718159336909
-0.1623867986318428
-0.01727075506431275
0.7790193513328147
-0.9093643403770444
0.3579824337679405
-0.8936358905398849
0.7352423610427294
0.3859988286679237
-0.9189980555297677
0.19989127866397283
-0.8769006568696363
-0.7068548455250117
-0.6506796669899169
-0.9092321853532093
-0.7792040389285684
0.535778473148119
-0.04944257129638374
0.8329644361884694
-0.41320631759108606
0.508910668976494
-0.8791358458976308
-0.3225516649988085
-0.40910987448808656
0.5369798447625338
-0.45826194286615407
0.5476530823056518
-0.9750321614280548
-0.924412975588105
0.7974196340498383
-0.3078042038720119
0.10692482257913105
0.3062508136570079
0.2653582210886911
0.6316286329631504
0.7110569223185008
-0.9153575110731074
-0.5897868440226592
0.15185647751540854
-0.6089938501420882
0.5714192815686565
0.27252579528293075
-0.9890026397551952
0.8282864343063563
0.8721867820539271
0.9656745595019001
-0.8352784340227051
-0.09325142405753661
-0.8152343198021204
-0.9142425234021723
0.4900067768846119
0.6104869557478183
0.5616311754640662
-0.23431399725723945
-0.4372750847666813
-0.011789590605403077
0.4708044774427631
0.01980081489064589
-0.09973342727705847
-0.881788259124108
-0.02104577350836867
-0.996269604388968
0.04911897081916017
0.06333442798294642
0.8980666478921362
0.0015828277486107378
0.9264250456799783
-0.31380793563154485
-0.08424665895747929
-0.7625915941465538
-0.260141362438973
-0.07398051304331466
0.5449180191400245
0.15060272298344235
0.18034072353767527
0.027389059716633524
0.7752590740660765
0.1260090831276639
0.013569519306327438
0.5995063925765816
0.21229051943553445
0.8807810271995369
0.40039065653262895
0.5815904719687028
-0.13253490631430354
0.21136831586213622
-0.9165895375176802
0.3417067783807528
0.4651612990767886
-0.04662581245578723
-0.8304845726403411
0.45983318980763066
0.19221918435295926
0.5287192468923068
-0.6403866135033702
0.5325010357106985
-0.49173093681776914
-0.29530611191505396
-0.6757211095283968
0.17056580512684683
0.7732875736798699
-0.47219645670259713
-0.22263825037749396
0.568962038562826
-0.3504204930916073
0.25580565546575107
-0.06576639681662932
-0.6840559813909852
-0.8467817403836164
-0.9256737927713707
0.737134337927482
0.9645076031809001
0.5484921199885329
0.7590556071893269
-0.26954696218447616
0.3092068958127676
0.8956423325596661
-0.2021395424682899
0.8644651515595536
-0.963951149876527
-0.6463631301631936
-0.7560236430570368
0.5471394519113344
-0.8924969440721819
0.6300203977790042
-0.03786551461308596
0.1317486662936993
-0.054480705345633096
-0.5096915072109023
0.5223924665079391
-0.7315288248014666
-0.28241424249906233
-0.9103088491063387
0.014627665781167254
-0.451090439707861
0.8907395903117918
-0.9616518474845803
0.6276571255219732
0.7433716871368568
-0.28319598598712825
-0.08969142079148607
0.6306312878432176
0.7736011535742182
0.5319500874534986
0.5933763477326586
0.1510502302622987
-0.5704927716806019
-0.12753475767392364
-0.661361106153427
-0.3906056062323646
0.7484003881858292
-0.7060422449152002
0.06873727612706526
-0.0059597966001812
-0.1010518036524708
0.731421937019991
-0.26151345416995
-0.06652854165440814
-0.924912290738023
0.5255644810407611
-0.5921462192513831
-0.5340528515023448
-0.00556783636847169
-0.9274921125970335
-0.21106979613420074
-0.16550701362250542
0.789716796790932
-0.7997660123037982
-0.5554695186511502
-0.9323723708767333
-0.02897289389383295
-0.9316471412844394
0.32570636378421014
0.14598458182036023
-0.16589278851851774
-0.5126343788225225
0.06403838238497417
0.9137407701258717
-0.5763726516655066
0.03710330891996283
0.13489531266612076
0.3060320152093927
-0.41826227395299265
-0.31980523091819
0.14338003303255387
0.6142375862391412
0.8175675413983796
-0.23006107034925427
-0.3293665999304436
0.9076418115220499
-0.5682278918514121
-0.07189358241946464
-0.9872793730590657
-0.7388624222140254
0.7428924682203928
-0.27790827659302875
0.13757289654154237
0.8327285942221698
-0.9442958741542999
0.4549693876441101
0.8439624569688924
-0.26943897270686357
-0.9721580028955714
-0.48162295338905414
-0.08549514554960647
0.9093828619616986
0.8838929939344058
-0.7568956303811742
0.26167844570926646
0.22792506858625083
0.6968184644232127
0.8985493871868113
-0.7141206779328553
0.8012767489681734
-0.8737301370231747
0.27699935197632275
0.4215452591104196
0.9198345038031217
0.4536737028109743
0.24991260462897924
-0.2504498732923286
0.6851416337055214
0.2529549016877959
-0.1717417722451322
-0.4839085891688304
0.31855880369914735
-0.13633312554848875
0.07028476474357426
-0.05369806858879156
0.822017264604243
-0.8171478245433628
0.018577426450041346
0.17040672388839684
-0.2092384219686696
0.4997327076166096
-0.09885856449777397
0.46729794778499767
0.5586720678328325
0.5570553254629391
-0.536697449964012
0.4769039276142626
-0.5274276176325272
-0.06102711414780604
0.5396364027508909
-0.764113398090394
-0.5123171606516008
-0.8713666618701745
0.1781473022476674
0.40093577610753317
0.2020909493809786
0.05287825028205573
0.8731616096233346
0.8465119565498729
0.8972090932521211
-0.6026090738415641
0.14392645190192943
0.23984598754374598
0.6768827341887285
0.10593524043083957
-0.7376835094291678
-0.9061114395185592
-0.6205746010551674
0.7685241088229762
-0.8912755270041235
0.6394610630096607
0.12967373626908807
0.4662427080635212
0.236107729106237
-0.17784696947862644
-0.9107550769977459
-0.17415860529693394
0.5316174085840202
-0.22333965948402779
-0.22528501930330225
0.24866432410033523
0.35633671440938386
0.4237261905390033
0.8094541165321867
-0.8080095258637456
0.7908424869936774
0.16323054431606132
-0.9152078441617124
0.7339453734994055
0.6623471435823762
-0.27418350055511476
0.4041380822061882
0.9378863141619658
0.066865493504362
0.24294060371387927
0.46623820353770884
0.7272253336807009
-0.6109360849203709
-0.3427860479796303
0.1626328549515499
0.095880028351365
0.27305411625022136
0.7081081192878562
0.708616337766939
0.8870133782170551
-0.20262158613698666
0.5578893847940964
-0.46970719118867166
-0.5004110061653495
0.8023858840181164
0.5191736600551611
-0.9163037625968018
-0.10340324991680494
-0.18428992712558667
-0.3018711866377295
-0.7814038412084783
-0.5283611633926721
0.5882151558040092
0.1830553215599795
0.7133281361533821
-0.6025726179082307
0.08744675826395243
-0.9679179903770594
-0.2696591378797557
0.11632370552532634
-0.5967751743168292
-0.10549726311282481
0.45839923795004434
0.14316136023556325
-0.6508130199098263
0.4434886028996172
-0.09019324023262132
0.05372956015822483
0.532951285064281
-0.13870486542967653
0.5221396403750092
-0.6182234651639544
-0.251274425832694
-0.3290479580187935
-0.9345505517960031
0.8032472473934744
0.259604307663704
-0.8447298744420244
0.6100535824182058
-0.6079910968280706
0.3865993353268622
0.6197808604941668
0.9182743334413521
0.9186000669457439
0.9122985636409779
-0.06062824907685105
0.28851066078595133
0.13396422537789832
0.41647739086651736
0.6906327499260849
-0.5192273106336676
0.9457371679577509
0.0775217822262444
-0.8311396327584617
0.5070265511755883
0.3638468197771416
0.46059296735044164
0.011877645592711428
-0.999906324977897
-0.9258480037437482
0.6513162017491665
-0.033724116818075744
-0.5750309371285347
-0.12192221912681878
0.3444155862390037
-0.3475887790729113
-0.01900313743904114
0.24916831650504268
-0.9176509271688738
-0.8709433628392149
-0.2273361116561039
-0.9936333211947097
-0.36242019320167373
-0.12212319101660118
-0.05980997380782194
0.3161184993755488
0.6721170975148147
0.3060279846224947
0.7170029062460967
-0.4951920866554278
-0.46675748700535036
0.7130760152028452
-0.8757459226803939
0.24427477469453351
-0.44780276806449537
0.5406381035650298
-0.8136844107962307
0.35635182024284084
0.912412665962876
0.8593461394586623
0.7899126608278015
-0.6300080921104958
0.7668030845446563
0.022026554875507642
-0.0024983396034219396
-0.26900136576170763
0.9810503010366893
-0.16895360199426968
-0.9333857925840878
0.011793482483295481
0.03438458704112657
0.4018778224513371
-0.8749334964398898
0.5374848144048481
-0.5153950307438542
-0.9846907454274263
-0.0004994433168954426
0.19772184210293675
0.269698329086449
-0.007750915136279568
-0.9151581776635398
-0.8583739783667501
0.19576821872741257
-0.5884102839651477
0.9291424447789043
-0.7377191481056709
-0.5615091335249911
0.9858789499355518
-0.73140466879886
-0.5205145470793515
0.1714791830687199
0.21742137066265355
0.8420453460597943
-0.21782901923857523
0.8241088364774893
-0.1551315927891619
0.2370600646709835
0.19042889523244177
-0.8458966497587703
0.7519573315187649
-0.45760181095857444
0.8173555356653501
-0.6663253068728705
0.08895673959891326
-0.6055098710130249
-0.2625488587937126
-0.14124176203526284
-0.9573238807029476
-0.1690595574855036
-0.7686244176588461
0.7797022325695873
-0.6093892722292584
-0.514573037920681
0.37012540962673235
-0.19825938512349306
0.4311687890771785
0.06639760735662503
-0.8629582499050177
0.48949434044843376
-0.8351952604044341
0.43795512137502546
-0.9755544273801897
-0.2903966635671975
-0.6367640976604159
0.16965448709703668
-0.801085099848889
-0.45578921292116514
-0.29695888034410034
-0.6766066218955686
-0.7178844464007861
0.14475161679273363
0.8561852462242032
0.09531889878339439
-0.6838126419153485
-0.4270852993831882
-0.9072713286405514
0.7898265230517971
0.5055231528307298
0.906130954581087
0.22284799363415653
-0.39920414634700685
0.8318967727666129
0.8418444076248159
-0.36626570482002907
0.4328852763278439
0.005111112619164082
0.4175058194338368
-0.5389075538238328
-0.44604635189739805
-0.6367139354927016
0.239472560261641
-0.026282020148939766
0.27492099404919523
-0.5478829946762251
-0.5014366020378866
-0.5636294532976898
0.5455256335033882
-0.6328885368459265
0.5471212769069269
-0.8324056912426092
0.5348046372035467
0.7613049897159174
0.5950839270861326
-0.3875417605981495
-0.13467132550604433
0.006343554093694026
-0.1495145795391577
0.18757996726110915
-0.6594102265223811
-0.7009175030534753
0.7867780253477026
-0.2720713322940411
0.840585070419253
-0.5847404090175738
0.8032845186210946
-0.601585513737283
0.34241290266832913
-0.07116394224143985
-0.48379581172799635
-0.3440330929497035
-0.9605917108712059
0.43462976196371206
-0.7911275961884003
0.6639175828982995
0.12371717486005229
0.7755384188295584
-0.3101587727598849
0.07302137854446533
0.6370154224285836
-0.943087647182103
-0.318305398007827
-0.6100436747816378
-0.5804690924295177
-0.3058023822088529
-0.8407174550084442
-0.627637312717455
-0.17352145232050686
-0.3505372190003866
0.11170920316607513
-0.2957343466455258
-0.8658112285905939
-0.4913137164252068
-0.1292879108479843
-0.7724330886222015
-0.9039026952254254
0.37683659914672574
0.8858811694145663
-0.17979153973242568
0.23019856565806052
-0.5525419926009558
-0.83587330281595
-0.9552683775289876
-0.8261333157345632
0.4127284522533565
-0.14910589997682022
0.8522537074691845
-0.47808451198004653
-0.9538898810685472
0.40853649450000007
0.39159093232799247
0.14535433277482035
0.691469534305788
-0.7447584594307137
-0.2293201658677717
0.3530705226962694
0.745944225260847
0.5777587192805678
-0.45784733484813533
0.5538949702115941
-0.33160581689085555
0.5046452802005263
-0.11586642097182942
0.6231906177132398
-0.15830514871081558
-0.6512195494273731
-0.7419267960279317
0.26065905255164035
-0.7230765479291583
-0.0330133027758619
0.3938436220890571
-0.6070127941515908
0.6993847592007476
0.9452627482638973
0.2766465568827998
-0.7523698936292202
-0.2575060113150176
0.4004988598687984
0.9345242492622756
0.37794197726381484
0.23047886639606951
0.2646511901378854
0.5484352404189539
-0.37819185272398803
-0.11859658381098015
0.5839810699451611
0.418758274771861
-0.0037513896270235936
-0.8237924354803146
-0.6579331986394299
-0.5135965038914871
-0.5825085916045254
-0.014468089222449798
0.5890554902206626
-0.4916630760590144
0.5333404951342453
0.7157694466741542
-0.31017459406562753
-0.6898166856276735
0.9132460561448521
0.9811414853489799
0.37177678637934486
-0.5854275034836391
0.7170859481416432
0.6934323791694896
-0.005045254840085445
0.532827122475729
-0.1739446162921201
-0.20366192134885397
-0.7037363828719647