0.14994575175161384
-0.2980615650977192
0.34806030273126964
0.6848755082646343
0.38167537923585226
0.6449933915684549
-0.10957766387530077
0.5401360810351923
0.6717693579631023
-0.627923370188926
-0.004715605659255662
-0.08045007756761158
0.38607342325622596
-0.26263889814134944
0.7984315404558617
0.811824345655286
0.7812021981282735
0.98952529451387
-0.8508167949820142
0.01057522065852634
-0.5604750490335553
-0.14590616590041083
-0.769534758121263
0.7887355944639718
-0.39089533785359176
0.7250448399774583
-0.2068633604212604
0.6788464650330641
-0.34846640824103137
0.5146089281176112
-0.5340247231242985
-0.24270666143660624
-0.2737421120455692
-0.2697162180587622
-0.1081513949764148
0.120444803134651
0.07127005244601348
0.8028304059828499
-0.41163444462496046
0.3232398806188115
0.6336068805773842
-0.12998865114325664
0.28936077165500995
0.5864478930006445
-0.7919971181343153
0.16175327069567924
0.05577387150043722
-0.39039994080761553
-0.56193902639848
-0.4785422772016159
-0.6403391399936607
-0.871677968575481
-0.3200712050705483
-0.2841350264193765
-0.9334283925134557
0.26997063423686973
-0.6176717192731513
-0.4439502650464804
-0.9030351810094719
0.121963805550932
-0.4229445702560395
0.4079692991317625
0.5950896397226471
-0.20189892881380334
-0.5568266186279651
0.49218345549861287
-0.929980491121851
0.8572040420618137
-0.8596552000342119
-0.1719405873988935
0.6812957880824808
0.0015582175886723615
-0.11949102272173673
-0.6364241385992773
-0.5171154429482272
0.3315841996046871
-0.3712205742236836
0.13450748574551197
-0.38806545754037813
0.948349540701988
-0.039974889492508714
0.3008657098641956
-0.5285734287497417
0.8463392004882067
0.7671623613761251
-0.7893959552522993
0.5116039407403974
0.7471967779045312
-0.3366460662664714
0.3461506715960765
0.7274601076254221
0.8167568970123646
0.699861224038234
-0.021712041466705134
0.831079977211242
-0.7167615835399037
-0.5878417323079075
0.5758911722690705
0.8478588913750045
0.8527131817296034
0.9628166053061065
-0.7652963651144298
0.6976947394586368
-0.262722756155892
0.866421294906693
0.14955724469586307
0.6329260802960501
-0.7594567927528713
0.8625220134113061
-0.6994158999789986
-0.3834301768411128
0.06417286205629491
0.9982858219199857
0.0942563637067102
-0.43938087063154097
-0.07143541847360035
0.1260967012931249
0.44819927581105445
-0.7092047560922599
-0.1925079006443895
-0.6462118592678388
0.8850171043805133
-0.07285809884389294
-0.423975468040962
-0.012556202591461618
-0.5005035503505644
0.6893123700668526
-0.47432052282101655
-0.8420898389446918
-0.9716515527780281
-0.6937017451231644
-0.26058113619150847
-0.7429228452048764
0.6428987866463387
-0.49828641295733855
-0.4248591663305088
0.23914801912284744
0.3975492005615442
-0.5775266847545037
-0.0941406831760554
0.06797934720904464
-0.6765805215096463
-0.7509453516091893
-0.69938432842675
0.508626385214936
-0.16947289351258465
0.023067672280681073
0.8341650247463812
0.19993088429217698
-0.6938125769757182
-0.6164878257462152
0.995129226658549
-0.9400875786125678
0.7378339426157401
-0.031459756427372865
0.6185351872853446
0.6358450856737397
-0.18721737091383872
0.4770273260429738
-0.1593121879585866
-0.4216054924349033
0.4203913005237201
0.506087491510927
-0.7052199442712475
-0.8657077061315914
-0.8445549776848331
0.9342094317379137
-0.8114495539207074
-0.5097800515163209
0.8682586818830227
0.5699907899961054
-0.07415803628709794
0.5646690372607981
-0.4173494118840644
-0.027712711789377842
-0.38055732768111983
-0.06104920007017545
0.9180244079742352
-0.4441129857653523
0.32147717443662893
0.8391208045627625
-0.7892026488917876
0.5603198564079064
0.5543270939107994
-0.8221208458673148
0.2975793545564458
-0.009961051005819455
-0.5706573008216738
-0.4423464674681499
-0.9647174479524834
0.7451326297628553
0.5748632626023136
-0.8803972275536498
-0.46407939805943
0.3360111600360407
-0.9433969884824047
0.1657233411764767
0.11388433062287917
-0.5490026599704019
0.6735427225898118
0.3170341738744076
-0.14537947301371124
0.5776627900505777
-0.5268037758461541
-0.5878110530152034
-0.021941458860911922
-0.9256666116350807
-0.4529738886429211
0.03982919395578732
-0.9275444234140329
0.2687192567202876
0.32978426028412255
0.2260282767392845
0.12807484717957274
-0.9680920614109696
0.718232793908157
0.45345711552557844
0.6506928596721044
0.7892552586118944
-0.47622149502860034
-0.11163876930053895
-0.9395233887634429
0.5993554935845891
-0.6760031500026717
-0.23880138981514887
-0.3866024456292507
-0.010749464626087502
-0.46194161041090287
0.15466887896756898
0.8352605264234543
0.013997766572700687
0.1631976787700533
-0.7449632449479495
0.19736206738231132
-0.564519686230698
0.6132978422281292
-0.4655124212912076
0.6125564516095587
0.8215096536171067
0.5430204135885834
-0.23910482344062634
-0.7563604728077742
-0.11928077929970704
0.6776640276976211
0.5125783852987029
-0.6695769067514783
0.116880796457701
-0.1611381694872649
-0.01457101449326026
0.35732962396867274
-0.3845974216332533
0.33890416941491175
-0.30249839324787553
0.8907304817098227
0.6968893357067714
0.0488339908697466
0.6740546467380473
0.9428902406331523
-0.15187128655519744
-0.6834805949361695
0.017599916469611676
0.9362871952874083
0.4099292626625539
0.02610119279703249
0.3650388472102064
-0.07617580853057726
-0.24344084915473352
0.10650502644547855
0.9501012799129906
-0.7222391978375533
0.15188646808148598
0.2019558880486263
0.44664050560662094
-0.1440497174858153
-0.9794134280828923
-0.9362843074676226
0.48328127356206174
-0.7282397740392317
-0.8452673704121412
-0.04713054829583063
0.082673313984998
-0.7007864370152397
0.46598490541115534
-0.23701524497653703
0.42575591990445605
0.2939340753876112
0.4154450534160665
0.8100835363360619
-0.5346944096930255
0.31388280846319194
-0.1001239278134538
-0.43361761693592316
-0.9494710570735829
-0.4072303358841465
0.3498307956507065
0.5450619261285865
0.7216203505862442
0.9332685772643337
-0.7843796950296051
-0.06015005955657937
-0.5376971537636925
-0.9651518611747165
0.2843722192820761
-0.5170119725539992
0.991998174836765
-0.7627489911710092
-0.4464896668511831
0.6041394932222142
0.6816001994839478
-0.1931490228404058
-0.6140663280654637
-0.5547320770552207
-0.6774805062844167
0.6899565165560557
-0.2634528882732985
0.41813218053196777
-0.4133981292359792
-0.7502658141974003
-0.8209945033096142
-0.10735794666138188
-0.7367251028753186
0.8486780880575935
0.016995549815911115
-0.07108946648892012
-0.144268711410801
-0.2694147831639775
0.49286416649407494
0.9022179983148975
0.4411470895353298
-0.3512315878509942
0.9501709850787734
0.9614907364176748
0.09553798851874284
0.5762395067289541
0.7949823040648452
-0.5625128836782967
-0.7517267470994358
-0.6098036572764876
-0.1820189833704864
-0.899918112734039
0.3443263704201964
0.5621477265829338
-0.4089459933547046
-0.3190874598208462
0.053987166785642415
-0.561461612374599
0.6002172448488687
-0.6202998536447324
-0.5737374921359175
-0.13973486182795303
-0.8673229103287934
-0.17520476597967738
0.35249750886517806
-0.721709016433197
0.37118711267119964
-0.7861746451640748
0.4384567064032574
0.9340695080799988
-0.8366087553115646
-0.15832743365346724
0.49267228865332724
-0.5538353207116675
-0.0631498847816967
-0.5374305922869167
-0.6408313152398168
-0.26668862049374487
0.7430096253105727
0.4455649685420009
-0.16177552950842533
0.297065395140915
-0.4729495548050886
0.6637156055602693
-0.26277984112788166
0.9644440502196716
-0.24303161575939014
0.7221767856201371
-0.3835270532331485
0.29831864132203
0.3306853159428691
0.9601304915660769
-0.8671800859084464
-0.8537445034723015
0.6151590571415397
0.306060228947594
0.9662434366765897
-0.40409978840854044
-0.3201956691070822
-0.22922871014989976
-0.9872798930941875
0.6047358443330311
-0.6449480629823483
0.8261292933617326
0.4272211765693481
-0.1688186820851343
0.41849847498797077
0.36890509698801277
0.08356142351382356
0.6164626416826096
0.2063025670952232
0.17702027060423342
-0.7542898051661102
-0.8996774945016255
0.7383744880924905
0.3433233803501037
0.37375471591186815
0.18785732106104458
0.28845172584310275
0.7278190512625096
-0.7980491200900584
-0.5672202860290576
-0.5886718222179788
0.12657898541376955
0.8835261866042772
0.6647767654901899
-0.671668619451274
0.5900881616933669
0.7451310797497492
0.6983620671755604
0.2104382090595851
-0.2450760713779383
0.49379185186828556
-0.5195472826803564
-0.43282959036568136
-0.7904483274271978
0.810652618787846
0.5715665700477466
-0.08920826001155535
-0.48511699178961054
-0.8434437328480562
0.15255991277182934
0.015587464478341806
0.15548954010153526
0.7845245883134528
0.13757622375021694
0.830551589928193
-0.04134460886987035
0.49030082837881483
0.8983477692544521
-0.6082071631385613
-0.07910249416465431
0.5097301708823871
-0.23862299672211162
0.21903727555920227
-0.8537180638899025
-0.7353018731053185
0.7090875251906898
0.8031164589274582
0.20561150594280075
0.483186107702563
-0.727494043486935
-0.7059989477691819
0.9414425291673392
-0.939069133827404
-0.7965149587281843
0.9032082283831533
0.7289231614307761
0.012732462668854305
-0.05689361890871769
0.5174499982263716
-0.1666212802719793
-0.9709665312418578
0.7640851708676526
-0.06116676045568381
0.7735321724847073
0.5336780170413329
0.7593668752699656
0.4072794708888696
0.20507535858682457
0.09081891757890337
-0.639146602664779
-0.8163290767908118
-0.6881685230286008
0.8097990099866912
0.42722712940684593
0.38977393300369934
0.44996637460963584
-0.24382369496521283
-0.9005255665255403
-0.5158237883057066
-0.2516782868632337
-0.5153195121758518
0.3220420875286685
-0.48972632150407946
0.40985080042613076
0.23645627331802865
-0.1299886914826991
0.9371757703463781
0.8125059398077352
-0.40434056817323993
0.11990809888001719
0.16697643727006484
0.9481564070466668
0.30624705763649973
-0.7733399503253429
0.0003591369377216047
-0.309392570047915
0.0033290665005785147
0.23251351896637718
0.8060911776603461
-0.9095120349131536
0.7683907876574891
0.020964048754819053
-0.19775091844605508
-0.37942306810523574
0.32549122479509207
0.5953669461436037
-0.040414474358112074
-0.21042770113850318
-0.030749122020441222
-0.35444910375926364
-0.5782066855266854
-0.8094282808845605
0.7305253745410019
0.3543155366544424
0.7674377477984071
-0.15441023333719195
0.7705824664340841
0.4827704434025384
0.02874778439443615
-0.2494081231740375
0.5038619020359763
0.23211620468374883
0.6265944906416259
0.532067556772313
-0.18042997427673524
-0.320894572306214
0.09437570821470498
0.3429425887693338
-0.8798822451252049
0.49406025179175117
0.9810753683842495
-0.03270301989066682
-0.313342642355513
-0.8983103327284483
-0.3987250675786087
0.9298643713676205
-0.6960500600143111
0.6171480171406556
0.5754873048810834
0.06922908356749624
-0.39935297577110274
0.3443716362052962
-0.8254599982840127
0.9011808187014563
0.7992296645702808
-0.31424439136126536
0.3126116181960157
0.56188717692834
0.6544712255731244
0.2007776503945784
-0.35171402884021785
0.921770081757233
-0.7321171083300979
0.46245042736370734
-0.34846374763328325
-0.5984111292582439
0.8767168904228964
0.25784184362382945
0.9573827583781047
0.8390219510379067
0.9974886855620062
0.7799875009253427
0.32341658692048125
-0.41794595241358623
0.3476411460318254
0.30941642888846865
-0.0018000023198627702
0.5380383083260385
-0.38223331105788594
-0.5455675849110102
-0.021940712261355078
-0.6974378132933108
-0.8270303447505452
0.34067183564661185
0.3349222967196659
0.22808080440163359
0.6355092468149626
0.6068682779889047
-0.22342114494238108
0.9941356858508883
-0.4558475193516265
-0.4874512517795775
-0.5197874172862065
0.11484074305219871
-0.6935806947873953
-0.9552514381316535
0.39346013009570124
-0.3354916913014747
-0.5320469838311292
0.948775982048834
0.9791271027310289
0.7326903139196217
-0.06905341943303389
-0.36864184184460935
0.7852714924795481
-0.5568959407560035
-0.90307296767996
-0.7667879466679437
0.8710150665874621
0.2959386002799238
-0.9481246419957226
0.5783998843964107
0.9916010602074115
-0.3585206913748493
0.07529974359199332
0.16791004770794937
0.4659233451936633
0.5687466683992903
-0.641482686307246
-0.6259256521257741
0.18486068245050347
0.517559554819611
0.35150248871946843
0.4560236709738448
-0.29402475836439357
-0.392889878208307
0.3921932444077534
-0.0075551207126411946
-0.6334135281006337
-0.3017122628822766
0.12370426894943409
-0.7730698751116878
0.3297813741166915
-0.5381684280769443
0.4730201338364439
-0.7438222583769354
0.09158548160559077
0.9292878907103292
0.4307321663647363
0.752327995123534
0.9259363567886036
-0.7271983812290286
0.5698358027723687
0.20129094484754528
-0.8879025958676687
-0.2907183316062787
0.6593934080036608
0.9395539311233798
-0.19522326692678282
-0.1312932441057133
-0.41150214097653826
-0.8685361559866791
0.9992355033999594
-0.169112749278858
-0.5748022185198576
-0.2064770919525427
-0.08527980415280734
0.726327399578474
0.6612942564681779
0.955224801965191
0.20009447905744504
-0.16431147512653022
-0.7547575712573786
-0.9998544161974521
0.298389662372476
-0.7592744655114021
-0.6181171016244387
-0.3638629767162467
0.36212636576768054
-0.39357890857886546
0.13702739673328468
-0.14529397038524583
0.9804838155360314
-0.3756089546221413
-0.5846910741846529
0.29670903231533563
0.09601586955462049
-0.9865776602557028
0.09113034811774656
-0.7130532427360285
0.2838632245854227
-0.416719621068518
-0.3331207367184472
-0.8234898848401258
-0.39384568364942085
0.4859534223653901
-0.99958982879776
0.22914726816117637
0.6377625105371123
-0.3432521211365376
-0.3942679052596605
0.836351190354824
0.07748366686661035
-0.962815599510372
0.6305635892707391
-0.14135604310659589
-0.2813139867296526
-0.8463599932820327
-0.691823785899212
0.008570358398432898
0.026107072234981432
0.6447752106300666
0.5769906990991032
-0.7650325243058769
0.8994883472675357
0.8036354434418715
-0.18147075799904
0.24543410377560626
0.4305640469655989
-0.5738316301121362
-0.5709945244223991
0.0651693723705229
0.9245710572818193
-0.6647586642038457
-0.6373002988073531
0.8594487670700146
0.5956519716121822
-0.9259410285615279
-0.6271023700315519
-0.9315905589486582
-0.0516472513881463
-0.3990860472075768
0.10281719969213299
0.9176704574419798
0.8946302502639969
0.8115610997657376
-0.09519497600613303
0.2134097748758057
0.18421804180727652
0.10514765543201987
0.44084157051410666
0.9274516303193419
0.6713493771401482
0.8421373564796752
0.9944900780685586
-0.24511581476004674
-0.3133378583591335
0.9889688099884075
-0.36895087522482983
0.3371147634429368
0.5444553423535303
0.6418757818394998
-0.5494935238257674
0.11707841366498584
-0.7200149364752246
-0.06298618745200968
0.4125121180344886
-0.7092200303587084
0.5609620565785554
-0.37952401480873843
-0.944766372161199
0.015999116963300475
0.9563007682688265
-0.7573431278293039
0.363052348823117
0.5458112957123318
-0.02800221450428153
-0.9272374494030371
-0.4159685519083969
0.3615256342859705
0.042590292041274846
0.544764243473923
0.03916033074532077
0.8236511568390021
0.3122352607782013
-0.7611169276863681
0.22804888674713264
0.6930899587481472
0.9307260632811643
0.8531279338091053
-0.5424238872196099
0.7101909451583996
0.37227958860384325
0.5538491358402082
0.17968081499296007
0.892558960269425
-0.39526678806057536
-0.7926269678572548
-0.8033573162191097
-0.8468268814908293
-0.5207524796852983
-0.6368247764533783
0.7031605459300805
0.5284740796443608
-0.2159932397183686
-0.4487724578415446
0.7612238971084768
-0.5356179396051575
0.0834912761943909
0.3632236131866162
0.3992332472951392
0.6908631535117424
-0.8817099204909755
-0.8148183642064397
-0.05634089048545898
0.9208329586461501
-0.21268792226701327
-0.9342102013030231
0.06772734367475342
-0.1407902435192907
0.1646282052640582
-0.6096842858702496
0.5159579836772479
0.8005734680314758
0.15766996674587808
-0.2542806378862028
-0.056438902419162496
-0.01066164062889663
-0.34700224757568554
0.27798480236681566
-0.8302573787808414
0.2697731408209254
0.33612217286837676
-0.7124573670863468
0.6908646755629808
0.0828073057793719
0.7104735124742043
-0.1280170594947756
-0.2146337148579398
0.3606818455969283
0.10300246286167303
0.9098232407556186
0.37043744436313286
0.5514602786191942
0.278553211215822
-0.25933857420779494
0.9309304841857386
-0.5583906993631744
-0.5706709187467593
-0.7922327858387972
0.20260745988682505
0.0017420241035506212
0.03235615861501451
0.1313261242349404
0.07154438125188944
0.031268768890523324
-0.007475913926353384
0.05848014685033931
-0.7401523540891486
0.03785405101552697
0.3990401873661866
-0.16176318999138872
-0.09195965499893544
0.959865572239377
-0.004971691503315112
0.34324847484997756
-0.8845033400492155
-0.008122478406316302
-0.8666118224552772
0.05535739822018049
0.6291506031772991
-0.9545778518803363
-0.19510352057222713
-0.1762270844255236
-0.39804582534304944
0.12015079560176334
0.28841188742254564
-0.02306837424951036
-0.37030079828746754
0.8122248019770479
-0.17197871480946603
0.9877373813892387
-0.8704198607989357
-0.4920940591708294
0.2880058057413766
0.5347109754509047
0.4959573010720275
-0.5251975512463245
-0.27934222987435753
0.6544401951808936
0.023307299417089755
-0.6688184213869988
0.615332947847758
-0.6125977359790049
-0.3234251869726772
-0.3437595161406408
-0.2776064072966802
-0.6904234281461274
-0.30667856222477696
-0.28798128421149216
0.8204735199479525
0.8883120939462765
0.557700510842174
-0.5386466919217008
0.09616240533016929
0.4488731893354625
0.029650916848366737
-0.39793759897336023
0.8774254917282296
-0.4943218958039872
-0.6135429319783969
-0.8212429851077732
0.7481622819948868
-0.1417043399170177
0.8834850016603262
0.13079332624715256
0.01997469290034748
-0.26750156940854586
0.34077488867861927
-0.33299294806893776
-0.16601139990813785
-0.6983441202485958
-0.9539701623526204
-0.4137844601432361
-0.9651196732946441
-0.8394880633432693
-0.2147594216529587
-0.0028108406782878514
0.247115213571655
0.9960691689862693
0.12257742886028167
-0.8474000891236668
-0.16193464235266353
0.22742065035190273
0.235407454647381
0.08402789950549505
-0.7265622470402262
0.6263756188823151
-0.1468174160704554
0.318113989295838
0.07036990193017734
-0.01888654690990288
0.4880491663847977
-0.09701608508841941
0.32281715121760457
-0.6354846836267161
-0.3724176237437953
0.6360297463175253
-0.4241031614260724
0.5033447638693431
-0.8696085211135725
0.3749433814351153
0.48393510935777995
-0.13314096547343834
0.25732576820655106
0.8935899944646215
-0.10855051899665247
0.27124761536021236
0.03169903314806066
0.6185996505953295
0.9272562871419803
0.7240277002972946
-0.009797603318710157
-0.8496587416024806
0.07175008315576425
0.15995013500615252
-0.8073677851172092
-0.17335963162055634
0.10928485223943873
0.3623647010079005
0.6298260193130694
-0.3622156310616662
0.9858320634055926
0.7558666686197191
-0.7190262855209997
0.7848601561932167
-0.04677786868052869
0.42891310078991185
-0.5505907262018686
0.9620135121657474
-0.13586694999172533
0.8416323977331253
-0.5847561378216133
0.9717994438403392
0.6977347975909325
-0.4792394347451716
0.1609887865849795
-0.4240038059558746
-0.3410681941063265
-0.3508012482781364
-0.31361637506703555
-0.013070036832361298
-0.5349022125375331
0.8814710177546212
-0.7508741624287854
-0.23409899391322142
-0.8073933262167825
0.8451261583521013
0.5378056493307397
0.9474386019828263
0.6913691252207921
-0.17151185921607048
-0.08094715145878895
-0.8470525212951892
0.40103295306174824
-0.07093858239560769
0.7620602461236179
0.594240021437191
0.7851467114666284
-0.6905645602252177
-0.008873236992147593
0.5083652648311072
-0.747397478992472
0.6873349432025928
-0.4305059028164484
0.7837193056532032
0.9719640394887565
-0.8764693393930918
-0.2968140638689265
0.31962287901842124
0.3759385421080861
0.6991019968352736
-0.6544195549945044
0.7994099739708227
-0.8303817522520851
-0.10958802400569678
0.37611077601451837
0.568560382987161
-0.7844146802154628
-0.2151900422597086
-0.6822586409838192
0.35728634808799975
-0.4779997236222666
0.7459904836829674
-0.6583643327787005
-0.017186893921179447
0.2171626950304537
-0.13706064575810784
0.30553193124709943
-0.6842100901698245
-0.9500740588035308
-0.03380788407384672
0.39155979371743244
-0.6037166759937809
0.8070842355421066
0.7085438860108839
0.905936757877408
0.9774351994573547
0.5336141840638213
0.011045374686090126
0.998440002068123
-0.7803804143648876
-0.5059482347118414
-0.9924313234624922
0.404079250238494
0.5742526072919796
0.6321897518494692
0.038551755590860104
-0.2448157477433277
-0.5129846607133166
0.6102920926801498
0.7277874419115089
-0.2720537029691368
-0.03976497471435825
-0.43304268007764013
-0.17345493159445913
-0.37034670359264754
0.37186689060043565
0.24243203145024217
0.7603148213539312
0.38472580434606707
-0.5263781476859339
0.23499673343028182
0.649333907814132
0.917199202467236
0.062695063281486
0.09935108885140953
0.8611622665930527
-0.875900672332864
-0.4396518208126492
0.13903036037383276
0.6008547020979194
0.9013781110909433
-0.21006100863179333
0.23542195307196834
0.12418577651772589
-0.5223453882071292
-0.7568836587573422
0.12528896712493176
-0.38014531862841494
-0.4630734369386085
-0.6872474192730493
0.31439037798170255
0.25831715494748186
-0.5745930150894809
-0.7945149534130247
0.9934519086956408
-0.4453807087798676
0.817660977483164
0.9877645129823227
0.42707198438432425
-0.28436758943209717
-0.3286744747955552
0.704294217282309
-0.34734899331076363
-0.8731063784461246
-0.19852461114418296
0.314475765661113
-0.808560659401768
0.6927761036112106
0.49345576119024015
0.28568910733037245
0.8445474186650344
-0.7639103140071626
0.01188116288015073
0.8440876598250298
0.054235052603973655
-0.21906402537411362
0.3764156038713198
-0.4900302797828773
-0.7566287576636188
-0.968034087897431
0.9870181364673241
0.8877933757264822
0.640490797024676
-0.6794647711770474
-0.35641812320227717
0.32965994343252203
-0.6177954820339404
-0.6163466407751803
0.13861753382493514
-0.07473081146953597
0.10626723550926598
-0.44750992962013014
0.04853793510326554
-0.19497190418028243
0.48781945221001055
-0.33025372012829934
-0.4295883286341786
0.20967896058618085
-0.07948581492731277
0.41556966316691013
-0.7344138795944757
-0.21440290001596352
-0.8270487716890784
0.1588365766256128
-0.3099289960314626
-0.602772990184228
-0.9505990876811188
-0.34664583812963
-0.8173888627643431
-0.805145075919208
0.6799171788422964
0.2160828110105728
-0.9375287005044608
0.5159220104383724
-0.16436003656283726
-0.031949825281022415
-0.5385322778294379
0.9605995931171127
0.8334018203050029
-0.6681091455467945
-0.5988683861532651
0.39246056972519083
-0.2369507410520202
0.5127965782165684
0.3012894396532353
-0.20666497363510428
-0.5339075756432554
0.296691765114915
0.8336974307119707
-0.14573158582485424
-0.7088328290203383
0.22368123318319388
-0.7990061969706648
0.9519203235180687
-0.0974336932297466
-0.007842400171956587
-0.9949497853505713
-0.37935459472997723
-0.6813395241687623
-0.5454654208650791
0.23945478961520106
0.3975602381340495
-0.9605936102780084
0.9555809953746963
-0.6256111704487988
-0.19359481160454384
0.836786831325258
-0.3684739844048166
-0.003631479555728623
-0.8875949845642968
-0.5899351002395634
0.7986169423197031
0.018849489837322597
0.6890266678046519
0.3987829018500493
-0.5188486979839955
-0.5295714732380215
-0.45675803759075273
-0.580989106899561
-0.21503194907114054
0.5397961906616398
-0.6259018015658167
-0.14605658600728466
-0.10056996456165823
-0.011151321989544494
0.3762794785669743
-0.2955281781173409
0.88842942536109
-0.7580043350233179
0.060612523535502616
0.04878217638413984
-0.8318995848555146
-0.7324675460092405
-0.5789021553125497
-0.7218300294524751
0.311016849172463
0.4834670174397766
0.45496773111337796
-0.1105443670530557
-0.8373652645051195
-0.265197915860548
0.3249507751375216
-0.8590030647622007
0.5077207016210117
0.814146962945701
0.32455960084202085
-0.6639080379480184
0.4230106457413716
-0.1656074154034577
-0.06165914399724781
0.38354420754497776
0.19298085967631584
0.727182877084052
-0.8728497325760003
-0.6871932126007696
-0.8478690946174112
0.9434150542363242
0.9007571693202365
-0.29542270683936156
0.0480163134008702
0.5632612612568273
0.1826804150856185
0.2694048279128163
-0.05667985163803069
-0.05637879958276848
-0.3374599097429938
0.8681676879491544
0.748565824917029
-0.961180692557605
0.25103526731806824
-0.7214736566209261
0.42518188412039337
0.33439677141104807
0.7693255723408372
-0.9078440353784518
0.04359541449461268
0.8639540231364748
-0.08841308264222314
-0.14472861872148024
-0.8244602591307344
0.6091264901324696
0.9964846666632341
0.6260501902934124
0.40932967927224806
-0.09817112071896017
-0.11403855413376585
0.35454216584046594
-0.7904114584256243
-0.760858427344107
0.3148359043119673
0.5061278894408627
-0.16084529028339767
-0.644710528187683
0.6057705185432136