0.8587669171027268
-0.2350568358551015
-0.9995715702536245
0.6761116491632626
-0.8482633190025819
-0.7671717767629875
0.5410177324990171
-0.9003037828247702
-0.36000935131536704
0.6322725709447059
-0.5324367630114231
0.21827543076902
0.0903639344120366
0.1797656369663223
0.03713152115664453
-0.5823788601612057
-0.246792517121732
-0.6676740005447939
-0.10477703213751721
-0.5063094473580025
-0.17091243743319118
0.1227664789593248
0.1747855792231634
-0.9568293118794584
-0.9292430859295613
0.8559431634993138
-0.12647757176427787
-0.4188423757291959
-0.5821416812268798
-0.7630653180572118
-0.6456914404346812
0.254008411565118
0.5326175736220877
0.7865383520405744
0.9690193219028778
-0.6164382982998637
0.93783746681302
0.28557432619311807
0.855047435458189
0.2991117964304051
-0.8694662799399913
0.5035895347369526
0.1295232515925715
0.99214804834367
0.08677109147962914
-0.07728457218521445
-0.5838331184237968
0.9893009474503203
-0.7780603738756373
0.1477375869840558
0.9632443906718999
0.27011011967434295
0.9477823436645239
0.26225835819954413
-0.17055373738910107
0.21884602304970668
0.7686341228236386
-0.5345486359088469
0.18358973493242647
0.22602400187743732
-0.8696608773122112
-0.8050972440637723
-0.5300691672647082
0.027100687525120737
-0.03046593729831737
0.9849646025614232
-0.7182052913202845
-0.28895522102480453
0.551023376783814
-0.9574897423698319
-0.3941275961678934
0.2446210047611157
-0.17696393646655428
-0.8759420212482463
0.04123710698554128
0.7511641574360488
-0.47185624435126283
0.7544744962697101
-0.5544229820114515
0.10648880407080452
-0.45638836903981916
0.760340023650748
-0.3926004131107532
-0.03941436997558467
0.09211698314835148
0.18714610232605922
0.9449868623018887
-0.06647026551145396
0.20822752947965228
-0.6237878649873789
0.8553795845535248
-0.23566888175866052
0.450677399106292
0.08101772225186776
0.2490057336818774
0.36452841062556307
0.44397699156351367
0.9758748754002224
-0.15982250718327573
-0.46450396611995837
-0.9287148255882511
0.898604362060831
-0.11195789007186518
0.7621483545596217
-0.8533022547965003
0.040055689025689345
-0.8599392758879529
0.14795149595569757
0.11168570634615538
-0.6213364981638783
0.9295500187359982
0.6277163818455722
-0.6277743421700035
-0.22676467668427014
-0.23879112996136942
0.6248847705014142
-0.8975038979826138
0.8271215366941931
-0.37911329978194486
-0.9844189537799661
0.7323911481652461
-0.14596405027743686
-0.961508940761872
-0.7679947520031134
0.9949464926161609
0.5284109143581024
0.27348300310843965
-0.2401322818114684
-0.8830893413704863
-0.03079511721928463
0.21591304000347744
0.0927080161824807
0.6129523802904948
-0.11248925423579448
-0.457942777970443
-0.14774893885425544
0.11874117684699526
-0.6010155399535793
-0.4847665353461963
0.5154450259351941
-0.4726519669252549
-0.8267680382665483
-0.6598245583109759
0.28735293872243095
0.31609218096751746
-0.9461773827772886
0.33609323886612885
0.9575964812374071
-0.6853863116929066
0.41729789294862707
-0.1668816244575586
-0.35352989940119395
0.5592315425571772
-0.09271099005025252
0.27477384733919563
-0.9430166258123509
0.5962852402436924
0.775470445565009
-0.5608227557131014
0.7771802807907426
0.1535669963416597
-0.08998525027312554
-0.8853396545801335
0.36235230989524836
-0.17972646756700406
-0.11326973092163928
0.7572151409774568
-0.37215750272360326
0.4309602156348584
0.16565929313962213
-0.8916713347706615
-0.18235291634454898
-0.7040688403056994
-0.7163142327202374
-0.9133961087202231
0.543708343974187
0.16751125201994843
0.260419636614599
0.9739741947304199
0.2680009869094211
-0.7326379416862321
0.3937073145315113
-0.7847785151093403
0.38919999300514885
-0.5682732213437176
0.1703914705032068
0.6463075997363594
-0.103189961526164
-0.055388879939156865
-0.01624794011633357
-0.02051028031457358
0.028231289214948996
0.26674153410316004
-0.9713140396138737
0.04644036895750259
-0.8720641001413358
0.9484022769119644
0.7628536445598249
0.1298726189058026
-0.40242656268137633
-0.09805771518687822
-0.5333125243559511
-0.9800884639888887
-0.3976044980588833
0.6714953740195515
0.19986250786377746
-0.1334806534809343
-0.12863425507817183
-0.400213572715614
-0.9888902969746738
0.3692027407343954
0.8050684676895516
0.7926641500475164
0.8204131821658378
-0.34816469889953217
0.48275893323957586
-0.2863748936263366
0.7052682462837137
0.36921412197021963
-0.681714172508004
0.8832572431670258
0.16715362893402186
-0.6967434668434263
-0.31732172731508124
0.8108954222959079
-0.14396125958775507
-0.923180112062939
0.06131888628722315
-0.40939153553060015
0.9110661035786127
-0.11765697469300429
0.9632816830153714
0.917269189692214
0.26670930061621534
0.7862877857171766
-0.7174624191439947
-0.5353666418048642
0.1010165658242479
-0.8109216995448358
0.8152314762870732
-0.4113854168534423
-0.33062287753333375
0.3560493310652282
-0.7621091698040081
0.15209386125392577
-0.19052564534603866
0.16497517819023666
-0.7382776108862199
-0.23717359348194766
-0.32382360509709995
0.3777079510302568
0.4108448793381867
-0.2957890706901971
-0.328522644498628
0.40205115524823
0.16346041150191426
0.25714598724472504
-0.7087142533927222
-0.8845683736798713
-0.22332826361633407
-0.8203413950515215
0.3449078906459444
-0.10868102452720696
-0.42514496992012285
-0.7777972253491694
-0.33444552783306447
-0.010203491555073274
-0.49051966233948274
0.7419168418879611
0.21809575355377064
0.6557951559108297
-0.4025563025884429
-0.7806935270446926
0.37353041974694556
0.8832950800182131
-0.05948983128240748
-0.7633397171415852
-0.8408598325122927
-0.08983591948620773
-0.6817655541524532
0.005354914621401141
-0.7161208662690761
0.4823459071289864
-0.0863700792803288
-0.5637483635361817
-0.2372699384438579
-0.4614756602060621
0.4662225046256512
0.7000330483332338
-0.04247248738064924
0.18095919438815833
-0.6826724992174724
-0.003223355356418711
0.09376736738168656
-0.8287425020843189
0.7553650183899909
-0.8865221152547191
-0.10949850096058245
-0.6281787241009147
0.5851729259947731
0.3538639764463103
0.012585665945808122
0.6136652178608615
0.965616744561363
0.5035569379416807
0.6472647812700631
-0.5377071087149499
-0.6717444709435345
-0.5606027335883721
0.5289331567510214
0.6941533802631665
-0.23538353386388544
-0.1945776661472316
0.5855489475801223
0.9406867665839054
0.4993251683181186
-0.02533008902825218
-0.29358098717726655
-0.3474915654219859
-0.17542481840666846
0.6038708068103893
0.40759230706129257
0.025759824114981233
0.9045726516389521
-0.16638423221179122
0.2055347474719036
-0.26757418420705825
-0.760109216423462
0.8638679743534972
0.5431961019905212
0.8704957104404953
0.08307441129832438
-0.6192615062286675
-0.734925787417303
0.2558120787427931
0.6892375994060922
-0.38493968237052756
-0.06006288755913536
0.234230239617925
-0.2797058297380277
-0.06804769777453035
0.12342860502832043
0.07430128941820979
-0.7036765303003754
0.6676978199779418
0.216058171152695
0.7178738070442141
-0.7813774093784922
-0.5958345911879512
0.8376950554307319
-0.8463394181729464
0.2051163840488337
0.06834798615001247
0.08249489936605858
0.16605055056169205
0.7798666689512921
-0.3835849734347736
-0.09827801657595026
0.2870325183227027
-0.49911173027176603
0.6882048392948441
0.8467271862537047
0.2932928840091593
0.13889866573710719
-0.32065437730839896
0.2750468721725552
-0.12663146952451543
-0.7652433700361456
0.9501068938550778
-0.09583154962192264
0.6279060857936416
0.7337229601406965
-0.6096391030554411
0.7914460423315344
0.3361942760057728
0.8038739559521171
0.9107063286415455
0.0011853997877797617
0.3502823729401261
0.30425183285758606
-0.9415081720175646
0.7310508027224389
0.8965467036258123
0.7949596024059975
0.6377789837316978
0.08575810491297631
0.33221419051703394
0.02786724844192867
-0.5057197788771515
-0.25599533909949046
-0.38386823899721545
0.16283612882427634
0.4211759429239468
-0.591179467728072
-0.4130290514865407
0.7525383204301728
-0.9525283674792862
-0.2475842765858598
0.4938714051608524
-0.3875857703914065
0.11005056172686123
-0.6366676407820735
0.606523004710561
-0.42476152410160184
-0.7644572215478951
-0.6956377720170552
-0.300604837981856
0.5812621493225478
-0.7593189623075238
0.4903985193085405
0.7147300346546237
-0.7527991779092411
0.889884498851454
0.41158939639295866
0.831690206390473
-0.9743438530500266
-0.09534418294831148
-0.7197539878062802
0.1838922617678409
-0.4624907509736458
0.4495555025671718
0.32947861994281546
0.6757706871095721
-0.9004176756879272
-0.08810802493360925
0.3956767280791047
0.4525281874013303
0.991671936171993
0.9631995047426105
-0.953728848628167
-0.15938042968651867
-0.06950603063441885
0.8129641671620136
-0.5838385913694708
0.320027841004503
0.338129043333234
0.19404848853280154
-0.19602970369235817
0.9353955003542238
-0.07751475369069816
0.9642105680672568
-0.970951064864267
-0.377493065418115
0.1455356412602553
0.2179141964676179
-0.9466185931266744
0.5904586202572659
-0.5114358541650834
-0.8699349578712761
0.1256609305220433
0.15147319045764296
0.9370552437442115
-0.9403953494694706
-0.8386550823856205
-0.8424974179334908
0.7238282509404548
-0.16858545951561843
-0.32361927840599125
-0.6290704873483395
-0.014790529851137046
-0.3401651156567944
-0.7911589066714004
0.13637877802589804
-0.8897438697770734
-0.25562103488838916
0.6884408503077699
0.20300248959653766
0.1624274910992971
-0.9684188346983003
0.060527421984580165
0.5231740937583509
-0.28602333864299667
-0.5351369268368453
0.20959853667701922
-0.6409341506344517
-0.3661502291471421
-0.3977469791635251
0.12192905695066947
-0.4043432588419309
0.308821249869915
0.34248135262900115
-0.36587452724426117
0.26931693158610637
-0.5278270365277407
-0.41548309831299957
0.7190934790655112
0.24467869238984385
-0.4234324108603231
0.5473642084580168
-0.7345235067822402
-0.13052274785848095
0.26630601650524754
-0.23214514961609067
0.006620293682409351
0.8667957711267082
0.7981324639456016
-0.9877500670769468
0.7341477265938585
-0.3996889744364991
0.8942056218785746
0.3376285067387528
-0.45849216646129776
-0.7267399006908424
-0.32803922563562704
0.6707337422134239
0.6826845083409157
-0.8421749188862093
-0.9778797113168636
0.20399558388849326
0.259620979334088
0.017046439513582978
0.39190801499390093
0.06915502056757217
0.2571991870720778
-0.33281895929191885
-0.195967711700751
-0.5225557577234552
0.3158324705658655
-0.39979705599855464
-0.9063361321823327
0.5040116934226353
0.08680900981369755
0.8048086636466882
-0.5552640148862431
-0.6330731684369848
-0.526943637050866
0.9165124999042895
0.7507450935594475
-0.6992618063133098
0.057643293658033556
-0.5879374045058723
0.8905593225975985
-0.025946991391317953
0.5222061396116255
-0.6996773835920176
0.8608008753273746
-0.5118446504449161
-0.019935583639383525
0.032573744667909965
-0.4344510864063902
0.4114672049623913
-0.6374806324951923
0.9792641906570492
0.2596105346490247
-0.6484204154717308
-0.7607737624919055
0.29629056651994956
-0.06023436979778363
0.4779297618336604
-0.7347458539863461
0.3134148248002866
-0.10263488016324729
-0.8896655621059699
-0.045356023753650554
0.5402732159467984
0.5232746218052773
-0.2859557408973463
0.20593460036862976
-0.9486570251192494
0.3189589839574716
-0.04157550503497376
0.24167547142819168
0.988531003866365
0.2141492443458617
0.5097693732370174
-0.786330458250746
-0.6604362559980947
0.9920966358712935
-0.09673718578255497
-0.9989229552858307
-0.468178497552056
-0.2902141146034849
-0.1393494306463532
0.914635715713148
0.18204842247141428
0.635465053561661
0.07443174883230141
0.6658997422715758
0.7548848484315345
-0.2660812423058483
0.292861325379725
-0.9162194297038109
-0.9404345980623809
0.056990342223826485
-0.009700934413798379
-0.15187665213771906
0.3866979831514621
-0.6335788789076195
0.6836293961231998
-0.5203525826219964
0.8428776338959387
0.9694387067954553
0.21026294925849642
-0.4436975458599519
-0.6983409873560613
0.05861077961608352
0.34063574820087594
0.19637813392008296
-0.06872212344948281
-0.6865943015839133
0.14514223206790722
0.6260927430376046
0.07230802958161076
-0.08797722539526664
-0.07557963914000454
-0.8454707269051203
-0.4595697230120763
-0.8616945233504458
-0.7176154456513832
0.9889397860093216
0.4786461612854811
0.14573133080392986
0.5219406907698898
0.43639542034758905
-0.45076252229054514
0.2707397772205886
0.624339291830222
-0.7874224363135627
-0.17008723147521354
-0.5870705072937055
-0.961301852988997
-0.8205473573323878
0.494247670244357
0.9587000080125856
-0.15722550973613836
0.9765073673347184
0.014199347745206925
0.8911098320677933
-0.32177248349290877
-0.45154712723726487
0.10180323755373921
-0.792920440084014
-0.023428874390840182
-0.6064045295347102
-0.16981768786749774
0.7909240998216511
-0.9485655700386113
-0.546093902299738
-0.521943952705773
0.25867959793393513
-0.5337526441696678
-0.8759374092352155
0.9982716481717446
-0.5008557947294205
-0.5564526889459793
-0.23409576247158315
0.6847398058880856
-0.9067886788170327
-0.5157372903752295
-0.40039440389084757
0.6252046807972891
-0.5314664176076107
-0.8998241303417853
-0.7522988684328837
-0.37719995828451447
-0.13766454834420871
0.9534332640703922
0.24734184036225693
-0.7127882529074165
0.035482171191154155
0.4709093713621837
-0.3595179478249333
0.8898038465599132
0.8720435409718701
-0.19036072809964577
-0.9692259153797869
0.8288765366249298
0.4531879005988566
0.36801544942146824
-0.2785757359010008
0.6992710778454461
-0.30933904326688566
-0.7888264706348285
0.3120298618612585
0.7589148048465022
-0.23180047190519848
0.9367917682944373
-0.054357623274016165
0.6697310053750944
-0.8874577485715647
-0.46334763045455607
-0.6041338301328574
0.7615702168801439
0.06675759720658547
-0.3138015167615038
0.30835791965259896
-0.1554624910135345
-0.5547158225313005
0.7230819955789394
0.8753857751478733
0.7222164227776342
0.22688665023328225
0.6635255591158831
0.5837396600562927
-0.5904478460430467
0.4728743861698528
0.0484390607059344
-0.30565842983421776
-0.003353951548982881
-0.8003163613834274
0.92277167112779
-0.5028701729089229
-0.035377510973269244
0.6449699322831346
0.07255234554225498
-0.3474612151923182
-0.8594029993609045
0.06696914087791006
0.4745521958431764
-0.8057476874642506
0.5831347218710738
-0.4536296520905383
-0.7487083288469696
0.7102703878373542
-0.786254594002366
-0.3945610172736955
0.8520483781304908
0.7162897848188694
-0.642637407325567
0.03678811377658686
-0.08155583766004626
0.792894871976576
0.40086910465134307
0.2421992295151989
-0.1334338115797411
0.3635969826209742
0.02777388100707645
0.10897952355839968
0.9205519482849214
0.4443736839828232
-0.37737899280466447
0.1394997638031361
-0.40229598349148343
0.7274831926549314
0.3430833654533958
0.6831472060404322
0.40764791004888923
-0.7641761792540964
0.641717302787417
0.6612924952232693
0.26126640936364787
0.9585227311261642
-0.7776036519343523
0.4411294936112018
0.2513798690764897
-0.2631253116680454
0.2569081252952803
0.14706366604943222
-0.5660617336961471
-0.005659797045321824
0.9043940871373057
0.4821823330993127
-0.2048530153221264
0.4335578066349144
-0.32817895224758953
-0.6795803506924787
-0.24037154561087393
-0.2445396521922525
-0.6557372141299633
0.24650599555694774
0.41829222508196895
-0.09308970041515718
0.7831774789027237
0.12375315070418913
-0.417179485908417
0.05356095065327393
0.5955352197616763
0.3866291939282298
0.3440272035821301
0.7849381521011374
0.6838786375955825
0.4450663869437266
-0.9137534094780102
0.2751579722850517
-0.024938682518264477
0.9304257510864833
-0.6660220521217544
-0.6885014860516447
-0.8509575090927417
-0.4261629670815008
-0.8786792645941754
0.9680425987941519
0.49755938656707155
0.4051326278631684
0.07075852756835022
-0.29371956049155434
-0.14432703022291382
-0.24780969000786368
0.7590854855345854
0.3209420806573813
-0.17831904393568987
-0.28291964732556885
-0.2533182512728609
-0.757150490301786
-0.9000447069023334
-0.15078629224722917
0.09606223460902474
0.5583563449494462
-0.18179038673603554
-0.17164478380596293
-0.922174018179797
-0.3797033618940575
0.6999843078387413
-0.6950397007172935
-0.8076694497509096
0.10522037038782495
-0.9089048020059256
-0.7835105450878581
0.09624253152824558
-0.2228467208619489
-0.687708649002543
-0.1979575532461504
0.4172228785231793
-0.1279435134222724
-0.49260935212044044
0.942405937964061
0.004646982658823795
-0.3827919258892978
-0.8879788285773769
-0.49952471485598005
-0.610985739453596
0.009699301444933583
-0.2883313028568393
0.5037770070245868
0.17995893503437554
-0.9080925355922556
0.41030959000574185
-0.8195686431390419
-0.03233655407378566
0.6880640129462183
-0.40649389904898636
-0.5941540665211156
0.10155388624477868
0.13058378773417956
0.8465814975348844
-0.8855912119002161
0.9013142985665354
0.004677190855495894
0.9661660450693863
0.9451801653101848
0.825500762030966
-0.33520065813209565
-0.9907120672877892
0.13014837566363857
-0.20002062811928512
0.5086052722814192
-0.6675086212031944
0.7950434316719566
-0.6671012270977146
-0.04082059537656746
-0.7727341459014025
0.389471760038381
0.5707801319970491
0.11207298596841064
-0.5251565897740698
-0.3639459712507751
-0.37536243323497076
-0.6245767397218576
0.17708249523583852
0.5024148732930096
-0.29815341254032623
0.5514735722664659
-0.375998401264213
0.43151022618758206
-0.4163491201507261
-0.4135760677363678
-0.8076073063898539
-0.8379425695685419
-0.4754442797726308
-0.5260839602058791
0.883790934856449
-0.5641658588529934
-0.4752484273955617
0.44056428402372805
-0.22554836362224706
0.9393947091499637
0.30484690823690697
-0.19544122899311156
0.19799986593290475
0.11531033937076551
0.8061946254317112
-0.5111345296488914
-0.8783224980096276
0.9591690906529187
0.032457016657679416
-0.3555851904538705
-0.1476090418051903
0.4385461959328478
0.744585543296536
0.5564646600827676
-0.7961091074962694
0.9202401346563891
-0.06019486858805978
0.6760235020454262
0.7065289832256394
0.5419964164910971
-0.7239576952266249
-0.6209969136676663
-0.11504657819405129
-0.44075463479591837
-0.8135053962931174
0.4877113990348416
0.8739934290147386
0.022728385628316694
-0.4745996336957454
-0.23689611206235273
0.19530844382195278
-0.675046085093951
0.4216345233152805
0.21140979112369607
0.6940034676628053
0.8744757373852581
0.6595078514288994
0.05274493309780759
0.461308895208133
0.9958317257318883
-0.121806249914989
-0.0040355542087375795
0.5808706526158856
0.8808790534793964
-0.9873523547484262
-0.6845208619675889
0.6346617787114381
-0.3648915079833981
-0.8853014491000566
0.047107095470178884
0.527374589533153
0.4932721311997663
-0.01239435234759867
-0.03389221041425272
0.26825769574089353
-0.17004359952778625
-0.5807278641342732
0.6234124198679267
0.9473724661398932
0.9973958994489818
-0.8407814729789829
0.8349067786688429
-0.1265385250856048
-0.21799600217870285
-0.945621258723371
-0.6883677145279441
-0.6685207462826754
-0.7200118824174813
0.5729403908159463
-0.30768218849825546
0.9492016846338736
0.9787926253855714
0.9351240203941296
-0.2795453370036598
0.4630621745241128
0.4810367660904029
-0.6230963313461328
-0.47170538316696264
-0.4647392421044887
0.576827942301102
0.45685748701135975
0.9855315985497144
0.37691544340162575
-0.394237751247948
0.7003354551078806
0.50764286297341
0.1745057389550846
-0.6298391807354502
0.40499771054274425
-0.6161102749980836
0.8597109968692542
0.7899666670861687
-0.5344310998026851
0.02950310184540683
0.8957600841233972
0.10645635983117274
-0.8684534577866021
0.9452440816830681
-0.8104064786341991
0.9240677338193242
-0.907012039197014
0.7026722486699801
-0.9623524289619165
-0.5235649995701861
-0.5109904918421193
-0.42013823612738577
0.3886159064794952
-0.2673944507352004
-0.35640543717283246
0.537887678488685
-0.947649338119475
0.10021076405039842
0.3011612000122841
-0.11288019263851568
0.5917085004172038
-0.520232363412789
-0.19821682483176617
-0.18201903946402354
0.45653427979787753
-0.5995438487877427
-0.6837927874496783
-0.931445110408682
0.36252296599907163
0.3661520539713232
-0.8380433432862588
-0.21867818428793795
-0.04690781531090904
-0.4783796545059895
-0.04183376524610516
0.8231407019014194
0.047419918131549776
-0.22171671308621144
-0.7655873166157556
-0.6403245592383195
-0.9789247510491721
0.3907915679029361
0.3457460716189258
0.7113370699121124
-0.20679602174550005
-0.02989586856048887
-0.08154147733325434
0.1873735343643279
0.7611202490563977
0.05417226123762009
0.5478154353959936
0.9890031056856623
0.1447235151350168
0.4583366319000899
-0.26883054943673823
0.06609524943493383
-0.4373133715024613
0.10109122404925586
0.5916673784729958
-0.9018521998614284
-0.032324253136343906
0.7689063009999288
-0.9120811038246714
0.9610815206704331
0.4792650978110793
-0.3013264641906115
0.9628010724450922
0.5342298165695285
-0.20306402630528964
0.2663930010752058