-0.2332133000652914
-0.6491683742976242
0.5817600086358923
0.39339514447627355
-0.016239906867040244
-0.6865828081391325
0.8265046290507383
-0.3983119509697255
0.3161048898736951
0.127451376090151
0.6304814214977177
-0.10221703290033202
-0.9857334894364331
0.7557224929711592
-0.8988281864782277
0.2357530306017528
-0.849274501840205
0.24419206817842865
-0.8521420280039786
0.06273104540134322
-0.3672792703964305
-0.3347143964762478
-0.018625770555419807
0.2476682280627882
-0.8068997815319254
0.472920000599512
0.013701457124693395
0.3623674300383306
-0.5910263630423738
-0.6764514895110831
0.04417402043443852
-0.51395704516412
-0.006995646622597773
0.35048389158793425
0.008007822199393333
-0.3226572942592345
0.057314753369657634
0.8643520575298924
0.8280020924386731
0.4614483985821747
0.06662823344738578
0.38115427366960786
0.5907804966198764
0.5501609543269836
-0.19859097761731936
-0.6458503173628751
-0.258531061902489
0.40651460135295014
-0.29321268902093656
0.35127520110829535
0.47034364443755483
0.7296601408326486
-0.3304734602292614
-0.47410159240200245
0.3656481708246191
0.530734703902342
-0.24416603966811934
0.7916272097534554
0.5400436538975482
0.3396517892122626
0.9485946210519698
-0.7756758913426485
-0.9613906718765699
-0.9860300168328469
0.35067663670178906
-0.9537454248888402
-0.7184044543530801
-0.7917765014483988
-0.32423098885988155
-0.15177802471996982
0.8948406659737516
0.11844666306170382
-0.8642310316569812
-0.47564005220301353
0.21510187093410993
0.1491275825213203
-0.3357173896570562
-0.7426120105037728
-0.9707003248734092
-0.8283204057757245
0.07995630923496444
0.19463274036413147
-0.42119532561758355
0.4022118497115079
0.045322186471073334
0.5796164588612027
0.9735374845963336
0.3999331654878042
0.03191371295818124
-0.31419291874036337
-0.1547784291168557
-0.8215940633362826
-0.7524891324112455
0.27086120627364085
0.32944423070579343
-0.1699716473431636
0.004893292358013612
-0.6913449671942182
-0.1449886361886905
0.5845423495427433
0.7380305523902024
-0.7385316581766515
0.9569613732411069
-0.4926194540112905
0.9439332357210657
-0.7790869437639993
0.23680219754042042
0.19548732826835868
0.29882445793563717
0.4826798485855541
-0.1383132476898301
0.8007850057835229
-0.1009861147589377
0.871655254138582
0.28079167605906963
0.6292825710555696
-0.9867923350227961
-0.04937115070630371
-0.2687718253637805
-0.02679115355689987
-0.27673536305172974
0.6718523698624839
-0.14679793500255744
-0.03142999899136445
-0.050009630033056585
-0.12315867341035958
0.17361324079322227
-0.4933950950077517
-0.20155089475278642
0.8050443233165996
-0.8736223086715846
-0.04794805958320181
-0.15596470396354745
-0.5864052143248575
-0.03874856896177348
-0.6251596477051253
0.2792073682941272
-0.6774919506784207
0.4489605468228399
0.9696231974554386
-0.6543315525193472
0.8039365007011152
0.43794998699208243
0.7207231047283742
0.3447079634520629
0.39507018497359137
-0.6402587207725579
0.7868995324819439
0.21215977181563583
0.3827732809800608
-0.6590829292006783
0.7880605274267973
-0.832134917566302
0.04729843719201199
0.5870377304888472
0.22827764771071357
0.027317445102772453
0.9027778371011104
0.6556822864843956
0.6698950551379272
0.4708024042364982
0.7105302179515605
-0.343389936394467
0.9990436431814103
-0.7333674537073231
0.1997473211865628
0.571197100765666
-0.1291157650959862
-0.028054351886053652
-0.6436417209650502
-0.49656240484250413
0.3068519985233078
0.9157884648049617
0.2875953353605487
-0.47446619446758387
-0.6725049540783956
-0.1590083922916361
-0.09988123502630875
0.47029110973475063
-0.04231194474337374
-0.8180511170119829
0.23830176406241765
0.1570783218620022
0.5737560686264724
-0.2456782744089283
0.6762688173252294
-0.003011241255489683
-0.854377637915837
-0.71857656440912
-0.374891265927487
0.8134778434781214
0.4828843573146353
-0.06499784076888804
-0.5403579243422392
0.8549847653098082
-0.14633939513737793
-0.4353028832730297
0.9105456890673806
-0.1070935094144021
0.9684666745743249
-0.15759155288806515
-0.39786815377011653
0.9495875033185777
-0.872901325527069
0.7163099185930895
-0.6304916702146421
0.045607747238859186
0.9091604731901111
-0.33552492807451717
-0.8993896684122273
-0.6091541439220787
0.765716807110042
0.6045662576919077
-0.11164979751210957
-0.06376543296016823
0.2044828797269016
-0.9030236488548187
-0.21233906653714696
-0.2611783587474543
0.7160864946388745
0.17915635223301019
-0.9376280165572419
-0.4213439619530792
-0.9111219089765006
0.8374868166056937
-0.49654123505983105
0.4021483943938473
0.14643102560418786
0.4059462330569652
-0.002975669944156989
0.8375948853918629
0.9042297221531606
0.2908624955109085
-0.08368365863876259
0.10701984049883184
0.43013565521175856
-0.6645815329394498
-0.7406033005221095
-0.9784521067029659
0.23571813179337187
-0.37530614015006414
0.752340248425529
0.9066775452479552
-0.3401867864323813
0.00043891068692913926
0.7020218197614132
-0.778619242760213
-0.9669286988086652
0.9732944358200504
-0.12704041715113412
-0.02321734524387109
0.9177439808056826
0.6108311098755999
0.9218335666074036
0.20786938872530936
-0.9627417003317456
-0.6926645904446569
0.6945870447724791
0.015176174625076033
0.6110961530431089
-0.7643679752148267
0.636602106652415
-0.38493940903953927
0.048005811675575716
0.3417833224170186
0.9742951267351647
0.6557294577943671
-0.6178712701366973
0.9544650172659579
0.5829376826912276
0.9082396347108517
0.4691060074010449
0.37341835904003706
-0.9184135174809807
0.6401156648879871
-0.47544412956461546
-0.10273503718393728
-0.9259428750085343
0.7661666024646234
-0.5338079274027883
-0.5822835088013112
0.48268028817828257
-0.2721738082185081
-0.6164430665360423
-0.8077752340610513
-0.5544634788024945
-0.3723993583592904
-0.9840520659594683
-0.9280934359779665
0.8257478373397042
0.02706271756769496
-0.2092515616525914
-0.0453548785958513
-0.1802236230821903
-0.07042913793598204
-0.6078792054217208
-0.640955190096494
-0.8440614156407447
-0.5900007301431682
0.062047378102676465
-0.09610283511970508
0.9399575368321578
-0.7298821610797652
-0.5732915080041863
0.1624480214781454
-0.19351164491723316
0.5741642430756568
-0.040688337683462805
0.3356850148612953
-0.7124956559795244
-0.5776086955355291
0.19998481799360146
0.03638690382372056
0.21798163908043477
-0.4318105989483385
-0.20845719156313103
-0.5941183754542392
0.7490421154300215
-0.23823784708772955
-0.48508044696443386
-0.5659010931781112
-0.19685862058347747
0.38766018464339536
-0.4425900659706459
-0.24886190329277036
-0.342412816265409
-0.8113314481063398
-0.9079584507322733
-0.06794606442059758
-0.624210423772136
0.5733970602128122
0.9841175150708756
0.6428079768933952
-0.0930886270722826
0.9080337107023284
0.07032500192359259
-0.9202211701050693
0.4416692871253507
0.0910210044233224
0.5799268394548709
0.290555683325882
-0.6767981365389366
-0.5354939234107488
0.46488962994527605
-0.5963074464906293
0.0007814584330951835
-0.38898568854306204
0.43400644960781154
0.3980136353494024
0.7706986897290076
-0.8075699745640785
-0.43078583999465647
0.41534466937119796
0.4218759718338998
0.615163971443961
-0.6121323787160631
-0.5486771049176657
0.3433639834036575
0.5703196177556715
-0.3799514771841126
0.2816672113003176
-0.06041043161175086
0.7878940303090565
-0.5423061966479441
-0.7257293373014859
0.25875355557094437
0.9884965193731017
0.5302125774721993
-0.44474578215256777
0.8031138927547972
-0.2931363017422999
-0.47636392522131454
0.43068812700511594
0.19091644603282898
-0.3216874793826978
-0.33670066470052906
-0.4162453696938011
-0.8562378415457266
-0.8881246452925569
-0.7812849176493166
0.8278353821037534
-0.131943257846741
-0.4382862596176862
-0.6050979321741361
-0.47585939301996505
-0.010340344221136943
0.18670277587328554
0.49075833451404294
-0.6739863215637945
0.5631456946877791
0.20270514708072795
0.4011415431117482
0.28486218531097984
-0.3118346687022169
-0.02418683277162814
-0.15960553016140833
-0.4952290513303199
0.7679830623947188
0.9370678537402342
-0.8551077132556335
0.0713203832466398
0.38189311533154746
-0.16471640520260356
-0.49755187190591466
-0.4303968304327792
0.2156640166450281
0.31842825282373166
0.7111696813444028
0.06254853871465005
0.5641448239502191
0.7415181437245535
0.980209444136692
0.32092958014466566
-0.3138600321161311
0.006235730789376337
0.029250993171901607
-0.4407466771032911
-0.19145968051444506
0.3787648337692644
-0.7896558396075606
-0.15709722708880802
-0.3663333299761644
-0.6641895010541519
-0.0853562827785117
0.7796327882086476
0.8492338641284038
0.6746486691477234
-0.25889317812714596
-0.3589665848136381
-0.895806845181107
-0.5395426721077741
-0.5125117446851559
-0.19217212940000494
0.3925219762317078
0.4529362493357303
0.8308944546528481
-0.3953699893169971
0.36413485784875266
-0.8270060793178686
-0.3206229030015333
-0.2344881198016988
-0.06039007621057135
-0.8230937952677664
-0.5228516747596419
0.06822455587745924
0.4475790195565399
0.9110131559765076
-0.7621906498182631
0.8051080767895624
-0.8512376358008247
0.29255269005320006
0.03882287393368555
-0.13746707569383942
0.3355168571987548
0.10971457890445735
0.854982951487651
0.8492879634505697
-0.04115188504817624
0.25740616258852556
0.5937480697527537
0.39600632877263875
0.1904255749911825
0.7545856942562419
-0.23608036127176657
0.7740993587241018
0.096978312855585
0.33433341838760033
-0.4871833203104292
-0.7922635784905108
-0.516129866068282
-0.012645952287130502
-0.5240199656184477
-0.012267366853083272
0.4136411652251011
-0.8065138046574158
0.9812404606538359
0.4860775373627666
-0.9028102188842395
-0.313830420242341
0.2766752116791893
0.5113942357057757
-0.5443768006095768
0.43607995766179797
-0.060565809979700624
-0.19885463425430072
-0.04493227891702545
-0.8702474938643516
0.2627438627624046
-0.12133752727688019
-0.662342181699966
0.2794367827662889
-0.22095159920056684
0.9238130173694086
0.9086114420053322
0.4546871612501755
-0.14693043909044357
-0.6517303882541647
-0.7868538973642978
0.6974056822662571
-0.9897487046908884
-0.3106654485468243
-0.928388062482556
0.8996028991599911
0.8113156374736903
-0.557935632057891
-0.7542887528086302
-0.492167216140146
-0.05487101827234353
-0.924861029439356
0.6431062034696435
0.9077277781169688
-0.04132807697805241
0.6889603484855589
0.9841244274694669
0.5087017135984637
0.8466878318311581
-0.06998528056266573
0.15564596761962157
0.2918650444690081
-0.22688350020255021
0.36516283945444106
-0.5668495796114781
-0.8182138332769144
0.733342725958871
0.18694339117828962
0.15267317555916926
0.7063895916104435
0.7597575755908466
0.6573440006450206
-0.029968981524362226
-0.09652986456997925
0.3363863920125483
-0.25606827578871116
0.5457074595158942
0.007918799330956627
-0.16926305668114527
-0.47610375538905103
-0.5069603123032387
0.1795927900876999
-0.7201853162408762
0.3459020324037436
0.3410402533274586
0.9246664286161017
0.7474484518816091
-0.9267211331170275
-0.9305821549924822
0.958860300523978
-0.3496331391910119
-0.4489806884395946
0.38164381933764946
-0.8375371878275888
0.395916930965174
0.9011562333268885
-0.732213692724129
-0.14510309662344878
0.49585509626800817
-0.40817563847410376
0.8470203420761062
0.18729091912289153
0.3312466268506338
-0.5416259122139813
0.9211295599795644
0.6650982329484993
-0.16926903481109634
-0.20143822288654634
-0.3547496868275133
0.30547509237596704
-0.39591333888667024
-0.05301433575988268
0.6637093843731336
-0.9345082008603756
0.05403136423540955
0.7779473743975469
-0.9043223515887304
-0.3425736409803124
0.8429843831143571
0.8348691682347422
-0.5244255738701704
0.7181438398049749
-0.9707000484967567
0.270693849933503
0.8481128721882976
0.18527481757514042
-0.7592000554295333
0.9415561481821388
-0.11568150625471141
0.10512995404469927
-0.3377418614006604
0.9419728751005942
0.9720804585951075
0.5926476693081326
0.8318405854652995
0.43563601551885345
-0.7691771506639824
-0.5335268290836921
-0.48855855205900056
0.5629305229505008
-0.38855518673543865
0.09679336917567705
-0.8857986233063277
-0.057263407165556446
-0.07065928049626713
-0.8006641035434969
0.1554964208571794
-0.2984264152972149
0.828338735757979
0.19337179571620422
-0.4836325219446709
0.8831405573866749
-0.47107843258652116
-0.16263928745656564
-0.4242534857509881
0.5201917038098054
-0.0011544711322473145
0.02992610921565131
0.5892073117367653
0.24773835427644753
0.44696413538501245
0.3480387851181428
-0.9978490222619025
-0.3268711921904739
-0.19886301290481834
-0.6793404795286779
-0.29114483135354896
0.3205518690593514
0.5813533979942351
0.11662632478716617
0.3172058991918585
-0.21200806700235142
0.8946321559089623
0.8922134152499934
0.5994913758913021
0.8280755966657898
-0.5841565645081122
0.07498922422429821
0.9264934669650202
-0.37229235297489627
-0.4892597361544726
0.9848939229486511
0.8257321142949072
-0.3990541697253369
0.26972310637940655
0.11831244386695983
-0.026064551420629467
-0.27535578962092355
0.24585523133520004
-0.2643831258056435
-0.6105491029320644
0.47133454191884105
-0.7696032769756638
0.6378094650762263
0.0716806358079154
0.15206768868276344
0.23633540846492473
0.7714626119612129
-0.3112410144347968
-0.5418996624730565
-0.5011654999343116
0.24532804075428327
-0.22121000132914914
0.17608606012086048
0.042920847127141615
-0.9502114212279111
0.49456697119821524
0.42930220927819596
-0.3434200292221665
-0.8862457620894695
0.5228576873669655
-0.12477758111873505
-0.7891368355521107
-0.10180512948678877
-0.25409954558104664
-0.8790110752214801
-0.5983136557234661
-0.9349600256632147
-0.8461918766197021
-0.14766518898317704
0.15644696156912663
-0.36853473813651827
0.8967167956705611
0.06490137078578884
0.43765727585459846
0.07050928612223517
-0.5814443275881689
-0.7636829550481798
0.7809123476253195
-0.3764297769550893
-0.8988479764553745
-0.6186716296207311
-0.6602045281507738
0.12713340388738814
0.2516635404944496
-0.2280882059801823
-0.8949949169635487
-0.3920231051112657
-0.661188458513003
0.053307801632458185
-0.8351885306188416
0.8655752558502092
-0.28996191747784295
-0.580024708244919
-0.7672843383687484
0.9112616594550291
-0.4015978772290263
0.46477975415896555
-0.9048019928357516
0.48467234968937545
0.35743835177326466
-0.2680386671705677
0.011062992360549195
0.822741693538958
0.7980421387953867
0.6040779414858286
-0.9488076882555525
-0.3221079443684369
0.051525901199056534
-0.9146811656623772
-0.10383001387106772
0.18086905187767055
-0.013262831392064856
-0.5900334090799766
-0.388663136746499
0.25686121496304626
-0.16226257054206616
0.7322471879243801
-0.6840264002564391
0.682027532509359
0.12887045733323865
0.42939033136707994
-0.016757521884473325
-0.2328298296830249
0.8893695178811789
0.5311586810064917
-0.4874560204095628
0.6628605130622842
0.7036046474757593
0.9500966192424307
-0.42022813752493526
-0.646934329154687
-0.2683145973228329
0.5318023700692824
0.9314990168268433
-0.17312178445098403
-0.6674021795855622
-0.14654379919123883
-0.49791367136077946
-0.6623702269194589
0.8833898367924498
0.14373263090576982
-0.1419396010098235
0.3337924458986179
-0.17741324520392032
0.07340165386874675
-0.6861037723674244
-0.2774053863060417
-0.16865564334908467
0.0606221813938872
-0.6581651797688026
-0.7058131230861973
0.30339072347629514
-0.3801841095645202
-0.8892089010616326
0.24156957238977772
-0.7859897120303472
0.7703119918438732
-0.03364031065139628
-0.7451759133779181
0.1484628788905611
-0.7349025745598992
0.07289097953776524
-0.9521009029366843
-0.3449497366831358
0.9567170600684605
0.12780734973160723
0.8132422700608299
0.9231741044501578
0.19462835122384559
-0.961889923167881
-0.537154963257364
0.46801867325748314
0.09516001323500323
-0.13753209131093014
-0.47926157076739595
0.6389038352227039
0.10382263407126269
-0.27014284412571765
0.623600310722668
-0.9390688090966652
0.22901394896505334
0.19920551737449643
0.7198344729368176
-0.2861884303795006
-0.5510842644049421
-0.03178116060942893
-0.34226685742869756
0.52238663459658
-0.5698717761172154
0.7256943729688641
0.6835080961535223
-0.9431138741969303
0.6259178104417031
0.921545201289174
-0.3000499362631277
0.9821224693305697
0.7699900922454823
-0.39213976852546395
0.0590212314808074
0.6366629289186416
-0.761254368550601
0.49691273457742224
-0.7391899551582002
-0.227305212493208
0.41759693045581914
-0.29165279395739807
-0.589353119626659
-0.21818603239242385
0.25817362446426917
0.6244626216531124
-0.049536409346635724
0.11882921430763327
-0.054107697725716
-0.9964509346120161
-0.40152511189245854
-0.4607345099517355
0.5135205460511789
0.39789557153213284
0.9648038285190208
-0.26559866597020254
-0.5414277890608377
0.37867731469910426
0.7220769568303926
-0.7546669587316683
0.7005356693172848
-0.8354534378740954
-0.9240152472323382
0.6282708343780226
-0.8830121710496095
-0.09619619750727604
-0.41061863157527134
-0.9945409464445498
-0.9630834619612982
-0.21623667087561427
0.5486387313537213
0.3602858899353154
0.36781831932444553
0.9397078801039243
-0.40046183954925274
0.45809378197804773
-0.8027756856040427
-0.4765346194607747
-0.7400434202045163
-0.9181008325066742
0.20990352792056344
0.11710657088046239
-0.5981079554715603
-0.7581679030363873
-0.08206714434903062
0.34382454234392945
-0.5505171776860156
-0.6908895792172964
0.23616160382976292
0.12534043116317917
0.19247803390405194
0.3205870404751754
-0.9202710782853945
-0.010553627724603887
-0.34840887635602
-0.9156990796201687
-0.7244787121794456
-0.42565265447693124
-0.5438437589841303
-0.45960726990966205
-0.825260695717305
-0.6952237921669655
0.22848860277578598
-0.38872627502393753
0.9885451368818312
0.00423896400846191
0.9981353381239648
-0.029300167689598755
-0.9197513367978618
0.34200456123513767
-0.4137413616132062
0.10756503808128359
0.27091125709409036
0.7267725140608015
-0.4702486722223973
0.6539114013547156
0.41432509265625805
-0.056213104928214186
-0.20893865526715594
-0.48329606420029725
0.12599559934821825
0.6396491722236042
0.14431406121014256
-0.20925117293647677
0.8887100206067307
0.8664832994253786
0.15732522038805152
0.3596368372748202
0.12696072026214078
0.03272874632000855
-0.32167981719420546
0.14725543178182865
0.8320588199498158
0.7555664635250163
-0.859675811571035
0.06269418954112038
0.2008199400336741
0.58511162844333
0.7595580303275704
-0.7767113915907482
-0.8116056652895172
-0.36291191077814733
-0.39042484413273937
0.6548697894800024
-0.26140641130462816
0.3452143841825759
-0.04132944141873485
-0.2267596690767697
0.42791954693104106
0.7064637264634861
0.05387225864943401
0.2017338218969955
-0.7523055775901624
0.16998985763863317
0.22636965015772126
0.6361681754909065
-0.8561252749844781
-0.5140268655633919
0.8065233235669964
0.6036169553107447
-0.5669842288790272
0.8908695716992994
0.23161515865596716
0.8511964858961067
0.878255482940445
-0.6813454594870032
-0.7422452175017744
-0.962275437517544
-0.814094072356351
-0.04183514112729014
-0.984407703571835
-0.968273653450465
0.9094180198455526
-0.4011765489871699
-0.9352215277445215
-0.30087989299859785
0.12326251407550726
-0.6206380512722178
-0.7263264638143958
0.3758459528530056
-0.05662551449235065
0.44785289556861163
0.6218102879704606
0.32444724317151374
-0.23633201313961782
0.9598545140565453
-0.7103139629979571
0.003496450028134479
-0.5512030164097375
-0.5514672144373038
-0.6597025251684736
0.8341963112304385
-0.8065453916522869
-0.745583460610056
0.6044421207019695
0.5277128593885274
0.8704949229039423
0.5670162126619127
0.5161746315409641
-0.5958843426121969
-0.15874404166555567
-0.9004102279126593
0.301466498227579
0.6734862405197795
0.554599110721844
0.5770799083384386
-0.8611019489955245
0.7716941009490117
-0.5717983908467652
0.8453475280642764
-0.055378219906842885
-0.8545556512034616
-0.0913254005322306
0.7210658280424584
0.45506000646078415
0.779970009026286
0.8748082586472141
0.839729998082599
-0.07529713255013903
-0.2424145848575774
0.7080547445444068
0.5338305651799966
-0.4420618155537954
-0.696723679088717
-0.9470090429758118
-0.30780384502171776
-0.9582720097100419
-0.9685129991609538
0.21489280407697087
0.6545776644553243
0.7724880988102407
-0.4539997095261674
-0.2808952801770712
-0.6264471857620386
0.6890283733371809
0.39516414121435917
0.08099296099075359
0.10710151766838094
0.31487353002143204
0.6830209549060016
0.3519000021258063
-0.18595573796719234
-0.35366152618123525
-0.041728001714869345
-0.39749017064002556
0.1340652301315286
-0.4717274757611698
-0.8048443474872693
0.36909242709299406
0.8173096357088603
0.060430427633856754
0.8078260748738515
0.5413422703983639
0.2612025915731053
-0.04996111086354693
-0.14150927163780525
-0.333132645001077
0.6474014095991936
-0.8689671944601678
-0.46056191108652134
0.41555191005671754
0.7872171727222523
-0.6839377626156413
0.18592301830476177
-0.048256611190834686
0.8270357501724059
0.0692172180114985
0.8252920083446642
0.6406396734579447
0.8871737530740895
-0.9156233602559738
-0.2681665871150878
-0.21987237464282572
-0.9529594109231516
0.7743992173440075
-0.6067984447413737
-0.8859743864101721
-0.8651459564807316
-0.17524533345136217
-0.20037356922448568
0.10310882102771579
-0.5476266467068795
0.308974006437331
-0.10281255368156783
0.25104330060940416
-0.33871172220388446
-0.9123251294320525
-0.9493658720556823
0.6049305539763323
0.7608972011019635
0.1547333240401325
-0.2994320103697057
0.916507951879413
0.03923250932024569
-0.7765061344173836
0.38823569610927855
-0.6379524050368814
-0.2030212065829755
0.4911037237685616
-0.9971264050031654
-0.8632879113969734
-0.2772297600737381
-0.3234179769345298
-0.04163671776394984
-0.6327299189438791
0.4222991185128242
0.19825917912638436
0.9955154510276332
0.9324790506406089
-0.5432806978908911
0.39671420531932666
0.5335214481992878
0.09787066617224505
0.9122501377138721
0.9823166465569497
-0.19083391408174677
0.8290510697533644
0.2630786179688731
0.9815073354881068
0.05486029461435882
-0.8394570869510769
0.31846068331935684
0.7079273860067217
-0.6269345302704079
0.10904967289571155
-0.7025736482033178
-0.7576348439568674
-0.11409203823909642
0.9705857953496853
0.42520379569501454
0.7568292047472198
-0.7750007552593718
0.22682370072679725
0.8179528133125968
0.613589729724344
0.8818668961211509
-0.5481553450286001
0.29451098402411624
0.17106163691460452
0.7406755532201168
0.06997342285273467
-0.57525396040948
-0.22458377040732858
-0.3950924029761316
0.6081583248516331
-0.2180897320927957
0.41565480359733975
0.5655315984746023
0.690094512702599
-0.11046122896535748
-0.9834836759280807
0.41942358703129146
-0.2762787743386208
0.9875707012970931
0.9400207288287874
0.8379765157056371
-0.9650551803217968
-0.6804181658404311
0.3729219587325763
-0.6286815051711823
0.33400570861513157
-0.14305493041732475
-0.8890525369279849
-0.4596568004150636
-0.16330289105588558
0.5232922709252872
0.7898051434467843
-0.9971166031709955
0.13110888404464038
-0.4529421860588778
-0.1052022220842812
-0.14258200422895584
0.020001495228616717
-0.3222179464903432
0.9304487059319781
-0.6279804474525099
-0.9475579764568571
0.41525050012373454
-0.3437582893042188
-0.20497888190211766
-0.603792903333447
-0.9592610681378073
0.9613295817298733
0.02752933372620836
0.3260147565748057
0.24249185622133562
-0.6518074678557322
0.4073076177959385
-0.5347736875151932
0.9313623334455847
0.9983177726071326
0.24250375706872296
-0.6091331208527766
0.11207518031302754
-0.03176935660164748
-0.5421349393203596
-0.2396905306598489
0.53519197396686
-0.07018771165412185
-0.3959180138800418
0.8762401715685413
0.31223916140223595
-0.5803732171719249
-0.11971584603312757
0.9058120714029978
-0.36628945678936753
-0.06889002017300294
-0.452634143214407
-0.30447228259701675
-0.6779325585981937
-0.8096276825327204
0.20402910487920178
-0.1039800041030583
0.5781917992540619
-0.19009451477193928
-0.9399205808789322
0.7357254433203022
0.45800290749919204
0.5990075356085696
-0.40335459946180574
0.30656605204022314
-0.4320553607563893
0.4594890268933245
0.9989947233261336
0.048979072154240244
0.9343625826087325
0.11105370774403034
0.14680601448108233
-0.5714646990124481
-0.4129936965118497
-0.5067688096780771
0.7852567815944314
0.43850358950644
0.44194344369998717
0.8919491042170222
-0.04947820655030499
-0.9756879504233367
0.9282913779795579
0.018254254086098154
-0.5308061907689359
0.22607832306197473
-0.3110292667465906
-0.5180641469963907
0.11834023890374334
0.7719256378597863
0.1594781139900765
-0.8999941337487187
0.30751943049298824
0.25260751690475436
0.4140964347881535
0.8123135443994232
0.26517891048072517
-0.009390898217493726
0.336946677206585
0.47157877769904233
0.4050620948667656
-0.4296337713151357
-0.551802905585282
0.4646445227091025
-0.8514438781733529
0.1860235201578988
-0.35380263544502655
-0.37980272919071445
-0.40964591480063595
0.17459478533649508
-0.8634471844155636
0.9151143291087345
0.575225454126516
-0.0951425680885698
-0.9921535336169083
-0.8324618848102843
-0.19317449887632487
0.16584720126861208
0.480075506279545
0.263100330812551
-0.10008339955761425
0.6797686897455706
-0.528841252228945
-0.5565749082019529
-0.1805354942554558
-0.0015887609789431156
0.5622678526651523
0.05540350306998354
-0.5679947293916408
0.5816442410275393
-0.16507783914642404
0.746350432003718
0.3785910092081102
-0.42483394950823183
-0.5565886909484181
0.2365914046408779
-0.9921001385686088
0.8252122651744731
-0.6283851876091671
0.8707519824413938
-0.17520119606763251
-0.3790499106464247
0.10581443249350553
0.4277939939655644
0.6121269070340454
0.06427597298538723
-0.374488548923231
-0.09593024731018773
0.7225796465825824
0.3208191855235747
0.7527158511947354
-0.03277810356455557
0.9671152361261957
0.9083104408995628
0.421937930591898
0.9054770953701674
-0.4163841568690756
-0.3829547583361783
0.6261529357323499
0.10128696093636269
0.48977244521748253
0.6494817986619192
0.7520235713901153
-0.0485559901315642
0.08768924013837642
0.03330859650231366
0.7101601119574794
-0.8263273298888982
0.19521479070782255
-0.24522533650634526
-0.48708019291515137
-0.43052331994116466
-0.08879027077795332
-0.8148137460898004
-0.7641963505452818
0.784573514193937
0.8331355966104521
-0.17738885087178735
-0.5626773569539785
0.04228567202829936
0.9101416736702899
0.020082649768248917
-0.6981529457385505
-0.37909283818232153
-0.9472536068971511
0.15197123440714244
0.031490701167296464
-0.6683437423287073
-0.3215655051630735
-0.3171979135294165
0.698244649646593
-0.03404625372091252
-0.7774700056562096
-0.3113449434047104
0.298821665997018
0.343875574809559
0.5602637143784706
-0.9424212978485984
-0.625449431180708
-0.9228989184827523
0.6182038810659374
-0.18188535158388186
0.19428760749773066
-0.08448875436959313
-0.33818503851734283
-0.7145854921714376
0.09134455001852282
0.19170705989968484
0.45503811197026556
0.4003407262087373
-0.35638681206426037
0.5290964563246026
0.8822029543745915
-0.6458365324681585
0.10112050138896755
-0.4240250466709521
-0.5390024682074772
-0.9335258891325662
-0.08202707624860017
0.2497307394356496
-0.7607804552247166
-0.34534894434305863
-0.8843055039915653
0.07784502639751101
-0.7777517290669045
-0.4822037921721156
0.4398931980406122
-0.47222733479665213
-0.9584568735575238
0.02146560596398106
-0.15837136870345936
0.9445746088646612
0.8492443085327013
0.3976554878373417
0.41663919916074854
-0.7294230394919508
-0.37731438484328783
0.49377236633003974
0.1593022602780274
-0.31796952374559084
0.03905371814702585
-0.39002358191418574
-0.13084020392010953
-0.4266835414964234
-0.005976449090998814
-0.31371469939520824
0.6605627529650646
0.41693300285743917
-0.913722912240609
0.08413933398757467
0.024908791003216857
0.44148176372629067