0.11230390512284916
0.6923234775795419
0.09264452189016925
-0.9775151925999204
0.879030612601561
-0.8932598213837886
-0.0955769496090575
0.5758753191453134
0.5532075080026171
0.18801040661910418
-0.2056908153963688
-0.29514051706745015
-0.6948369015379661
0.8295044753151768
-0.7987294855043838
-0.5102434799595603
-0.41405226804400397
-0.14626389569352694
0.5061895490969217
-0.1608967599722988
0.44561342151271566
-0.9764741098316851
0.5175604109251468
-0.3266478032071669
-0.8193512866281336
0.8569220492671394
0.8955175296969706
-0.2053159058321099
0.6340017905779067
0.26211915512726547
0.881257509065384
0.8629446206282088
-0.8590613680465942
-0.04217463514211928
-0.765209251819505
-0.479426482668035
0.15125776091676646
0.31424621714498713
0.43822139262975446
0.7728536577279153
-0.3772839642761776
0.23050438315077226
-0.6096063128239011
-0.7535610515158786
-0.9725020912959506
0.9376247426927888
-0.254808652532889
0.8766046236385607
0.6222743375832673
-0.27495499768275833
0.4705763442869533
-0.1274200742426712
0.45560310708967533
0.30340393245797825
-0.8110562045201215
0.3715713665585254
0.5667873429177972
0.10983322623004188
0.12142008349193523
-0.2488775617231731
-0.4124632599443361
0.2882852196570431
0.6304747031412254
-0.6081825319177125
-0.051509522040141587
0.6887561359938281
-0.09588622111546163
-0.09125066645069801
-0.6872948119899409
0.8261837028578876
-0.02287094539069412
0.6286105753813929
0.016533221064392478
-0.12271049831315639
0.5757744261824935
0.643082270343124
-0.2852767790634698
-0.5896953624044496
0.39274123177757714
-0.5747494583986166
0.024603743090987784
0.3853485267897059
0.3905777995945001
0.9556330160300153
-0.19728425933366522
-0.5924161840219766
-0.300262371218446
-0.8921007523686952
-0.4686045661148579
0.9870707583609357
0.2939990784167734
0.13280624589371826
0.2885477792580644
0.8987623513603342
-0.044022534222818654
-0.9739356454979222
0.35150559168615314
0.27778365843573805
-0.9879704418617468
-0.2525729515160595
0.6589935583761057
0.8965151398878684
0.36758763742266587
-0.8310155377127904
-0.22815905643902212
0.35207247367270167
-0.7215425150956858
0.5950653610661825
-0.5767190016601758
-0.20870739266350835
-0.7832285683002287
0.7007697409984508
0.4283016494035825
-0.30003353432926727
0.6239999151315259
-0.4642702123670246
0.9282089613274098
0.24340225464850107
0.6083525994297867
-0.9790178935674658
-0.4053497669139463
-0.1204776209593601
0.2704961395758958
0.9119453119333185
0.3022585945691998
-0.5968349195882923
0.7161403086111084
0.4620236922900598
0.720838000566064
0.2907139396038374
0.7270985636785221
0.2637055857496702
-0.058615855090500935
0.9052155976897505
0.904963805303703
-0.7824634779236594
0.744824254334975
-0.2381575043032702
-0.546403127190388
0.1544123890186051
-0.535287849209586
0.05464447504086989
-0.3964988571368613
0.23034432445059538
0.732775643435839
0.2496118902383364
-0.3182040566256312
-0.0561830875999092
-0.09451837324903933
-0.15471811511849642
-0.8181299824749997
0.44218395307471514
-0.6312362960604745
-0.8667586533700984
-0.4157843137644339
0.6844282598965443
-0.541691061524378
0.12534509406883898
-0.1212224036054621
0.8508045754896034
0.23909101356377027
-0.07147615053351619
-0.45291297271200626
-0.7947385733182215
-0.4409181068548722
0.2779568589551451
0.9689740319104174
0.14730805189624796
-0.058881354278436326
0.24190017860997037
-0.7877615705882477
0.6631123841878641
-0.38093743480402087
0.7577549004224264
-0.8942869787222667
-0.28647266402673144
-0.4092222219115924
0.20543149765677526
0.9288521562147782
-0.18463986047106995
-0.6784173779181095
0.20043161008516597
0.004198565903472673
0.9714366833257748
-0.8805748190202589
0.6722243322875512
-0.8951311416808672
0.6691189809990132
0.8045373997023886
0.4262719187887414
0.9322861672272706
0.7606352267424359
0.3564566736194077
-0.0777060473525597
-0.43843575912193233
-0.7736191540464901
-0.7008388591418502
0.17281026184194936
-0.7722315347648745
0.21827983354522873
0.23218391209969957
-0.2603465218892942
-0.9186479301195045
0.8719342723658765
0.3133906464184615
0.987850463010387
0.6349457548074708
0.9782896076615817
0.2892826322432953
-0.382832302462357
0.37656659484762645
0.3907485363886305
-0.4970288622736272
-0.4550037683080337
0.6711620678674264
0.2814055576624759
-0.9752731020032255
-0.9277457346275693
-0.7924025076911361
-0.3516943369333805
-0.9172342675928182
0.01989142389602394
-0.1724984718958622
-0.7440442820573259
0.9582509718313275
-0.004242293090921612
-0.0007633435170868452
-0.8328694769441296
-0.9634871246570231
0.36585508856975024
-0.12500243803550548
0.0984875240359595
-0.058978482843789815
-0.6059243418987037
0.4905436333533366
-0.7107263481380339
-0.8221632652601154
0.6789469506176775
0.7266057501267273
-0.01579995616097274
-0.8086360721103358
0.6142171408967587
-0.3357738951007705
-0.2345779020421619
0.23606439728721318
0.2692215868197827
0.7741694962751711
-0.19918848447796633
0.9278777370957405
-0.9001889789688842
-0.5730238661373854
-0.7553886528312135
0.889177743426061
0.5164894800992277
-0.36104246208703983
0.3276873345801785
-0.76853152311258
-0.22689642218850548
0.1871977853648592
0.714046313028013
-0.09423323588885957
0.9274282813763539
-0.5802684226127244
-0.2378780501490836
0.7701462469676286
0.1355728810863428
-0.00712578767683536
0.3655159527039509
0.4912972016938342
-0.762848539371962
0.5862358049888399
-0.7213045674054519
-0.30219446163523833
-0.0681204938207165
-0.5550654052689952
0.3526479349501821
0.09021765121350134
0.6267127345880465
0.9233940873977127
-0.7765269349980406
-0.470266024326506
-0.22550773964479998
0.7113502720326814
0.10515337276574521
0.3011012074089805
-0.748864782351534
-0.49452244015487956
0.001723399867781028
0.12766843765661773
0.8415603984051787
-0.7959800843453819
0.21262865819285715
-0.06796044257123124
0.7050220052957705
-0.7575054759740831
-0.38226010246759246
-0.36255182298203614
0.08370636838622825
-0.26647809977605963
0.09570455707682823
-0.3857396946640719
0.4501713467203077
-0.11219624929535721
-0.5660846093054364
0.2231466204948247
0.8168955155027626
-0.38210168446643755
0.32757112376903463
0.9200532253080276
-0.4683694011496371
-0.5823838133445618
-0.9303142834773086
-0.8740164183019712
-0.4835005230736127
-0.7712920240588979
0.7790296883145258
0.27229503918161124
0.08696823406056908
-0.038296959980033796
-0.14030140994275486
0.23453073949523917
0.5012358451721599
-0.4785813109270418
-0.5277154320635271
-0.3996837113489109
0.6079850749264868
-0.17490486537381078
0.8034571218709443
0.042657666845955955
-0.5955959724938997
-0.994368798922866
-0.9104256652419154
0.7005922090714629
0.5230653842377511
-0.877635382884413
0.6495750491028855
-0.3059222112953741
0.8111436699220147
-0.01323484986101331
-0.13841197300087904
0.9807870779197305
-0.8620541375140505
-0.0978957800174578
0.4179435668138358
-0.7991249164473069
0.5398572652205373
-0.7566032460580496
-0.8261996831968244
-0.8857968857290361
0.11427531992373252
0.12459774972030901
-0.8236561139618686
-0.6613051104792071
-0.6215709069410811
0.03745561285718835
-0.30771092804441125
-0.8601082250303453
0.5969104136711725
0.09468929483876476
-0.12428142372854878
0.3392525297930544
-0.5487260762965371
-0.3489060947800404
0.7143367762793829
0.5966371246677029
-0.746946055759814
-0.9698308965955127
-0.011366408121217475
0.9944503220174441
-0.21685502763025588
-0.255481172882984
0.7868354152498045
0.28002670031000676
0.5597089393263972
-0.9342318116926445
-0.3867716491292623
0.7415281636503743
-0.6948045938799718
0.5124243907286223
0.13774229559913964
0.9189367361392342
0.47986763341529626
-0.4201756166245758
-0.8118776949727446
-0.9240130036686269
-0.49782144842546905
-0.6032878189159432
-0.03003318265736854
-0.08411947073198567
-0.6763099686613967
0.6760242571816024
0.5062078952359164
-0.6997304872197405
-0.7840525647092245
-0.18572381550065087
0.5528686871009532