-0.20513246041833066
-0.8484256593022657
0.25565536080351303
0.6339985500025496
-0.41587737056271723
0.6615500699889032
0.22930603161425211
-0.47548087729715327
-0.7939005722452503
0.3555996503758765
-0.7612732712055836
0.8173673738703675
-0.33480275161296924
-0.4275375385286908
0.5529325372826122
-0.9412660140441955
-0.5233242203364179
-0.006749254647368863
0.48077447896095893
0.18618678848935732
0.3855224246372366
0.6979427126088535
0.19226283692543467
-0.16408612489666075
-0.9353492476074676
-0.9507088952961178
-0.14059203301311896
0.3141090473680692
-0.7985605069157011
-0.9140038423006764
0.8902514016040595
0.12653917770412382
0.11458266160853259
0.5617579932880465
0.429774372413152
-0.8711985506833742
-0.35877388643027563
0.8127791246767162
-0.30297937161574673
-0.3656519369120679
-0.7282377905308255
0.2121553120142492
-0.41216984749597807
-0.6003601285388354
0.9436253670017567
-0.6837307584650874
-0.35467960966448464
0.8706386695453012
-0.35534766017672115
-0.30736925125170056
0.7370846190479106
0.5825119587709326
0.6672556111676091
0.02512233859562607
-0.7896696137588199
0.7164083479611074
0.2278213180190709
-0.19638590244232312
0.9350492937830517
-0.7282048210558982
0.49179510436742313
0.05665739374684642
-0.9270151062362337
-0.5936289265534438
-0.4768849686998018
-0.7955507213742175
0.0029166658635053633
-0.32630233354043003
-0.9761668297563675
0.4564052909225682
0.4150289078241849
0.28907073423741325
0.1421921745955359
0.9146456228173847
-0.9313857540768948
0.18890667340313505
0.6782793678001631
-0.11063691109948559
-0.48092125188164214
0.9135834233449838
-0.9740963872099362
-0.272894110453219
-0.42409793019742836
0.015645923724525668
-0.7007759940407448
0.9879912898893348
0.2626863656449745
0.04992865596931528
-0.6252469473809112
-0.6318715573871492
-0.14372613450808536
0.8414891396538315
0.5196094427464695
0.17756576357965503
-0.30937829647633497
0.8966136154145945
-0.632487142354879
0.4843288660270735
0.40586907648334525
0.3375848848382996
-0.29173108070485987
0.8490345535891979
0.7759768737324264
-0.40846787997746015
0.7352757063900572
0.48784706711485604
0.9640645074620926
-0.6991866894590175
-0.5698799707535498
0.42147273268535534
-0.28440685245885833
-0.6096357103992902
0.6030007390761101
-0.7630706482085021
-0.1321106051256804
-0.897377703140168
-0.6128944029811318
0.8569422147105332
-0.5347016111742409
0.1493093568573498
0.6100984526329303
-0.013670116646149033
0.6545282382112763
0.5052016668363224
0.48047535783705597
0.22406184061258339
0.7302668823946916
0.34253669136415654
0.982767716668397
0.14973725364644053
-0.8872979832562733
0.07017300510870816
0.4224554909356111
-0.48835349743451095
0.6265864093634974
-0.14344025253035886
0.389171399079036
-0.287655108284562
0.03492858416431677
0.5804432563660791
0.08007354971009373
-0.9056303879568359
-0.5979664757259957
0.11412398823450665
-0.604958648526249
-0.9803377566659544
-0.963506668207355
-0.7673277800587404
-0.41074260835263
0.9272635527907775
0.5548508070391258
-0.8156326515019812
-0.9907252474720247
-0.8686077532732581
0.05616532815255848
0.9740036542000039
-0.09884990328791754
0.16922100145381425
0.36800315022438546
-0.1532752797838275
-0.06816668838480866
-0.22451694650384657
-0.6334118239545894
-0.6092863722984543
-0.8992087767547974
-0.7879546319354784
-0.036264102835349865
-0.9921439279890083
-0.7062184450684752
-0.923993302214732
-0.48201780056952837
0.3465415737391273
-0.9146948158129689
0.4524950448596974
-0.32741965086257196
-0.23923696787927184
0.7133361644521861
0.8957881105732917
0.5095050107718724
0.33294611950199937
0.800522431579967
-0.018501895219583675
-0.40337283941615
0.6181953780704057
0.7238655341365772
-0.5190747860557006
-0.009644485218202492
-0.8227858072215766
0.6937573975351798
0.5733495030565101
0.05803617869979494
0.9937233138787727
0.31309847779696454
0.5599095940163354
0.9548006686154107
-0.6858087603097538
0.0387641498224327
-0.5158502187067211
0.18179195361667833
0.6691557302666424
-0.33328529881696634
0.5001814730026273
-0.13879937028075662
-0.6749323320511931
-0.20405133587345925
-0.12724312047764763
0.20790272525480025
-0.9311496270456803
0.7638726765230344
0.3628103450765374
-0.014948083487419384
0.21852072251015486
0.7302168377487097
0.5435982204241854
0.36688956668090267
-0.8531172708781796
0.10324586165954885
-0.7048236903840592
0.43919512654853166
-0.8187500800198424
-0.8015171324588066
-0.25834450343133764
-0.1608584568065663
0.6263896296831604
-0.01094185922675317
0.3950696812388983
-0.7083565946478441
-0.4606831610272415
0.8592194559396933
-0.8342021437666545
0.7597417266280524
-0.6889038501035565
-0.019303448612738583
0.8895753945605942
0.2704755173759352
-0.06082230999783067
-0.1529331467946371
-0.09205861223919931
-0.880584626863455
0.0974546803545
-0.7198878037031147
-0.9429658599040089
0.4730978375125501
0.33451392589890205
-0.2642540509438507
-0.3431357584146997
0.16931465487380803
-0.6125881097066075
0.3221255820910902
-0.11354463894856281
0.7770197596782535
0.03940407080464059
-0.494135803107695
-0.023039880521024125
0.20894914994538105
-0.9685629833071245
-0.34452537540571737
0.7624759205404397
-0.2783508383378108
-0.8959697595405183
0.6442403556353671
0.6503825845706306
-0.46950790236320183
-0.9127003770578539
-0.989065992734949
-0.8524655875018428
-0.40093946515873014
0.9212226676151278
0.8215078872743324
-0.26080703651941994
-0.8834968603606796
0.38803402953378785
0.8415309468276742
0.914935569156043
-0.9483646313520566
0.8207625533740712
0.22451128876842041
-0.7231320928972766
-0.14521403430132285
0.4632888657511096
-0.5878800741918084
0.03642829612604759
-0.32404934733678603
-0.5942691806838427
-0.6404928847648812
0.8032010612904295
-0.711626009931221
0.7675778113783209
0.7989790816729778
-0.020637702474966657
0.3776693621188141
-0.9479269760554676
-0.08691782555377814
0.1504072462160826
0.41800636469477426
-0.9502528333977089
-0.17539834738530624
-0.7974041386835291
0.5981755216493236
-0.8985970708207796
-0.9651699312711328
-0.07193046749413479
-0.5785536335811716
0.32585774124502875
0.72186915367072
-0.5541484382877728
0.04772418125321609
0.8524316011149902
0.7929308351383564
0.248367823669702
-0.8762133552728022
0.5044448600016744
0.6616232164033018
0.007769723272871065
0.60983929529647
0.4437879964196101
0.5110144631011069
0.04656200175786873
0.3452234397455691
-0.4994471199023731
0.4480601126593793
-0.7186870313892884
-0.47895607697700515
0.8998766740251385
-0.9291042073257214
-0.08094332744802757
-0.10085504932778666
-0.6123654598908512
-0.2192307025503566
-0.5622669965660592
-0.6362280259913493
0.4374372315778192
-0.407307000380408
-0.7066384714531679
-0.18318345573436234
-0.2974040709970438
-0.9735867757672529
0.6942795241810733
0.38217367713755523
-0.055979002456766125
-0.8051736089656252
-0.8627267454006058
-0.976391192596886
0.7013711673872951
0.7844679452989531
0.6285794650290151
-0.7681845457272853
0.8979481905691429
-0.317163465724688
0.4885222916776413
-0.783798744713037
0.5991266360932477
0.9019002807074503
-0.9164347207971832
-0.25169388779672075
0.9639192630139364
0.2919211090703093
0.6084417298003362
0.9605201865715169
0.2986813493836462
-0.075762859008349
-0.25890080672072213
0.7628755820422741
0.692434474090754
0.659563402773979
0.7895869714887667
-0.9277195437442189
0.302803325689573
0.5476465666503125
-0.9100441435001569
0.7822011657277383
-0.2059441218880138
0.030107956735510477
0.31875163354903036
0.5961004011763684
0.6267940753044663
0.6885660800717042
0.36407501645353046
0.5035518920805229
-0.8200556141121358
0.8368856072758104
-0.1240794993117027
-0.14602155025269004
0.36204752723802236
-0.942194593953602
-0.5263407928699284
0.10369342114920355
-0.19987177305940218
0.25681682363296554
0.8221963301135276
-0.7481496380779311
0.39270119224154665
0.4599901976865737
0.7981304711652288
-0.0907733869779912
-0.49092485615863324
-0.25148465406690157
-0.8292353239308614
0.010189146703068364
0.056881695059276094
-0.891555413883071
0.3901828208561082
-0.37347043042347194
0.5620457562409822
0.8676268888956673
-0.052538178216313014
0.33797861751201763
0.3790490215054203
0.5179768006573433
0.1333842561358285
-0.36344410600298915
-0.039117611809028396
-0.5949492249837744
0.9287546947492467
0.7681432811032545
-0.03156814083356618
0.29696865824953633
-0.4736075125739947
0.693499822043931
0.049718769252497186
-0.7710202543107803
-0.5659664257753805
0.8803839483231137
0.8177073545614728
0.8969118527850977
0.2364581898438156
0.7553874947399681
-0.2751817287399241
0.15320593197466992
-0.1018127405982503
-0.855271374277504
-0.8058426138540769
-0.26899959531677564
-0.6251228346047741
-0.7015447800142618
-0.27480196410584945
0.6446282709388782
-0.6472908086570348
0.2812463577712063
-0.582213024950416
-0.0800119371992416
0.5425518991672422
-0.17708946797765845
-0.6122814674433148
-0.08043869990105912
0.3954827939166692
0.9572916334620947
-0.43947869945979656
-0.40427680959411383
-0.9710684787150294
0.9434708104002223
-0.4913932823038445
-0.2149334180447473
-0.8249297351743634
-0.4655107256101587
0.17004491935046873
0.9481379350203187
-0.5671127124348969
-0.8234373843288736
0.44865076929543224
-0.09081571177335301
0.24774521719798503
-0.691892723748732
-0.26686076119352053
-0.4148908286823032
-0.7826037291280941
-0.015497130146102878
0.9649450506599544
-0.6436421646180175
-0.8805222371260313
0.06031355759437784
0.9487056387957071
-0.8321133000722523
0.9613495247436039
0.22870528915502097
0.8080610724395907
-0.5043596320403545
0.17381799975753864
-0.7296347094254638
0.11895050412256203
-0.06394921388912356
0.31612125625503684
0.7657322447155883
-0.13121640253601563
-0.18244656828795103
-0.5526739214097864
-0.9247896496302805
-0.6182341308346799
0.7224422940366713
0.015687609370590883
0.021086695940731426
0.37973342880510375
-0.8173241104170477
-0.6300956199722987
0.795214659578718
0.16377526003306864
0.8505020791181102
0.47906208804024786
0.3266168806673728
-0.41581333572470736
-0.3399588081433078
-0.6061941040498109
-0.45925988844653776
-0.7241428710334001
0.7949306688487374
-0.6583529871130673
0.3470126101562745
0.25241759296312205
0.4271601022631999
0.7996886969867874
0.37402425103715053
0.02670849516762508
0.3951585408058125
0.3077940801854562
0.8396226444499468
0.3142889252587717
-0.999795559933947
-0.12590233305987675
-0.7908727185664173
-0.8667342625830372
-0.6547619171840053
-0.9609356530634938
0.3712128873572442
0.911055928300087
0.7314771641886109
-0.8399669692769272
0.6909249192120743
0.061369283609154834
0.38447835360688787
0.7891208223942299
-0.0416037114646266
0.8550668256335467
0.5292971444133876
0.3388828621502593
-0.015220989360626325
0.9010752362146703
0.00850336555332798
-0.17496406857317948
0.02336610061690725
0.6833058092015354
0.41046260233164045
0.05410414344571368
-0.7534041200438004
-0.2885598576450339
0.9330982996494508
-0.4929500359815968
0.5361316593960193
-0.11613463510786892
0.4254108119243156
0.46959944654097274
-0.458516347056535
0.8525883793258702
0.07538305404039325
0.3170902704197127
0.055106584710054474
-0.9235733099160752
0.7775100409645133
0.12696332218122985
0.37781425052581774
0.9775080148992041
-0.8360804339066747
0.22930091849525702
0.914215106923759
-0.5832361214483004
0.4077941741155535
-0.7529659825196067
0.6879368031677733
-0.5006495630150025
-0.998518701579973
0.31363412741797303
0.9663236701523554
-0.4855587210959167
0.32735002955009884
0.9329159351438039
0.9578728155568823
-0.12696724823796512
-0.16724722839004724
0.2826611653626936
0.05867114540590057
-0.9877641079953634
-0.2706419270357483
0.21940459932212697
0.2009903233738941
0.5165314214731005
-0.6862637721550395
0.7319528741570451
0.11824095494550901
0.00962454743982355
-0.47839112844726417
0.8700503602961704
0.32434221152043485
0.13545709904113123
0.29809926044036494
0.5242242992980042
-0.22028820554826578
-0.8336742909232151
-0.28731068236276136
0.10626759907025973
-0.244116188637582
-0.2369252702443767
-0.908142846687717
-0.9356128758764792
0.6515962126078574
-0.8417900891562093
0.8386247766002641
0.8416248162267106
0.9443617890408085