-0.23507324686828435
-0.22147545553676418
0.2909902166622236
-0.9120059674851737
0.9202635125418634
0.4533619425779425
0.1909571707896971
-0.08649347470902313
-0.3899466441957755
-0.9626815161180617
0.7821550433648905
0.37720550024644783
-0.5351164773924588
0.9665802864431585
-0.6931761508294432
0.5173936018029284
-0.6846054063656142
-0.5568206932590192
0.9791959237426167
-0.1836710685285763
0.9468171714641964
-0.7251959699220283
0.6387026933663043
0.8934386001251275
-0.5305337230052773
-0.2806901225256391
-0.5379254536906648
0.07499055690337975
0.9793392027863956
0.3183518018099718
-0.21168019586771902
0.9817216788733725
0.7740077289362728
-0.04074731249945618
-0.3025566516957696
0.6518548289193018
-0.748280136119595
-0.2821999999073852
-0.8152470953597979
0.35417436721479323
-0.08676823228540509
0.8145344036539959
0.7121467520669564
-0.09146879520532258
-0.739521596466221
0.32049190514121806
0.6101886634682769
-0.5207203888970031
0.4315579636510922
-0.1710889063467722
-0.96393863360973
-0.01732622485169788
0.9306613538669146
0.6067545999565722
0.8938445913481796
-0.9249431196841051
0.19438277835591045
-0.3101043966677599
-0.4601914907530822
-0.5249488992648756
-0.6606292374952356
-0.7096273257079473
-0.638361555425424
-0.3257930324702101
-0.6578869452657001
-0.882980380719405
0.5145998114064652
0.7453671866640108
0.014917310704253284
0.7692525648523589
0.5180442873437712
-0.5620838024242591
0.8021052333273875
-0.31058732062038397
0.8856686842311141
-0.6906975851166455
-0.012371566149927515
-0.10554193820833624
0.6972514861463934
-0.03930966734979546
-0.7361443429612762
-0.8484823139121302
-0.1958628908977711
0.6634667908205689
0.41569522386440916
-0.5177808389083709
-0.6745750170380771
-0.5109307613369178
0.27195296265036206
-0.500304594786305
0.7432134896660116
0.6022191428801404
0.696403480493611
0.849049064357704
0.7270482518208952
0.08999689336179162
0.43303687893004006
0.7175267326184525
-0.6968332237518173
-0.4693857084628408
-0.08411368899482197
0.2197803854657434
0.6081088971276536
0.5955304677182629
0.961092888180241
0.04578792232579354
-0.9402711048766081
-0.460762545312277
0.40733601218976356
-0.15818598239678483
-0.789894610293975
0.005745220677249474
-0.7072530072883805
0.138777911519669
0.3757064982041818
-0.5539925292532841
0.9429925719424703
0.21132615105076757
0.6136865757713659
-0.7359648409333239
0.6519271120776997
0.8692978477698674
0.7323991070339932
-0.02542571629706014
0.04004400943314779
0.8447536130599818
-0.9134321850340354
-0.9589081352988185
0.001059432332314314
0.4008820265332995
-0.35030987683587766
-0.6342973535097713
0.4314741421178079
-0.08147947953075807
0.95471265422377
-0.15187195934876785
-0.0885898949952415
-0.17334041782673504
-0.43840079588740744
0.5917293399557297
0.7170627442381123
-0.5720009835108155
0.4494181261740964
-0.4863858728799071
0.17840452879706992
0.4655704159660501
0.4064445031612851
0.03700120213871627
0.4882837597169074
-0.5103857609221782
-0.10746543447115187
0.8180048161290339
0.6884521385983471
-0.4225730219459034
0.4290885852888222
-0.19822395968363948
-0.9153303668275705
0.853148705971178
0.043836900873184925
0.6579042820611061
-0.4574633458844377
0.21170844637578456
-0.2019135741009659
0.7952001282208141
0.01932373249621988
-0.9369321976782585
0.25624630123328274
-0.6191569341913354
-0.49740067086283934
0.5924293760168908
0.04752709743025907
-0.8800814977503943
0.21935060094298975
0.2040681520305765
-0.7231589864476935
0.7986821596796323
0.22415661666828934
0.8281396864364674
-0.7185220012088249
-0.6428523407969913
-0.19030715111636543
-0.5983912749617195
0.2898434352105663
0.49098932096477
-0.8597755466376984
-0.1919898846562016
-0.20786722386543244
-0.9674237028938732
-0.7453633551157941
-0.5722775252493002
-0.8150451097963292
0.1534645820846634
0.46574424222976796
-0.7092845936872771
-0.22871547689148053
-0.014309743252711282
-0.16979269534039876
-0.9485421289330969
-0.4827511420108579
0.7310602627400775
0.23949798834112568
0.4191525571435879
0.49916781665842214
-0.10759150527091377
0.5716397655390306
0.5880891719974846
-0.4455730160175053
-0.17969811123478796
0.3609634512673958
0.8370818905063313
-0.8598860811845435
0.13562771266711238
-0.929747380354512
0.2872562898184443
0.566480226545317
0.16859346782805762
-0.5193439765128878
0.9269597983513791
-0.33828658780434884
0.4850998707728025
-0.7113898577643478
-0.16896617972231098
0.3559762592254596
0.023463168852033478
-0.440909575742666
-0.5589537952242085
0.377032725906272
0.6845323218348383
-0.6996549743143747
-0.6908968294780522
-0.4313526120026423
0.5818125443291364
-0.6654111973666179
-0.4547484118326657
-0.7419774592586137
-0.3295488781853344
-0.4510084311541698
0.8743065322076968
0.20939953195501793
-0.17004475407867536
0.7753939615478309
0.3338337925658097
0.33277366137550546
-0.013390896326747503
-0.63710781749026
0.662474085250603
-0.6686830763825691
0.139564174771877
0.2585979808773464
-0.8805711552562299
-0.33351104866381465
-0.08757489567431276
-0.3658311529509044
-0.3121992000068152
0.2138395475765118
0.683137688754859
-0.4735646160555804
0.7523244500188806
-0.06536503850664133
0.4777905127718298
0.5243053017037935
0.8177007020586833
-0.3469245151829876
-0.12956137018882696
-0.08486702562119808
0.584951587497055
-0.1480624793338352
-0.4362215016283766
0.7060964963846905
-0.17268567583015115
0.32713862615592815
-0.24663825963277808
-0.1889869843400418
0.34262214061125307
-0.10452570061134248
-0.22363520632461675
-0.601793037516756
-0.9289669735639661
-0.872195646134821
0.833249397444995
-0.637439915997589
0.5216942177701884
0.6394259985008219
-0.4410395384835246
0.5911732313325808
0.13280838588862887
-0.42240248461336516
0.23968752154202
0.4430635787699464
-0.7719343718341904
0.5820433507253646
-0.78762081559909
-0.6566774563675628
-0.7611927157032361
0.24520881375524595
0.08935344319066152
-0.46820076703655666
-0.5689543526438356
0.36677347245449665
-0.16544709592969564
-0.03329328764863049
0.03571416979683861
0.831897031640473
0.7591235827462197
0.4019851818692224
-0.7307343731685816
-0.43103437798287914
-0.941659563834873
-0.5970702217193378
0.5437493856264919
0.09648669891476147
-0.4425394423456648
0.7091453164362813
-0.36629323289702875
-0.11463361325676513
0.16777396207228468
-0.43564914300322766
0.9514102725181104
0.270231924010395
0.4739704741528059
-0.9041586452573285
0.7168514245332593
-0.264413209466968
-0.5185087799351407
-0.009275287548513811
0.36513527720454064
-0.9231625829970238
0.0736108820666439
-0.1740866248258286
0.3396991233038509
-0.48415060927763953
-0.5427806042581085
0.21627166046619184
0.9547137773143959
0.7649013796809876
0.8175969026275194
-0.7360302887872536
-0.3371634208947456
-0.9946171925284129
0.650315460686312
-0.7638377388695494
0.2420414028352913
-0.36848734634720937
-0.9107733747779203
0.4523021952887527
-0.3587687250112803
-0.9591477642647608
-0.024700976439885558
0.6033963338027155
-0.2663465127294491
0.16501689775088169
-0.22572178140355725
-0.3534956083719316
0.662069427279806
-0.019775088140709274
0.8121287462396438
-0.12224218516754459
-0.5892433830149608
-0.3180640015418288
0.1659374202507229
0.30200964041134526
-0.10210794015282665
-0.8885589274892671
0.13559060806172063
-0.8204691960497863
0.3554244749007931
0.3914647048795197
0.8748590265120324
0.21755406318251613
0.4920743432499246
0.12573019372530547
0.27967790663173697
0.13977091304850497
-0.9084948729117472
0.04166644845633116
-0.7819642300249041
0.3401907249513787
-0.3200338580438342
-0.6345514644298678
-0.7975267917334652
-0.593314441149134
0.6723739046537547
0.2225292907312708
-0.3865195484728874
0.3149404237588591
0.5337610116138853
0.5907557140201041
-0.8839176236150696
-0.008296129878565317
-0.39378478703493536
0.2756454569649667
-0.42353030901806954
0.5466261771362977
-0.9937446561721053
-0.8551617723257101
0.437773263211096
0.016281327924684064
0.2711996395011078
-0.18141220384892942
-0.6351998797883909
-0.7335251077691745
-0.0500806341535458
-0.9105180326696076
0.4240530556277873
-0.7061722046973731
-0.47860975038506837
0.2849290499194783
-0.40585858972087996
0.8889101935539556
0.9232713524427307
-0.38815923051279255
-0.357877858899319
0.3887631478108604
-0.9418572382763513
0.9005353463418573
0.47439611458815745
0.4741457910966791
-0.608118881063684
0.2887053477707917
-0.9884187953145158
0.6664629130637802
0.4941465063759274
0.8653239373416943
-0.21959221975752796
-0.5819546492041483
-0.6332418350371218
0.07659074417429079
-0.2720764988502946
-0.7135045301599992
0.16452700980033708
0.036340050231882026
-0.1867224163295711
0.10380239018170156
-0.38178577361140165
0.7201520705569908
0.3849042339384776
-0.45535490079904783
0.7826564685299691
-0.6820067876463314
-0.12332662297539754
0.8140508783660128
-0.24518720577236786
0.293452867290517
0.8854745362527672
0.781530566337155
-0.3878788691045083
-0.9363547751510191
0.9700699930489405
0.3656110649246138
-0.3023731934726921
-0.8809928020756572
0.11056743830181759
0.750892543780989
0.8886679604979293
-0.8991953727321718
0.6018801836972585
0.1873866002323752
-0.5802179862755759
-0.6783410380022608
0.8192948883987397
-0.08225682593808514
0.7640595057067354
0.5919644542509614
0.4780265330820186
0.12038425361017313
0.04558170884783652
0.8710583157241198
-0.061858984496696134
0.26360919827803
-0.9381417203603681
0.7120949235284795
-0.3454646201517473
-0.27689918495656074
0.16366668551249575
-0.4129871136758767
0.9369203027032098
-0.7108456721398133
-0.6623304349748549
-0.47352672316575317
-0.19755113220232134
-0.265176012954353
-0.6280003160379202
-0.04493677833577414
0.18781291705901992
0.814145481502365
-0.583317825383556
-0.688750006291049
-0.4044312773218801
0.9075793208537688
0.6123081398371453
-0.5332945826422906
0.8395865354120864
0.3251095427295756
-0.6434708856484603
-0.7553750692740446
-0.6981688421451122
-0.003960422405133057
0.4728377840105211
-0.15060459867704235
0.3473391554893648
0.753184961230611
0.22814762503452912
-0.922914779216347
0.06041758233682781
-0.010377320883230734
0.47712676532041476
-0.24499759174403013
0.7889811008034504
-0.9991876554924684
-0.41433823878457976
-0.6629796928014235
-0.6998051052508059
0.13648293116877563
-0.46305557772629213
0.1304136950742556
0.2557925997686783
-0.650411991645419
-0.05039295434106705
0.1383889645979346
-0.7998959991007104
-0.929218422050738
-0.48885663752355657
-0.5143595610756306
0.8641805994135434
-0.17354240807407173
-0.9328593175953039
0.8117864931324528
-0.9112884168740008
0.897160422574625
0.10801304477446849
0.7861472192763717
-0.772571618066157
-0.09050500350708424
-0.23934792771089564
-0.7365412962642062
0.4154303619985933
-0.7694722291816796
-0.5696809815141646
0.09557125804319777
0.8287393766997826
0.9670429999944194
0.33937332704990775
0.43164388811824517
-0.9473835334040015
0.640248557445849
0.6141025169369456
-0.9468399140969042
0.3665768233762279
0.36437687377511896
-0.42970039793345727
-0.0499449263498406
0.5514965709025053
0.698382443092997
-0.011764328157205295
-0.7973581727931025
0.7275346955600044
0.8469249630791562
-0.48497280923361186
0.9672765841787849
-0.509718827187543
0.1579621627608967
0.8782463213283271
0.3004089606571445
0.5688742057025251
-0.8516335808670727
-0.6939682413736434
-0.8343930363532279
0.1206393157902299
0.5205171598844431
0.621288166950797
0.589227159969038
-0.1046657273151419
-0.6233741477218018
0.6775391421949106
0.6308276945868725
-0.6727800392299785
0.09682322530541843
0.6100500486133855
-0.809564454766666
-0.5755388357589564
0.41203237710603813
-0.1437303033448405
-0.4609635637457534
-0.22987950043510819
-0.08886971502293695
0.84178008189456
-0.401949430889174
-0.4607080490732427
0.7302166001950596
-0.5474319317347787
0.24550206499883354
-0.7398479642022415
-0.23285275110833936
-0.8344793904061225
0.11836416578326436
-0.2018142344364804
-0.9039806246410627
0.042056445421866595
0.420362533406321
0.8971201622316674
-0.7194750030932868
-0.49698548174730894
-0.6290150266936005
0.2648744692589655
0.22345035211339526
-0.7228698556887108
0.6915140958173931
-0.5167766521678616
-0.17898732259021033
-0.047567788901309305
0.21137658712698526
-0.5570813043355174
0.7511339251341376
-0.42792969425488003
-0.14137124965430226
0.8831116222056543
-0.9863312836069409
0.9044278847353513
0.9001421446281479
-0.9577245216530401
0.8069393945968519
0.17130251123275508
0.45431822400294464
0.6235523805324092
-0.4517144992098794
0.2175522069181044
0.02586289168696032
-0.5800463150057591
-0.07051571639966969
-0.17090167052190108
-0.40003638195721525
-0.10188521680407092
0.7623436387663123
-0.751079987669437
0.8047919781538733
0.992294970980637
0.9305855742092144
-0.5377327982579618
0.05943641413292
-0.7189567634388918
-0.13795511530984106
0.7406750712965098
-0.05645936311511779
-0.04075730478716166
0.18142431540873805
0.26557983439014055
0.5353778914120677
0.20929568708565016
-0.8488976475392842
-0.39088920446990905
0.9259417451596923
0.9283465429052076
-0.3074458809364571
0.12916037658360358
-0.0531441989278687
-0.9032821320424294
-0.19850413778601173
0.947232572493715
0.9920645595737871
-0.8462877412921292
0.4137253635497209
-0.27423322452861787
0.595829454436291
-0.878101768434687
0.013477953837458978
0.4685380229603002
-0.7485373286784764
0.9677890182274418
-0.393561982799292
0.5128698892906893
0.6722382001360585
-0.761571296476367
0.8807585146695303
-0.5939185010782073
-0.4851164162799131
0.09727958863110642
0.157873071307862
0.9069213892978627
-0.6735028547021711
-0.7685044564621872
-0.1460353090777602
-0.3973093396902594
-0.252187375761715
0.406545322738177
-0.9141901338834297
0.7695386282138752
0.09044518718651173
-0.4115218434057424
-0.5597683168306962
0.7083732834025169
0.8836332619434282
0.6055955472554049
-0.635098620115367
-0.49015931087927944
-0.1000610196579721
-0.9133195666184795
-0.6330911950739548
0.43670767740854366
0.050750470614213894
-0.04520773873875572
0.7845067541457769
-0.2099889490728477
-0.5298734176379267
-0.8538205171341553
-0.9647522583419876
-0.8013655933754147
-0.39231294499533464
0.6701658949625733
0.23578812865868493
-0.2025171078337371
0.6740239362666565
-0.2811352974322734
-0.8659507634181782
-0.13750461824240956
-0.7224156593413522
-0.41444349443763584
0.47357137896849477
-0.4565520317205849
0.30015942601664003
-0.5725669154744701
0.30920124014966643
-0.7321317746740954
-0.14956876406083497
0.3722215335541783
-0.8633816351624992
0.8652341652970494
-0.3415640831242739
0.30909313510526926
-0.015128907925176405
-0.5364796739957565
-0.6357009070270128
-0.40431956789756396
-0.0067157430668758344
-0.20475629436726028
0.935320221863541
0.4947162925372801
0.5596801275485082
-0.8238866763257975
-0.9456354004601257
0.019635101051371562
-0.20920171626810902
0.5912539624870266
0.12082499039443295
0.5660088908939016
0.4656693343293006
0.8291908378142239
0.43440527426289965
-0.8265964268374317
-0.8548041778524382
0.8914694885218775
-0.3728142793507849
-0.32271188277756035
0.20233055520909993
0.7668335599406542
0.2436065729193635
-0.49876475879941773
0.2625961469302929
0.6403723514618174
-0.7032694181074113
-0.9257038171934493
0.9529122184861711
0.8564968788352956
0.7293080813049642
-0.3731143380540294
-0.8926390595900726
0.9806994730594172
-0.13195559656423272
0.162075950435143
-0.5960137288626373
0.8490101861485824
-0.8273090062069126
0.028485630236828374
-0.5418336025590706
0.6532882087510417
-0.4891272692031674
0.8429628381091132
0.16344406252473065
0.18431260631755664
-0.6634698303746831
0.17373185842417938
-0.5583745474931707
-0.18468678659442328
0.11892175828158069
-0.9824723717807722
-0.27097529008360866
-0.3870346226499779
0.3764178163480647
-0.5556601131402858
0.3325812351996864
-0.7155732304324594
0.050463067815853524
-0.4551569552981105
0.3622157727539683
0.8867085412588438
-0.6120409552329429
-0.2804330428000472
0.41072832921501923
0.2532649569557044
0.9037750483113085
0.3441841414413429
-0.8792738973188015
-0.2531962114980828
-0.19882827482843557
-0.23807408287196763
-0.3243331892811121
0.7167414584475105
0.8109415536288263
0.04784687773330565
-0.8399010899963826
-0.25217920880399514
0.37975799481029293
0.6537133837863889
-0.05616155396527822
-0.6666303622119012
-0.8543128048570561
-0.28690672647705284
0.01079385888693185
-0.5352129942099153
-0.9364023299418827
0.28427894800365006
-0.21932086049844068
0.09971200571603145
0.8716159215942467
0.747210314649936
0.8073565710760668
-0.9904271602062209
0.6230037375584168
-0.3926555718708682
0.7904144211705166
-0.07875119705099443
-0.8074441736505269
0.506431753110087
-0.1466899056906299
0.6860442277053436
-0.4150843660346817
-0.17783611574409153
0.9287573961805793
-0.3605081315050367
0.9296935933352197
0.02507729897000921
-0.5949439501036511
-0.48580675781823834
0.970900125829617
0.8988889171176746
-0.9836807490353434
-0.009856870818082397
0.18594423701566298
0.5509419096238808
0.42471092791735066
-0.4299234466219348
-0.8407254675202391
-0.7395374301514952
-0.20045126474844044
-0.10220862481716453
-0.78268572816217
-0.23686350505541354
0.4588438032643585
-0.14973638358380081
0.8905521203894378
-0.4166387448395059
-0.8255142218648108
-0.8505035706352542
0.6625940664688517
-0.14363690484632974
0.5537759732772378
-0.09337138543534462
-0.8019943545494364
0.4276280051214367
-0.7779007743638726
0.2953317304593075
0.42183702474766216
-0.7666637586762037
0.8886417367133894
-0.6710498029992515
-0.7303297457772089
0.2152464104889622
0.7940095113011616
-0.6800252113634413
-0.9176357219409574
-0.5977751380916856
-0.4342430154386643
0.32347559108129254
0.4460339647941345
0.4974399128479594
0.2606426420179009
0.9887713903477588
-0.6480638154117779
-0.03150009444393698
-0.12032245243647521
-0.5382295865104363
-0.261017535951243
0.7567120044157689
0.7041557188560335
-0.3122460687644655
0.4072506577068775
0.6599640125870534
0.1569594011560993
-0.5677281769999867
-0.6848252171207831
-0.1703013110018763
0.2337793323171835
0.07118747518939261
-0.8923888513095579
-0.3790716946955792
0.7605261356774333
0.8911633570799544
0.2556550915262352
0.9039499616619304
0.8147267060073797
-0.5797280247925678
0.14680221188606057
-0.03889963924759465
0.9840392991168367
-0.4414054506773526
0.04811711648149197
-0.13827526668276113
-0.5037289377466416
0.6108164734865813
0.08106598342423665
0.3170793757747059
-0.07261473715097133
0.6777899894105863
0.20157695058334713
0.10485793248598618
0.16432971448592726
0.8699889970164294
0.42843560719263407
-0.16472445878494235
-0.06911925115048279
-0.050736167261481
-0.4629247770170015
-0.4147755987479864
-0.4902902898499679
0.6590248750627099
-0.6892267014201685
-0.058366489177995806
0.6560095395275705
0.10075474589544209
-0.06250777455383605
-0.38303615400494406
-0.9626817228796294
-0.8122680599751044
-0.5635367585444013
-0.12996955151270528
-0.4202788109835398
0.32218698787766975
0.5235122280391049
-0.3427642796416477
0.7870947546893134
0.6768873163871887
0.34381521431969264
0.6188402858897548
0.36650621845025366
0.10599896575966139
-0.12511594575043716
0.37705444094013596
-0.5987257037295364
0.18474321733811583
0.28683392922894324
-0.7611312351509032
0.6654816491409281
-0.7435228835537975
-0.45870042221798357
0.21971110078570133
0.6801314943378327
0.1863288332526576
-0.4946596531901284
0.3819068385216744
0.18863119460818267
-0.7786896843363245
0.2988146556431861
-0.9082427801699602
0.8508496928723723
-0.032801377773371776
-0.8737284197408999
0.5406208440232299
-0.44352941269075985
-0.8005424895442144
-0.5011046773965568
0.8639947236371102
0.030174174716293356
0.1422869567077465
-0.8813207958022817
-0.75212152733185
0.16704551174935345
0.6821696783352265
0.7295039845080944
0.42207752331495807
0.28343319970404846
0.6786685728508162
-0.22328888733951424
0.8819588174249697
0.049828217595739854
-0.6430227507268969
-0.8134654793671867
0.5124180916261871
-0.6887621000695707
0.6204609514307224
-0.17717839525941192
-0.2387929406796241
0.5882227817211014
-0.02236111514628214
0.4679038446335444
-0.09116972362287501
0.5745088463348698
0.8897762204028556
-0.6767565729447442
0.43597320575618137
-0.5108673666621266
-0.15555306667726
0.9121018734654107
-0.37438260947827784
0.807900941794474
0.9633079084633747
-0.7712684997156003
0.3258971107240345
0.8832560135770509
0.8399067711604913
0.5413647565692337
0.3561015801397167
0.9693535972573233
0.17772938898672863
0.5604665193965921
0.396889942230245
-0.6784392869809492
-0.7280702305894811
0.9467821958252336
-0.9875829964444645
0.9547049578279239
0.9864438551455754
-0.30770447463769734
-0.92774525747509
0.788790141223376
0.3152169458593561
0.5922397341781125
-0.18072730306188656
-0.4673118832618952
-0.02947584760969435
0.13564923419657426
-0.36405923734875434
0.5100678312754003
0.9244868835121078
0.13334932783073583
0.6972537015484106
0.6264762575633402
-0.3188841508172493
-0.4592745692961018
-0.8470402482765871
-0.9115741390437657
0.9790161810350015
-0.4681069339093613
0.4539949568376136
-0.9756499939157797
0.46839759130703484
-0.02139622954221232
-0.7195674882632785
0.22335434671542442
0.7120956119774977
0.022825930001080463
0.0788531438873723
-0.7451040221398522
0.35071331662603167
-0.3158619035714112
-0.9786954393501583
0.4413148557027662
0.747333406263645
0.2340590349135674
-0.6912464399153408
0.8626260994038926
0.27313270573316606
0.6343925494694123
-0.9153159346303621
0.3173787880728476
-0.6778014101270153
0.11910438686981917
-0.8039849428612709
-0.6906388190580808
0.4229624887932988
0.08303588115474181
0.4293818569826702
0.4189066858256145
0.6985580109172644
-0.905119444444046
0.6365392851768958
-0.21315655483090046
0.4080526328398053
-0.08380322368065274
-0.6113283906190248
-0.029715694768218004
0.24615537520191144
-0.7103163520769147
-0.8989594286275744
-0.42226398915146035
0.05096967661558294
-0.4137241560361984
-0.13859555091064046
0.09652633406745825
-0.6992428365413137
-0.16389623707025436
-0.8920854272593719
0.950450185688164
-0.8290377767961783
-0.08381186897787907
0.008907845033626183
0.2868239902409593
-0.9820454727577406
-0.5513914017610808
-0.8871145242204195
0.7510085946735976
0.39705655396026684
0.23083419696279073
0.3238773887284949
-0.6566042579759503
-0.8355119218626315
0.6737542922031614
0.9644447290318512
0.179519688417499
-0.3317547156617613
0.08058152672660279
-0.619907021015857
0.33371293462513685
-0.85100386429667
-0.6710531101493611
-0.5789550657587292
0.45436495761204143
0.27157405742275476
0.7048591139807123
0.6517726952314993
0.7939271299707651
0.03536879782294711
0.9234301072163407
-0.3197286722385071
-0.4071596470741137
-0.571274925563775
0.3810059469201321
-0.7860087968112801
-0.18488018348337754
0.11327839304887122
-0.4300651434717371
-0.02805059893160511
-0.8558058140248195
-0.6555024934870619
-0.034828960646326124
-0.3775081620757985
-0.27325084535409094
0.42310349652777623
0.26744970237035015
-0.9401678009414067
0.3849489076620245
-0.4470198877476823
0.6224748804014628
0.8776179901259857
-0.10807261093887899
0.7804153590328249
-0.47000758255880726
-0.48253548227384147
-0.3809218853015657
0.22737911457962623
-0.061553238660148724
0.7733298762250047
-0.1281456329858941
-0.2608471703102
-0.5933382001648784
0.4180390676639165
-0.6527607155224695
0.7391512301106271
0.0639973577943933
0.005098748827875088
0.001694917991523992
-0.9238010177375191
0.24262887935493738
0.870486668582853
-0.320109373922705
-0.857678058498424
0.9746085690103128
0.22012015246968564
0.6541473385096488
-0.22382875411328995
-0.5923346421446098
-0.3364299723508377
0.6263060814192605
-0.370299361751937
-0.2315027414902615
-0.8266098344922472
-0.7700259049171496
0.7107321086561209
0.6180751101915456
0.1713551052265161
0.6219038869473927
-0.24561423625093393
-0.9064710244969392
-0.4617346005058609
0.7424622325949217
-0.03326254105688564
0.8982021361777601
0.23630855809133977
0.9054858036222575
0.41682354317776804
-0.7101908352313191
0.6875871475357094
0.25370833278649707
0.16219560098798347
-0.40739094628548633
-0.5654016850386874
-0.42698518859441625
-0.889897188851652
0.5435253708153549
-0.00898930098719708
-0.05415982432203914
-0.4073532791393748
0.9443333465293178
0.9567816267014309
0.9123132708500705
-0.17745323147499725
0.4265768993532639
0.003523099856840073
-0.8303517610922913
0.0004300713467160211
0.16207581530882154
-0.3858957527805609
-0.29235255962860274
-0.03595500835442311
0.1273444745743384
-0.5042058035200012
-0.005818093081479736
-0.5667581771260797
0.5833080037002876
-0.010588809226811158
-0.09744967245556779
0.4641417464948989
-0.7096009575090649
-0.9772529629104234
0.18740497463642947
0.8127055372957261
-0.3756210690002746
0.7665345795858798
-0.8851737363487009
0.17688461204114914
-0.40138227698719486
0.23124441022407893
0.7874366868923195
0.9762607559132994
-0.6176897199981224
-0.3137727425282435
0.46408370592773296
0.8214563052977972
0.9279508494896431
-0.12363658826530588
-0.43410995796164054
0.4856443134091111
-0.7471273092861574
0.725571243334961
0.11651009690640057
0.3811746055264045
0.7679833961331957
0.18710635060411596
-0.41386409535295154
-0.8071674988691815
0.22698882657865038
-0.2913453528528718
-0.4658403670602884
0.5485680939952671
0.4179535103479486
-0.28513188857072547
0.4774341100266235
-0.4082219964042164
-0.850095328774727
-0.29027714858063614
-0.7097298655576638
-0.5813024494372396
0.7852590569768747
0.8214200571685868
0.39791542940128366
-0.3397705386301655
-0.7993046914734139
0.8967928864066159
0.6170570055404685
0.39063555999038346
0.037456260374384875
-0.9693398339334478
0.7485206173393923
-0.21959645758522073
-0.14888690334532284
0.6512790500270693
0.05151534351113862
-0.6319096006753935
0.7222691759744782
-0.5663212641564153
0.8996806243662785
0.8544260203249814
0.6585999937076139
-0.09264017780932421
0.3864500696319444
0.1807791419504905
-0.5796642540720014
-0.06538075544471122
-0.16936577059249136
0.5417694556657202
-0.7020227560709233
0.418375769473017
-0.5505884101487781
-0.45435200981854273
-0.21631157956552483
-0.5059196816256935
-0.22538059393106025
-0.7373775845093398
-0.6217590335292276
-0.7642760621677829
-0.2467816622223009
-0.841112968925561
0.8138159160918266
0.9995149273002311
-0.42738980879278876
-0.8713199038252541
-0.4906718208374323
-0.08505217879024696
-0.7909499358564902
-0.8077001169759983
0.7840901515591505
0.8866607812501528
0.3177634880688247
-0.38363101917445874
-0.16735287700075685
-0.4671187690971761
-0.4461554921144315
-0.9369975756666125
0.5709028540663474
-0.7326393311410926
0.8678367594055791
0.9998921796649851
-0.4849552799535526
0.9945729412483919
0.9845991607356466
-0.34290168613263794
0.9391406547172785
0.4065514797315295
0.7107050878293475
-0.9448945798097426
-0.7437490853309363
0.5330247870053253
-0.8446324266325433
-0.797011441409543
-0.08935193836825306
0.6997901053908413
-0.6125652919994053
0.3363890634299207
0.38144616785643604
0.9281909247242384
-0.10714723010063043
0.008033443428981268
0.7731777373562738
-0.27098041773802817
0.49844730962331973
-0.4717268130239225
-0.1309611862413278
0.3562958085442194
-0.9787934358675932
0.4812343029675086
0.08979617947354046
-0.35295033456295055
-0.9023877717279305
0.45097658073833724
0.8127872975652464
-0.7515445021170319
-0.47652196318113105
-0.4036818072946726
0.018221688506890876
0.7523066454867291
0.7674904303926056
0.37476985369404114
-0.7720456523014818
-0.2505583479337046
-0.08425719563258971
0.26055612115646665
-0.3828249851364631
0.939382677724887
-0.4513046986448961
0.2654162962470079
-0.19654916576417847
0.9414506745873017
-0.5864731914035493
0.8259870307537076
-0.7219787911378421
-0.7138766881258725
0.4612869000939057
0.23134893449017024
0.7507800086479257
-0.948076277247593
-0.2964261539526354
0.8593832868744837
0.9966187572420409
0.88528731910654
0.4404300298338235
-0.3523394834685083
-0.5808430230246191
0.6507657920710612
-0.2557565483323967
-0.0725448084001461
0.8966686448306547
-0.627422746617671
-0.5948128524884313
0.28761860666149675
0.4021999644425216
-0.26180581560386273
0.9999969650371441
-0.5214987145388135
-0.49988528794824516
0.4870967507004571
-0.7585382902843862
-0.6809742421416236
-0.3869953552692238
0.5913964018352269
-0.03117375306384562
0.006009434699652205
0.9191436458754634
0.8243744847932668
0.4513676278569201
0.7986615273809516
0.24464220567084327
0.5644369555276123
-0.09127165377225754
0.6349603810743869
-0.9484872920543108
0.1293035577641286
0.8236991870538342
0.48136878062741273
0.31062030282486264
0.02033568415771292
0.43700640260916557
0.1659337011057862
0.634779810855761
-0.7890739957073345
0.8130052415709068
0.1982133669262327
0.1848494537164187
0.3103654411527086
-0.5536134322608186
0.7970734422424579
0.7368663772045894
-0.452966219522706
0.4745877207976421
0.48281668241888953
0.2738703389608934
0.569066069098765
-0.27391337897723833
-0.9937808907469787
-0.2167407105255188
-0.4275971892719035
-0.5018925298828598
-0.22152580865246163
-0.381311218463563
-0.2832854822442037
0.1504703420967597
0.2230120716726951
0.33438137428101133
-0.5173016944645663
0.4247644763189373
0.35628750158926414
-0.5308856060883314
0.7285013373170157
-0.24545669351592325
0.758975061765724
0.9923392401709814
0.0008993315654268752
0.49510907440323537
0.5494437056664796
-0.3429366012508781
0.4803569855636145
-0.7889873886377108
-0.537473011534181
0.06393975771804516
-0.9917721570087568
-0.15030513496823805
-0.4348772408910828
0.3083092545892465
-0.2572734594355395
-0.7836743117124707
0.959049997952683
-0.02104411541674933
-0.18164968570657591
-0.4895274424924734
0.7210350086196406
0.7869462396448839
0.25097200673193565
0.9292448884808433
-0.5971315375286943
0.02791035437682199
0.10656375417590924
-0.6670723154044109
0.7546262855187771
-0.9143782882111966
-0.22230375812042902
-0.6258484620390823
-0.3838602648630558
-0.27751632940550497
0.7131312167591024
-0.6565261640482014
0.9562430406836497
-0.16373651243910348
-0.19283272265425144
0.5348171824351475
0.11088553847195026
0.362763033138368
0.1889990562526631
-0.04951245867335374
0.275112382083855
0.9962255104469544
0.21674342782711942
-0.3392534376665637
0.7493589421820364
0.8309295006224766
0.8444217555771736
0.5571563073731547
-0.11686420397340758
0.455163817560428
0.19895199101692662
-0.2523057954842427
-0.1885728181725641
0.24280627352105433
-0.8837172749277569
-0.16103789754957143
0.018131100844632764
-0.9424899303285701
0.5926908260245818
-0.40094940557184144
0.16454298891586805
0.2882217056087639
-0.19197989582547526
-0.7226204286196847
0.5366396725367575
0.41582524144973165
-0.31781661431392916
-0.6729172638179519
0.7389849746383315
-0.06412723968940193
0.522983942651797
0.2606735866504628
-0.7730675120460877
0.9021510124626797
-0.6596640614777749
0.9717141708484576
-0.41890088598799724
-0.045330278861327455
-0.8551007394524852
0.42110013864701723
-0.9652636935516323
-0.7574140821347568
-0.8642817811858068
0.7155205854726441
-0.8883947343682024
-0.4976678934825902
0.28221316380477357
-0.06108114267123965
-0.35642206904844964
-0.6688922082774178
0.1672076588454976
-0.15766392993385425
-0.9505624168316367
0.636840234466493
-0.3321157416762872
0.8694250445340732
0.9961065954570898
-0.14747232377099495
0.9783030230598742
0.09739484657219588
-0.29581328180379574
-0.14387217597692237
0.5670284946849302
-0.33017394376559284
-0.24027780510530605
0.162388337477825
0.832562935058683
-0.06280064862715506
0.2532943347181249
0.1788072777936729
0.041861895940513705
-0.560582422661043
-0.38191633156021165
0.46008817079773157
0.9277386795560825
0.7554143425797246
0.7062298225108818
-0.29427427448763654
0.9904696766112293
0.06758431242338792
0.24584117147668705
0.43955974320886115
-0.8346635857570655
0.5718609376086279
-0.0232182475051379
0.6910890264105773
0.6121955817186802
0.6303018345488884
-0.6131961072974537
-0.5197958552790933
0.5629909988499662
-0.25969570435464395
-0.5034964184807396
0.030083285508475832
0.7317633908405343
0.34293464196469126
-0.5478230214405493
0.8115136424456275
-0.5810769526549384
0.14925214440191548
-0.4619716001689156
-0.9544892239764948
-0.6406923087919607
0.11685005143014604
-0.2866297696287827
0.5731564894158641
-0.713693441726688
-0.35542118265509215
-0.10707359007018202
0.13266865652051885
-0.5860337930156108
0.9814248911486247
0.8446105592074984
0.6714537793848705
-0.17105010015700972
0.8268272635479601
0.9827145185063055
-0.26540725842520807
-0.5253314645000207
0.5943108858480941
-0.16398201248392819
-0.6126788327099666
-0.4506126584409549
-0.5529605192286593
-0.11517706965981911
-0.7015051838185733
0.34480626800317604
0.23828237485457837
0.9864217035089464
-0.051167534653210556
-0.35327492750070677
0.8042907867723652
-0.780467316702451
0.5723907868620584
0.37195409879848085
0.11742309222154979
0.9171577683763583
-0.23096253767807218
0.1604545985487109
0.9515134475510598
0.27367936709264207
0.4116362135738534
-0.27352043573802565
0.7190127418916425
-0.10414998195133474
0.19621011073198846
-0.8748736422524626
-0.877557133594717
0.287525891139891
-0.21310135044084366
0.386310025559756
-0.2428009657028809
0.8319958590498586
-0.7152975358388878
-0.37473390593093403
0.2683947094347223
0.6831003187356985
-0.4371252291838552
-0.46590417045144683
0.062408401197738606
-0.6959536891326752
-0.04148680198671695
0.8544029718920538
-0.056475455604293234
0.9451060196825709
0.19410366431297232
-0.6261567406764101
-0.32557620900283135
0.7216243415646111
-0.007222626464932658
-0.9323793574644337
0.056454266417137466
0.40199755403183457
-0.4505274257077485
0.475538715631036
-0.0006139175028128108