-0.44149262804662026
0.6275308272476334
-0.8643664812011822
0.14083248805486281
0.8014850392188784
-0.9960468345359623
-0.08328688911706195
-0.24443297032736444
0.11287934440963299
0.12488101603973001
0.9883935439979041
-0.3907014583837858
0.4580156326026481
-0.8587994841204241
0.1510782800735455
0.10056281060099281
-0.8221990045986074
-0.5650351750020137
0.8575576003220835
0.47200141275602214
0.1074620355999174
0.7594388088488133
0.5424378561213661
-0.2877213260567695
-0.08459332240740158
-0.36058794623657975
0.5430730951045522
-0.3154566022444574
-0.179967826972939
-0.9593066584058336
0.7695476737941243
0.5906690835126249
0.7234352538221693
-0.9100543064382667
0.07864213708948209
-0.4290366911893295
-0.6725036239615616
-0.5690507426009896
-0.6860186788094611
-0.5572460887491262
0.3003092353596253
0.806149495716763
-0.44193046876253894
0.5415650877049465
-0.28768041621783236
-0.3788463079537021
-0.43892199742012483
-0.10602423801666516
0.9857293894295591
0.31293530460667696
-0.34181554885188925
-0.03661132511394771
-0.06131856455400864
0.7885465818843616
-0.8735005968304934
-0.7803029087332387
0.7043535758168229
-0.24277608532535755
0.12099048913708321
0.22846791601601124
-0.9866765082141957
-0.9170996189164029
-0.31957156533991093
0.07436856962448446
0.711472228976425
0.20468989599229448
0.2702449827679354
0.9272779621434051
-0.5859328456143122
-0.5461997766043043
-0.7361205904706587
0.275221208313952
-0.2730555801067778
-0.4628666590041033
-0.26140255319614214
0.20097600615733047
-0.8858062001145024
-0.250979738217151
-0.8428721840489031
0.6868017956055166
-0.9681755047740688
-0.5853577610886513
0.9653550642197484
-0.24342296293198196
-0.7235332447724598
-0.7629277704494313
-0.38921413674961847
0.6257792615090192
0.23746736866364127
-0.3001506887859491
-0.5715478475816596
0.8524026270394409
-0.1414223315155927
-0.48320194027523256
0.024156961319680148
0.5230569895249473
0.3307105030506716
-0.6597754860220229
0.9044342700187786
0.29756321645866124
0.06584828839282864
-0.5679323094094746
0.3523299268687792
0.18051991190169048
-0.4902974664507431
-0.4833065326803079
0.00675333225784569
-0.4380430116807488
0.4929174031836081
-0.4201725274937742
-0.3752622288864855
0.6218743749754765
-0.2192856320766423
0.5446968811758253
-0.35442866127142736
-0.10645743411320874
0.6731931036492762
0.43875085156098437
-0.17643314662722354
-0.4363328836666538
0.18552174758520845
0.503295274025876
0.9315536139810503
0.008913487518071639
-0.8175945674312299
-0.5364108695952499
-0.7015647695048917
-0.4373331560181488
0.600210697657628
0.4283371470691577
-0.27775586415364306
-0.5339605902154907
-0.001968354777787562
0.9487158330992727
0.5056823792843299
0.22032168793991014
0.20112830301206386
-0.41486944777744705
-0.7401990734258306
-0.6274127878197764
0.7727241146508146
-0.6118458540387186
0.5722687643442399
0.1881762105709619
-0.0906027795121227
0.8962733177893079
0.9064076541908768
-0.3788723796896185
-0.44460125187530886
0.9449919921911003
0.4892482182757969
0.01469883613121481
-0.8703348132556283
0.8271676276613287
-0.9539503257672775
-0.32830141206749874
0.8375562549009672
0.5417201222395098
-0.3107696206666737
-0.8218743703652176
-0.6265838687082976
0.21064016181242673
0.60630959992759
-0.5896542019826296
0.5582662209996403
-0.9791441229163449
-0.5773171186690897
0.5231496154708135
-0.13526114434075676
0.25413202409058266
-0.395091583899863
-0.21154670599589176
-0.1467490615510516
-0.09704435574381676
0.08865200942617246
0.11258471394733616
-0.9866989508770958
-0.46616817763127516
0.9240595783158765
0.7039474477478065
-0.5144542456710963
0.8677883014602281
0.45677854714157795
-0.29272552354803905
-0.22098145180160866
-0.13932182796785542
-0.2601729130457002
-0.9708863699865555
0.3777888502701561
-0.3818862515104142
-0.12813484279088638
-0.11304662664132614
-0.7420144821794228
0.04804067257519584
0.03708983944860922
-0.5139433439938168
-0.5102680971041651
0.5903261267131872
-0.5918700249909454
-0.606681073446526
0.8740465546363583
-0.31681322793305355
0.054044968835274876
0.5961389508986377
-0.14677887904922216
0.8038456053731329
0.08610942043765002
0.6023366062713331
-0.8899965908943901
-0.9542367373779095
-0.33545357514301477
0.6866302600717402
-0.47282418446237284
-0.593815738701138
0.8745994237755077
0.23645988739696788
-0.8898720048985287
0.6600204329692199
-0.40606626555505176
0.7014468582366828
-0.25148908552269655
0.3742782383184051
0.9013582178939206
-0.9528505939883054
-0.21739664871911057
0.16680967522888523
-0.2378371985695671
-0.83908319870249
-0.2381833573562795
0.7720307579676953
0.0322162366258989
-0.5822346857891894
-0.1589284728901783
-0.7309967148838254
-0.695837669725381
-0.7669895084062652
-0.25086921049363164
0.6258362942745395
0.5586253580642508
0.16244810110706975
0.6655979734402773
-0.7701587271691248
0.9241948760475873
-0.5689095458773099
0.8332627826947512
0.22251710408724645
0.34400087890395925
-0.7648259370442256
-0.04670241127878061
0.8725404447876721
-0.6682886203182037
-0.6084750078676662
-0.12362183287707551
-0.8947980998969824
-0.9368272849023327
0.3848379934437094
0.20048276060351267
-0.42253530287040597
0.6332968305059314
-0.3122212477485229
0.18764763322789046
0.8190781705822214
0.3304648958824341
-0.3112920763499698
0.23201345618173908
-0.7419820916021473
0.9796831173553664
-0.025844705696077108
0.7072078927499474
-0.3069509282345959
-0.5379603027041491
-0.09025927156637881
0.6825072524710485
0.4662842529338569
0.8605192026171995
0.03447038997260243
0.39983568398066427
-0.20460619872819463
-0.719675557391819
0.9223556326426063
0.20657501289801017
0.7368367849178026
-0.6408439148755924
-0.8596080269044899
0.027115748068721635
0.5228894349650961
-0.13079426417954787
-0.5927285483244822
0.755178775139185
-0.25554786602862256
0.44377850608300107
0.3268959739723958
0.7501764383280636
-0.7679396895892103
-0.9280959128491946
0.7461994861637196
-0.7368727443058716
-0.12575682777883634
-0.4240779977169624
0.9242403000237804
0.30224332555991795
0.9189952726311852
-0.4433543183661346
-0.31719877267836805
-0.852679358717569
0.5538121255282114
0.4717926886588719
0.7812984704572306
0.9437446481305163
0.5541639529921667
-0.29400019902337493
-0.7089918870397491
0.8620231356213046
0.5383164499678437
-0.748150840615351
0.06946378500571782
-0.39344941847553905
-0.7345243373799188
0.0699894950096156
0.18067002126864118
0.7931760076272154
0.6718372069432308
0.6767110987199145
0.1321830791756533
0.8189244737160717
0.31747114677778066
-0.14214801447900416
0.8071195212310898
-0.16860826979629406
-0.3947026099026114
-0.5854160834063149
-0.2268404393669159
-0.8203475395836584
0.5918985921278195
0.08342306417889156
0.2920602946925652
0.9967397938993925
-0.9900412867470869
0.7126583715828574
0.5185567012377101
-0.7273582939328505
-0.33932105498792975
0.302878469646618
0.9515448493543246
-0.047295177803404975
-0.19977317501678193
-0.9247606351730859
-0.8813215774626797
0.8578167652855213
-0.07054094511117914
0.8271308075497448
0.002326934708472228
0.6430420061516617
-0.07877253539398743
-0.1745721484723386
-0.04396317254169779
-0.9812613810897088
0.4011789383468556
0.17957683200384178
0.6603259273943451
-0.6202276405852707
-0.5703045095986206
-0.5805603460691773
-0.39003106150247246
-0.8569254351195175
0.14588639210546028
-0.4614125524509609
0.9781465130492601
-0.8294911487914234
-0.23727173761314413
-0.6493292300232703
-0.7221341701474635
-0.39107626628351344
0.6235479270822308
0.8307328831788392
-0.5217285098233058
-0.16142571664984384
-0.09510829782210317
-0.09390381048661078
-0.7117278519614789
-0.9173951040702235
0.8384194020142341
0.09883502312737091
0.35029904162650105
-0.45629654701494893
-0.8104206374578424
-0.10709329560971392
0.3674835468983393
-0.8636941618719229
0.254674240669982
-0.8370957217782935
-0.8368726082069362
-0.35701744597528506
0.38465247653811696
0.5198067203808732
-0.4571660902031127
-0.8383595518253557
-0.5540138257721741
0.3044095450457234
0.6816114641392041
-0.5734362317176855
-0.7799005656380056
-0.07028182073688849
0.6827412129972983
-0.6678650793630179
-0.536338558331247
-0.017773953149119226
0.6381004791581515
-0.30304984063160423
-0.8424670019787062
0.30207474708175086
0.2770355388326011
-0.4492335532618088
0.5831216114666529
-0.1098921223319147
0.2514310318840345
0.7648995708117126
-0.45517123143356586
0.7015543148600236
0.7306385981128598
0.6021629745148944
-0.9043961488051568
0.693648913724777
0.2880622951331595
-0.05190897718874821
-0.10285055586179759
-0.7494937360262297
-0.6499401726450647
0.3269551009515328
0.9915935770078057
0.27738027312312563
0.7056344951019844
0.5886507059212667
0.988309169108526
-0.3694638921132165
-0.15300844957667392
0.4677537352176244
-0.24577700015206316
-0.4974078558671
0.39891820491730656
0.6083237373513575
-0.8781890279705593
-0.44847174334373086
-0.9990119406824212
0.943838312039424
-0.3115234430339675
-0.04810555085807011
0.6496983179012845
-0.3359856136391415
0.33493094151488134
-0.3712581129442287
0.516660881414359
0.16873420823472585
-0.17615607546480883
-0.18039268894035865
-0.894751094568107
-0.6396707098465138
-0.9825198772045987
0.08561524005765508
-0.6518327847876082
0.3931834749123728
-0.37700684431746856
-0.5563824818617946
0.03791750553890472
0.9288970375779253
-0.3142832868197434
0.8716550367024565
0.11826677510213113
-0.4428799014533411
0.7368969699787569
-0.16307541037074524
-0.6609608065016992
0.44712309630634084
-0.3469470034460034
-0.9384368960118172
-0.17893423019902222
-0.3558120097960633
-0.31921229847313026
-0.7554338334558999
-0.3055641014399748
-0.8191222807583682
-0.5005665503418206
-0.05837376312793863
0.05126840150221179
0.5306111595620877
0.5540758738621969
-0.6003949649166118
0.5026146973939065
0.1961924942358393
0.6535630456552466
-0.6487182898261816
-0.4734692077914744
0.5128635440805458
-0.3721252133427775
0.9962851556812558
-0.9804989155124244
-0.776438462010929
-0.062473743757493816
-0.29291884567852233
0.7198080011939074
0.5443250141864855
0.6860676308492797
-0.034184621505537915
0.1855814742852251
-0.4533614729403277
0.451954068052707
-0.052244622220643855
-0.0026077002715598763
-0.5337069322273051
0.6181873773762343
0.6289344651170714
-0.6437977456381707
0.9705463296713623
-0.4253542090504343
-0.00911074603772244
-0.2844818612252831
0.2821369930499882
0.1117537164858633
0.25845089394648335
-0.5579832397081788
-0.07233579567719661
0.5013951415673039
-0.11790712037903117
-0.3108209261163044
0.5991938827305303
-0.26601956852234077
-0.6571747314518259
0.19449990821133434
0.4318778046359979
0.9253377437951635
-0.34112288183576633
-0.5439100075922598
0.22502483333538592
-0.7054407394685451
0.6170285365551569
0.10195102994727767
0.31745165545854404
0.6324998718681829
-0.7664698399391161
0.27352242257929005
-0.8482209569800723
-0.009195676209018844
0.6199444140370256
-0.29584256438952883
-0.8169398992381425
-0.2773964959778328
0.45388248668054443
-0.1294166410111277
0.5508479212137032
0.9657437619973588
0.45715338397055194
-0.9918881553107284
0.792240428430383
-0.7487088696802957
-0.7634704066013311
0.14619263835549723
0.24676896704188422
0.5168471949106714
-0.5716147019186326
0.9959153250194752
0.8970266351946059
-0.8420498832052827
0.22754230664714314
-0.8174759853536857
-0.1470027030183092
0.5833595067851098
-0.7463847538238282
0.9804877165720429
0.7191536128209053
-0.5058352468410277
0.023750117874749455
0.3778936090409406
0.41144435555313796
0.4006504986280721
0.5067381749190913
0.8987615342070565
-0.7467449673889632
-0.152880640675495
0.01083898778408332
0.8393216086967505
-0.6146426100081892
-0.12953682646416742
0.1302673523134632
-0.25347509280126235
0.17707870290460814
-0.5272054765326666
0.31886656618562803
0.17015836027474318
0.6136195227017476
0.8094234281731276
0.7511406556589568
0.5882620368043832
0.4913143878892883
0.8117511889594309
0.8392087465328524
0.3782624816481073
-0.4071421268100126
0.4966985632585066
-0.25549697798537974
-0.13233487934268218
-0.1510508980858416
0.617118810531943
0.9391314852965096
-0.9679021650657049
0.08862523800460509
-0.9034991502121836
-0.0005098176324946913
-0.3515315799881933
0.14559406082217596
-0.35751679385335877
0.1476421748975032
-0.135520406757208
-0.23804493732739718
0.6307102223734535
0.4986805422200069
-0.801572740684185
-0.5779343521591751
0.9886542756757049
0.40405520713966436
0.7062287643586278
-0.8624524383620971
-0.8167771521191163
0.11088934550742802
-0.5476938468505268
0.6410862691941015
-0.35009536010628306
-0.27722595133405603
0.9733839253511134
0.7442458906134697
0.15033340207975976
0.2917263397168337
0.4815264649107718
-0.1962323325483577
-0.4756577461614335
0.7542059229505931
-0.9059017276345518
0.8268151618710753
0.5897451153903066
0.3525911358940601
-0.12656083795230333
-0.8749806389841661
0.3633253948909434
-0.5794757469511902
0.23396191255555054
-0.2856234254909673
-0.32237750783583063
-0.24030843980474215
0.9688154329390943
0.814103007986261
-0.5474686693685733
-0.2396536187386844
-0.9000092952729315
0.25072109614280014
0.6041034275534816
-0.09315452411684433
-0.9898463964065802
-0.08506054080407699
0.5062878087517879
-0.041500619320107734
-0.371175996426683
0.3750832792402774
0.9034336507269727
-0.2223843390022806
0.33707817687992137
-0.39052477596236
0.19376914258345823
-0.35713573889353256
0.6237901709617946
0.3278450667211015
-0.2947170007994302
-0.4333793531211765
0.1308645550934171
-0.5833147328321033
-0.12840476892626085
-0.31353348750999444
0.8257521771095091
-0.5426421407843443
0.0871010682406812
-0.46065923951453214
-0.8302416040689702
0.08054192784995351
0.8894411791774435
-0.9872558376207459
0.8384560867725912
-0.14236898635845674
0.11797055977960569
-0.9801522865427634
0.8017559011734421
0.15281043003065187
0.5345093008019701
-0.19412711579726816
0.034983675528472924
-0.6481454412803216
0.9462897424925079
-0.9920672798637209
-0.10040073801645266
0.19501723985739927
-0.11041738918975619
0.44940642679936493
0.3427246012706171
-0.5581265993956106
-0.9404245122617516
-0.6012986081292058
0.0015261852713499557
-0.602794138458006
-0.03748136168447802
0.6563127207366715
-0.13142233740063736
0.3409664408808568
0.22577009156522188
-0.6732738381980607
-0.5570084897411343
-0.619706704397847
0.4767182657571958
0.313255705651458
0.38663116196189407
-0.3435666190772326
0.7020515943865786
0.6260859528689211
0.0892602744063713
-0.02662160726811269
-0.420150067076444
-0.6301293106550436
-0.922164245399052
0.8640083454241831
0.9901821726189466
-0.8816826060772882
0.8307884300631763
-0.30834273879641994
0.5935654685898581
0.1625212143854724
0.6867755484584064
0.0021318322416739033
-0.5643293015598962
0.893509830824466
0.7427862164703645
-0.28480381842808455
-0.3305798790496748
-0.28076227700422396
-0.710634830112657
-0.489112326172646
-0.06643498905805689
-0.09526678768692132
0.010522676435395617
0.6699067521525135
0.4431960744960546
0.5108777275431859
-0.971932191261283
0.905984814805127
-0.05465138753867427
-0.35315630030888356
-0.7485539218526862
0.7219396475876689
-0.8310869610356622
0.8495948535738571
0.18619364622208878
-0.9538299204316472
-0.30327299083407677
0.7452841574251821
-0.47894050459805126
-0.20449379554731584
0.3785345003201026
0.26886779323312227
-0.10031793130741251
-0.998780568745091
0.5259081748424925
0.054832799342227956
0.2537089789079692
-0.7474468801827747
-0.2770878267951913
-0.7916706917662364
-0.9481195620735217
0.35379549745001726
0.9285625673505762
0.13450777461402885
-0.04514651124168201
-0.28195487689091014
0.6568051671426469
-0.24863223816895785
0.2869105772679399
0.3590364457658972
-0.8873682820201332
0.7327377859686723
0.8264813207708019
-0.9076007846849825
-0.8693010934380327
-0.10474944096651262
0.9081654254865796
-0.08136102748834917
0.05182186581434478
-0.8311964653131285
0.037452954710662345
0.8368108509112204
0.05939319596319104
0.6575489418109011
0.6781816072403992
0.8386449763431152
-0.955737303557129
0.6786976612922988
0.8008985017716572
-0.13695965686448464
-0.4928051376638063
0.12397498920801842
0.7820620223568535
0.4907970262001684
-0.9709429109492682
0.9194450252567907
-0.6024320925818341
-0.010187583680068002
0.643880233478139
0.0494994351437581
-0.04750248404043811
0.107474335907781
0.9313149394537799
0.3157960493974352
-0.8117945685112877
0.5361231980549508
0.06198106535346115
0.6740160787836826
-0.2417919704132383
0.05862011958723801
-0.9928227591205387
0.2119899911289962
0.7028203682634262
0.5729589688760401
0.8293573148171665
0.5573968875954662
0.44031170753532156
0.6639141965630746
-0.05188335092889118
-0.267345770014249
0.34860739146295794
0.18485650426608013
0.21425188882250135
0.5778158898541654
-0.16897175565836386
0.9084138518120717
0.02979423676268733
-0.3441462802657922
0.2951505769722571
-0.9521677507459405
-0.605409491756778
0.20805343097676254
0.8279190468754936
0.21579554810724622
-0.8286352276742914
-0.38061631804280616
0.8687687170636635
0.5095823531301198
0.03892379069766272
0.8547338279577434
-0.11232179625053051
-0.5225145681617132
-0.33900599907753026
0.21521164932958614
0.6791752167289029
-0.28424035377972
-0.11410251185930775
0.4013202730176608
-0.14873799310056013
0.20727732835992496
0.17195369122406512
-0.867493216404571
-0.6321975653880343
0.8407325485169905
-0.17887775684164287
0.974550212942406
-0.2443101388278337
0.23738685658117653
-0.02151528543976533
0.15836803453305448
0.00852789942167198
-0.2988433216864619
0.08187167622055846
0.4842881410211579
0.19077489555705007
-0.7296436011708407
0.8815378473336639
-0.05317732342666481
-0.2973906100693371
0.8729659201995505
-0.442459721619191
0.8259226067058076
-0.979778465661572
0.5744626058820246
-0.24560112911054843
-0.21094713547080257
-0.7690382453748341
-0.9886729322134278
-0.72855631996222
0.7552107013682121
-0.06852169369191419
0.2917272467599863
0.9276993249636307
-0.85581507073088
-0.681131922873238
0.16745772850807095
-0.09136029838549664
0.3878959432810196
0.10734943824767695
-0.06559268031909649
-0.3078146204826375
-0.7622318694046584
-0.4342744720505036
-0.6430776324905896
0.6075840959243568
-0.5034444641678417
-0.17931445093589637
-0.6608933155127319
-0.16559454736399393
-0.7032042717855318
-0.9450999230111266
-0.025481549669894576
0.4807529295962658
-0.9449709960589641
-0.2966501156039061
0.8442866187124882
-0.8956584716617815
0.15036262041194992
-0.990125536840124
-0.10538619148389405
-0.42782341789075495
0.5967137634184947
0.5086580630579081
0.43581673115980113
-0.8032986249823417
0.06892388205308775
0.012289823501495212
-0.9911273426004883
0.3237121349589953
-0.3868698312410592
0.8077764316693492
0.989190749826661
0.028488741345217283
-0.5776400353468363
0.846517935428597
0.8217157911284165
0.6638993334338565
-0.01866322518187924
-0.3453623733181592
-0.9589236026885328
0.8648391272846798
-0.617377741960139
0.09107278886000625
0.014945027752959916
-0.3859945834617464
-0.07350659857616781
0.68606221849484
0.91677882458489
-0.3110760609698142
-0.9866943970642545
-0.7847217150218455
-0.7379086150364125
-0.5943067512699312
-0.66960072573455
0.3283749607520243
-0.9839084418422974
0.6380642285706104
-0.43538890897639515
-0.009316454502643401
0.5529706303388984
-0.9257770166015877
0.26789213662460587
-0.10323380495583945
0.41604385259264176
-0.6821105743067215
-0.3331228708018079
0.6675539123182059
0.9539374920206329
0.5265323969975655
0.25462833595650025
-0.4667860193836142
-0.872436782325607
-0.2587254129202119
-0.900216785879631
0.3935018927700742
-0.973272972584212
-0.9678969969052833
0.5554677455819199
0.41861017620748386
-0.02289284510154843
-0.3531431932978921
-0.7712122430340607
-0.4081202107732542
-0.02740452433883811
-0.3010610550025392
0.37020706549345506
0.9687811989292547
0.12570399904332774
0.8782667879306454
-0.5947593292478359
-0.1093066234734783
-0.11321076507392425
-0.10067709759577381
0.5847577289070394
0.16884110476207037
-0.8094053322929364
-0.634053295098258
0.7505619087693889
0.015645042888962513
-0.9999581061597536
-0.14867787320583625
-0.26222462209303976
0.3470276386766935
-0.12837744168837428
-0.32188723231107574
-0.4967056453025309
-0.41229868751273036
0.6763540341301459
-0.15768948149654882
-0.7533527939900195
-0.9627644968804818
-0.9092750001235781
-0.9455410459111746
-0.48678682001277274
-0.9010088069599638
0.9594672166749261
0.12058210848664253
-0.8232083239141923
-0.5255247604563864
0.7512049562109477
-0.862720491410409
-0.396825923353169
-0.5621812910452846
0.3717989014048857
-0.4791276959244357
0.9761065495982819
-0.7453132417985138
-0.6745660902580457
-0.14429784236992504
0.07372375203159787
-0.767855707485479
-0.7357414111046809
-0.7223217475302273
-0.7516271080751009
-0.6161190420450906
-0.4929909235674923
0.22932951229430465
-0.7459851612512105
-0.033292593061586384
0.23355705312146724
0.349959693004696
0.15052214755837223
-0.48771853566419887
-0.9007902853569436
-0.12835657587423022
-0.996348847955969
0.3312237156842659
0.11262137729910293
0.42871183059805484
-0.8005360042800151
0.3185734062894354
-0.9694372207499793
0.9222657729287893
0.016860339732683194
-0.5860695294655092
-0.28407993663813813
-0.7612589754017707
0.11559121531401262
-0.31015759269883625
0.5510340750894342
0.30878885004454504
-0.7644647288050763
0.859171699271444
0.45317021701786
-0.425360977756841
0.2814527765480199
-0.3535032772087294
-0.6169399266385127
0.9989024438354217
0.30874247685817435
-0.03521434942188706
-0.6764827535428435
-0.6639175251253295
-0.7619515398979557
0.14527114228459626
-0.44125743188220445
0.7069323724854477
-0.7519359926691458
0.5244098458357305
0.39256194781277665
-0.5505095349513371
-0.6257584490238095
0.2131042743299021
0.697966147681699
-0.5819463615575411
-0.6030535392037037
0.827027468578194
-0.7942947465276944
0.5138931361986874
-0.9308116484246123
0.24798415937736906
-0.5080960087974076
0.15710551573363318
-0.18584159061682248
0.3270556177326296
-0.12619180325405877