-0.3307225664594433
0.7451261574478321
-0.20497808655472038
0.6731219082715532
0.06806145202053249
-0.22631706321880096
-0.17510163667394707
0.6123750429052779
0.43940717862836687
-0.40031743455895885
0.5886032219844204
-0.8567444507620203
0.09152099589527829
-0.5235756338432556
0.6803986016175287
-0.5473218409886071
0.11100010439742891
-0.017739377959048452
-0.5934874314177463
0.8338462480593953
-0.7797395458615544
-0.7073090084902154
0.8931102413908936
0.9523526337628263
-0.4149439996772559
-0.7989669640189077
0.7313067966650837
-0.7081082792765887
-0.15683825425714493
0.9768468655867468
0.18563267766216285
-0.6336798282979943
0.7764768156229283
-0.3699014538621499
-0.1356891480577096
-0.05619379364242083
-0.4766955887869544
0.9969865771834823
0.10703562960392166
-0.22274169517389764
-0.45805462101478533
-0.06042187411778843
0.25568667209923324
-0.9869869710046466
0.20843984080255384
0.018563116258039303
0.4115951504702602
0.5998892843809209
0.7947100084101482
0.30300030234802144
0.8768292361565684
0.1971129709100723
0.25239646725793996
0.35331496073028745
0.9924978607402639
0.9157812089382844
-0.47877394720260646
-0.6725431110230218
-0.5630776977589962
0.2013482026982727
0.9722806264197501
-0.5329099359958989
-0.14341955144460017
-0.9387972495411172
-0.10566616206790069
-0.6295696723804922
0.18779248502008694
0.935314138689566
-0.2786778035387958
-0.12567035361176537
-0.1734043828554821
-0.6100511384295502
-0.6526931947543892
-0.5375333982455555
0.18468284715879357
-0.6519235715597969
0.33416669921930553
-0.07831248164218718
0.47213769499492786
0.5055243240527236
0.7690887868959113
-0.7980578903493432
-0.2703532338155905
0.08213766139915912
0.4249169738508414
-0.4467821148360258
0.34429917788035813
0.6153333342986007
-0.21210947969997962
-0.3375784205148544
0.8123999099677326
0.1829619569681824
-0.22447671628010024
0.03624570810440608
0.640817325952648
0.41738142429924197
0.5713717087844323
0.49577780475867184
0.6984088962678572
-0.6694022918036173
0.4284997432286064
0.3448457482434977
-0.839987049049163
0.8842575683664293
-0.49196940855048354
0.4791472815470883
0.12324906821954484
-0.38622008448427736
-0.27163006513186216
-0.617155468273878
0.2306544472453267
0.5467608838272893
-0.3539473070698447
-0.9827247728122452
0.28651159326617703
0.7133077867324245
-0.22001263791491965
0.6530133146948427
0.4015933774966569
0.7914396714771557
0.09460613685428676
-0.7309875540146784
0.5462026428182492
0.8638893345466181
-0.950388694769341
-0.636107723682658
0.22554316314420353
-0.16146818337150193
-0.7593442984615404
-0.26262014917056975
-0.7690553175725607
-0.9984465979880208
0.6704957464115051
0.8881117252059401
-0.6545558089890522
0.026491615598684737
0.28250282424043305
0.13254052686826334
0.3166029860273396
-0.44710246846737567
-0.9208345270276816
0.6690342528857651
0.9158145167798184
-0.8265384600571066
-0.9183279027272591
-0.9337669610109767
0.9985741544456284
-0.6318751635955622
-0.7372622713724002
0.015649188874101716
0.42225973460173694
0.32614663306240455
0.01515669874201997
0.059187423247479165
0.22399445316686273
0.36319523748694515
-0.9801266932868944
0.8134618695182971
0.8973359965245025
0.8222732903650156
0.1978918377829315
-0.8660772645293293
0.6432013095422924
0.8184049075582398
-0.1224314389329122
-0.0742129080975702
0.8087307757496429
-0.14575893415496188
0.28058168114538873
-0.012532620308620013
-0.6181683240392668
-0.6800212367650529
0.5407236735518846
0.4101761272966551
-0.37264122324567994
-0.23151006804888885
0.1898797068364262
0.05699950625267891
0.08262948054477603
-0.3350209226312164
-0.35206754153334807
-0.3474549263966802
-0.4622835571114927
0.8731287828503489
-0.1937259034095169
0.5607607376460315
-0.6513220614031219
0.9448350066176261
-0.7700443970624398
0.6268189155000947
-0.2446093759167114
0.7869432001512613
-0.15573486741595155
0.39231931270812015
-0.6498214358884871
-0.07922313585998353
-0.6630336474791705
0.6189327242303586
0.21786873208793067
-0.8680342219003809
0.20023216458124082
-0.666403492398157
-0.3809387169554246
0.8417773545903187
-0.01971986284350602
0.44000659438553313
-0.6977684771905148
-0.4742433185187971
-0.16058045837640478
-0.6677027298728999
-0.8999391184016068
-0.08557389150235961
0.3916851819286946
0.599657398774784
0.9750569575294468
-0.8088862636114564
0.5220965301745941
-0.5742340952794653
-0.020994963303081926
0.3132502549580456
0.9521292027210484
0.07332733783805234
-0.559332531049946
-0.13262913052497427
0.4834987810957405
0.42525784873390515
0.03993454203047575
0.7342045479996653
0.9977250734306009
-0.7960676341904742
0.30821050491134816
-0.1327812467859537
0.25511147736855855
0.7859450889270387
-0.0074154585381878135
-0.5936024990332383
-0.7731128062670494
0.8152436036469908
-0.1777205860364124
-0.1556266635353023
0.1718817059953579
0.7789595445033435
0.2001961620779671
0.4059120631967008
-0.9423398520770081
0.7125359178760546
-0.8643765769439182
0.32491597837555
0.9178477970235368
-0.5752284887859396
0.6333161825856921
-0.1784813174268287
-0.5723162151489092
-0.09350876682390385
-0.18329088436306762
-0.8147985724530009
-0.6675518074381863
0.2597123658769489
-0.04257976908519612
-0.1323753935947043
0.4581932685157306
-0.5819776238258161
-0.22675424879843042
0.8606421588204949
0.11878643549713397
0.8160882529457796
0.7667798994306967
-0.17453681437387414
-0.1600094366866287
-0.810534352917244
-0.9365542702073497
-0.1914647424188365
0.1395974768891255
0.08859566580377876
-0.5101780993998317
-0.07318600908623796
-0.661345715336382
-0.21160228721269791
0.9425222525166099
0.2395048137040856
0.6098530698172138
-0.45318832221918304
-0.6296365068737841
0.3693736682196278
-0.9773407853834766
-0.3465547368319126
0.3002079011918155
0.8483404994525252
0.0946651166960586
0.3023920009066059
-0.2873337277676469
-0.991040768529617
-0.5093761699019783
-0.026097471748394607
0.14597111650456474
-0.019163679869022232
-0.304130026066332
0.3921462179761015
0.7976037104697447
-0.4162629557853994
0.06202125989824103
0.38738820767364657
-0.8370050190837777
-0.021739488622475545
-0.43475821050534735
0.8219487342763379
0.042592826645291515
-0.18660991400240312
-0.4274738537692673
0.3206890905963433
-0.1753406130923656
0.24556988822903247
0.4940556634038624
-0.06903850836814707
0.7355713942094657
-0.5999168479708115
0.8114840557649567
0.06733774822790828
-0.5235016100013306
-0.6068545174629076
-0.8129907442044475
-0.5802357444324433
0.5493511634252557
0.9955751487364197
0.5599435396847339
-0.0420982592309429
-0.041479210219308005
0.8204022586526982
-0.26088688756432177
-0.03365245698115449
0.05818015465604165
-0.8392032703022809
-0.10872008110458786
0.28169661950952607
0.8251229218511962
0.9989935116582831
-0.38101393919897175
-0.10968099060289793
0.41864193314754083
-0.7838017625211824
0.7458989132123659
0.12119309573200376
0.19054398171395248
0.13519430695446522
0.2762559570098262
-0.03641970898934832
-0.8156786365823989
-0.24531770332862868
0.2575825994880485
0.3298669470330251
-0.5449364074428948
0.679056410062781
0.6336364697646237
-0.08308252981405184
0.9705465460068474
0.08696210415224859
0.5015674643093331
0.32716374789960123
-0.1630732821453127
-0.7585480560587583
0.3266159188255968
0.12943549900476436
0.6905789553943802
0.26619226870193047
-0.04370007395988629
0.17213231848070243
0.9159594894567349
-0.4942807327280381
-0.7471245630253793
-0.5966379551257472
0.7228082911865383
-0.5902263289248677
-0.19301773709749792
0.09786235251523001
-0.5641484894758051
-0.22787881417682665
0.0784533745779541
-0.45368340260987905
-0.259337447860299
-0.09186092327013329
-0.533953687088675
0.7780298523978386
-0.20778485302603866
-0.15346438020377096
-0.009145804183225525
-0.15257121440547916
-0.7840985433386713
-0.8062222613748067
-0.8903148739630096
-0.5687720916537584
0.3635571808395035
-0.2371822627275535
0.5058536473398285
0.27375176231733644
0.8514489781211243
0.072328330391219
-0.6543326642125422
0.6348603815697942
0.40295399975007284
0.7707343468247561
-0.4887355061173273
0.44136048659647753
0.2700521295459726
-0.32357195119708826
-0.8333262953477489
0.2770800262156341
0.03853303400084829
0.7308880712994243
0.1832108386350133
0.48727790956988914
-0.07909370146225525
0.3699757510396593
-0.7245277751116803
0.761076851381409
0.45261957352921267
0.7869195288133277
-0.24098932054305955
-0.4576584384412765
0.6525865560703041
-0.9027768926680764
-0.015510479485032258
-0.16771414627773362
-0.038466132998816294
-0.13996160919524314
-0.12712772824592777
-0.7453802222887882
-0.19475047249492983
0.7686860587580828
-0.47992809478952214
0.42973977265104213
-0.4075234649321047
0.7123929273234912
-0.9088643157578191
0.6277545260729371
-0.8598713311499406
-0.5847350198674068
0.8641140039685693
0.8207462514495638
-0.1561181928873605
0.9166595591411104
-0.8011651200959835
-0.13896371724394618
-0.6082335075646272
-0.4812176234972707
0.28751439980748517
-0.7784324775064462
0.7596474721902335
0.8458166045477484
-0.28681234675684286
-0.6010001931718163
0.6331704825433402
0.582441682182697
-0.07840834638938587
0.1667993626375821
-0.17844202282271016
-0.7975046740181904
0.7835006159988347
0.3985273495784494
0.4913329481281592
0.1041626399021569
0.2687265918632087
0.29062666241932034
0.1015058011929002
-0.35872921112871103
-0.9524933584107778
0.7591818323426203
-0.6929181225239851
0.22437456163354486
0.027078328709761124
0.3462534594968363
-0.46024914204636747
-0.35568544407087366
0.3673282352909284
0.6038463840659516
0.5840289014644531
0.8260004273015518
-0.18930588674850402
0.6767781631265082
0.9039947672466915
-0.22291651095372167
0.9256694702698169
0.6579063638841487
-0.6546682532157841
-0.5181963720109553
0.24304817812836355
0.5369314561882153
-0.08433077447310589
-0.2344459561372716
-0.16668524243172733
0.9080567113624263
-0.7535583766106941
-0.4649496707666232
0.6566011848637341
0.6317439305642478
-0.5826516692370352
-0.05141230818542164
0.6588332233533751
-0.41334249863614225
0.6544183357194864
-0.1209134986654925
-0.22658209108779892
0.20211869181485387
0.655889501155235
-0.6409707034953134
0.09996882424774611
-0.23524446745634564
-0.5893594937583615
0.5353924001456918
-0.8937919376057659
-0.916942450309713
0.6156213987970387
-0.23422031949737776
0.8326283137169066
0.37058416330933697
0.5836761701982123
0.7918420462940845
0.900978811105936
0.7180014433369231
0.9633172939312626
-0.21035148064244913
0.856303816762791
-0.5164658087591791
-0.10810661229302654
-0.3682915554679076
0.5706614801419938
0.8516265902115834
0.9175782556431136
0.9146081589373893
0.991714288822912
0.15310172679112588
0.24027926365403696
-0.6768252741436678
0.46414740403991694
-0.12469600961866223
0.07618912828615865
0.07151645502037618
0.09398327247681637
-0.5269603219312535
-0.9976521634532145
0.12105007664823408
0.28571589983684387
0.0889439439411297
0.47125166289008025
0.7645033068181564
-0.1931998355071909
0.06887331774911121
0.6682668935098193
-0.1535467325511386
0.48741388135976815
-0.22432364764611723
0.08673165694775231
-0.377293089056169
-0.352886807286362
-0.22317385004698576
-0.3432617678184353
0.19651747954404586
-0.13078165721377744
0.3382325881393715
-0.04032207239401875
0.6678468916263332
-0.7517621254075788
-0.7073292183114397
-0.47184134344718665
-0.21771326848404016
-0.0811534821090365
-0.9675278171963988
-0.6666103104172871
-0.993518507864241
-0.7055574018481929
-0.3303665647373297
-0.3283228724730094
-0.8882405266552409
-0.665932984420563
0.44344832437421156
-0.700121318959251
-0.8523256965426538
0.9885672787063453
-0.28490733380685107
0.8960583294586124
-0.7306795780169506
-0.9339959436597225
-0.331380613739503
0.9461273534418317
0.46457372436164923
0.5032993871276241
0.5715793543235073
-0.658855721756247
0.6419917781325022
-0.5877369352520845
-0.17993554670505807
-0.030561888563512163
0.469414101208806
0.44600787728902747
0.10405428426271346
-0.8085375251105358
-0.2201666997597258
0.6375357215446289
0.04878820254953253
0.9841151500329273
-0.27288715636063965
-0.41836072730025364
0.014905347044588568
0.12868838876640099
-0.197793460329988
-0.9806945229690249
-0.06583141929104785
-0.4564151306630728
-0.6179117044236053
0.986377272059062
0.2950682768708319
0.4907983277852901
-0.3066477161124821
0.7923557878308283
-0.3297273887278056
0.7756479342713121
-0.686521314937091
0.9337323667376043
-0.09528000486909449
-0.4510297184290739
-0.4211097899229135
0.06945429965158034
0.45442601112068703
-0.07379083668732433
0.8270730671756557
-0.7756124652464826
0.6002925813184865
0.18994985306978873
-0.7675765772448209
0.20716114824545717
-0.46167915673166315
0.41553759821030334
-0.8397513357549544
0.9553074839531337
0.1820286755173781
0.10863979672215351
-0.7771325925461499
-0.6297836940758503
-0.8403918532700103
0.2778419312543319
-0.7378040925525546
0.47408519570593755
0.5557333056815787
0.15933445552105918
0.7261337178648124
0.0029131240605799746
0.13366515299954873
0.35381544072489124
-0.5706628541902492
0.8724567693684668
0.41454779611633885
0.27532735421382415
0.5113225091822642
0.2863251453693332
-0.5879115442290481
-0.47797111913647394
0.8221046866638249
0.1712544895499788
0.25361136266810114
0.15050051951580823
0.7119904482787023
0.7224050508140956
-0.06305900635869777
0.2870902747148616
0.13322626817444938
-0.6003694022578789
-0.7971766367785871
0.8742992754233447
-0.19498551312579693
0.48220310629126595
-0.24920944651846688
0.47544272001642973
0.6804213989032986
0.3125260801338692
0.5547211760170365
-0.42936097495626724
-0.038482470083126996
-0.8049932287609849
-0.02136186872307566
-0.3098966618789767
-0.5399827468235563
0.3534976867947941
-0.3078578236700351
0.9434217879453257
0.046684917052331354
-0.9293476802665179
0.5510991428251368
-0.09553322409781684
-0.5782276205523074
0.9339225030298723
-0.9754056627599899
0.47119338134269406
0.7092000455813843
0.18346460840584888
0.5300034374241072
0.7338306148557874
-0.08274476462392255
0.7187815937696798
0.722841820959196
-0.485967618283651
-0.11685857386546661
0.9920486262512593
0.7971919393899551
-0.7085558184862448
0.3922002611657569
0.0070567717425489285
-0.11157288639087737
0.3795929275059917
-0.19397604850693462
-0.6424083112164993
0.9284927675047454
-0.36135350905102137
0.6599885571502935
0.6619613563117512
-0.9597610208409515
-0.610741572897471
0.0344830837642629
-0.5832520958293765
-0.6561971622526173
0.17105972796121383
0.025815751922341645
-0.5051068338070943
0.8891563201793071
0.05791119930805877
-0.7470090834518082
-0.4375094630833616
0.3308556107839149
-0.9003001035745455
-0.9760412770955034
-0.9195469178098514
0.006546380957987097
0.5362281206704218
0.41860526707886203
-0.7878932616223866
0.41224637242049633
-0.4261074113891974
-0.0020048323668075962
0.890533672135551
-0.43298905504725793
-0.3289450421115254
-0.914853594609488
0.5192623445512616
0.595839954042674
0.7943840859216078
-0.506602597147334
0.21435698309579432
-0.34009780094053
-0.6418514461074127
-0.3540923872816433
0.9891077248739975
0.013872890182243358
0.26004638039505257
0.4571333030511011
0.7769014055985948
-0.22893732213179518
-0.38752963738405
0.1523990014367731
0.7864603651169269
0.3374813631379008
-0.6576905487470259
-0.10701490121990731
0.7992056785528199
-0.35430309065976195
0.13835097938532948
0.720814124281004
-0.8094801453147957
0.9836971394619496
0.06717586054274349
0.8715749639043309
-0.8932577810861431
-0.6688293839055406
-0.35708038626012883
0.22017767622143136
-0.7333437484082337
-0.5136558727497862
0.6184523616460125
0.8498685909650472
-0.3505684374377376
0.4577831400818517
-0.4351862455577442
-0.9973737498869257
-0.7732107134015191
-0.8149228503438726
0.8889069792588906
-0.22776858449187198
0.9885676430542634
0.3772741992816009
0.33075117083956185
-0.7618864194385206
0.9644945108730176
-0.4530264992682338