0.4508155987677802
0.6490799861024341
0.49446112897984196
0.22561344441904851
0.30673307273037853
0.8986835458552513
-0.11453657754000934
-0.8384089421581344
0.4873509193565011
-0.08729704942897443
-0.6358063136334025
-0.2520123808688106
0.4620272079423502
-0.5520626443202901
0.4052557885103081
0.6100522389650889
-0.5180131109845532
0.10408510606386523
-0.902314666390015
0.6239356916941685
-0.5159646391035395
0.3570518447360709
0.7339983427916252
0.24648520867262103
0.053018622490544676
0.7128923598238261
-0.3582630551144612
0.836473236812951
-0.321145305216582
0.6380116788048336
0.773240333713392
-0.5347414476267691
0.7793342204873599
-0.14645798187010972
0.7572915790086383
0.3092608578688585
0.6497949564437973
0.2679215215016222
0.2012845052735457
-0.5725898434748693
0.46084109755309366
-0.9043215185645301
0.695754902899943
-0.8195114037345594
0.07159551824904797
0.6809830680429876
0.5470950038142408
0.9066973262284024
0.039023754349716944
-0.3861171956042275
0.4692299464185701
-0.7735486168959611
-0.7373181913359783
-0.9742562169788624
0.3531794677047597
0.7897328388208289
-0.7760111005477144
-0.10159842623825122
-0.62299880753215
0.24927294004097855
-0.30796171162604424
0.18389066366203877
0.5655797354946261
-0.8322802859629426
-0.8838494322909558
-0.014016207407494763
-0.7801920472450288
0.20355567652317919
-0.5013951455249424
-0.7499676810507789
0.7679655847726679
0.6706328557905761
0.5630673944807314
0.873276132896307
-0.9862735013729107
-0.029463844698291775
-0.563274007990346
-0.35195938197794385
0.751029217983068
-0.654734257182584
-0.9241785710818833
0.2760409802253925
0.22214098807321658
-0.15306309817307784
-0.3912799929179087
-0.46228049012297534
-0.5698881739235904
0.8998711424660557
0.7374616339250946
-0.3422784348125445
-0.19608185258036426
-0.80929528139233
-0.08403732620537174
0.6437677760146978
0.9484065961189081
-0.20826860802017944
-0.1538311775585226
0.8774672288070466
-0.656567416907391
-0.8975100719426388
0.5508556274647751
0.6239839325027408
-0.3503635815134094
0.9839946104565711
0.28365407041431867
-0.7541130593924346
0.2491207550727088
0.5623009916635007
-0.9467369259337035
0.7744666318061151
-0.09057835759237576
0.3661655831393873
-0.480460580071038
0.8883539103081899
0.21955406127283772
-0.13755313716251671
-0.32464356238437553
-0.2169100617202635
-0.2951253894474477
-0.5924577581823036
-0.8756771926906479
0.4638712137737877
-0.5246438975657652
0.8115971355954166
0.7415343190635633
0.7370749821013152
-0.20776247221965027
0.22617283175955416
-0.20960891793276337
-0.29583750619059557
-0.29930010795172834
0.8773654423947548
0.6610560827222371
-0.296305622076771
-0.5089332070653565
0.13234593781311643
0.7638658721908471
0.6046885899037626
0.11790701229735334
0.14005078395266457
0.4301278426431918
-0.13546906130747294
-0.7404171697281743
-0.998926719453479
-0.07554290866900759
-0.15905136323070024
0.8356834352722813
-0.32793466656895975
0.5122000853268207
-0.3321980401155349
0.3380716256059393
0.7628592501455094
-0.12057165716373142
-0.756807968961847
-0.9362510343644641
-0.576942563683418
-0.9389288289099729
-0.069984167728814
0.788034911749967
-0.8662439623582581
0.4055903314494389
-0.898286208660587
0.914229049754594
0.7009398283215837
-0.01410688490741796
0.610821804310663
0.5296847230578965
-0.7557274177643185
0.5455693836667699
-0.7013965036163676
-0.6620024788928858
-0.5515285860973671
-0.11194549270481113
-0.3554116945615111
0.7278325301030606
0.9166566808343932
0.09360682590982705
0.8437596718949145
0.12146986687113581
0.07065548886762807
-0.19852718164465366
0.8332386907126927
0.1398030589442052
0.4372076965004694
-0.1745384761363611
-0.15597210043393983
-0.8306823010350506
0.8712313405504717
-0.3029330971015445
0.16784732392986057
0.34328601714605966
-0.6266290636327152
0.4272737975211909
-0.8417811654357028
0.6821663974882564
0.2817686615454904
0.4246109973922383
0.9314470529027088
-0.22590903872518053
0.6497397018186075
0.11175767470621278
-0.02592879776657475
0.5356745422646814
-0.984741754243865
-0.3531189695139081
0.6569286240694661
-0.8461422678366846
0.39975462083148305
-0.41364894164941535
0.82989903600776
-0.7358857729086621
0.20610556539638236
0.5066838747531601
0.38404893616569646
0.6308706657738243
0.7159214885289178
0.19855086196784177
0.6991348232413137
0.4419327327815985
-0.8244906276423385
0.22085899636638273
0.15257894217305856
-0.2928984255363658
-0.6652205158080899
0.15202980557551693
-0.5977791508290977
-0.6013046359479104
-0.30625025028098496
0.2741116163006556
0.9966333281099464
0.8479732049616502
-0.21123844511169443
-0.7684631135792583
-0.8086302419464586
0.17229608320606604
-0.572912007044623
0.9706390279804817
0.8399044140686636
0.7234401800929335
-0.11010316513826335
0.2935180850947985
0.8305250155850754
-0.23259926500563743
-0.23239040433432612
0.09941005206650932
-0.8875066761486508
-0.9512899324578048
0.8766591244853204
0.4306423047234955
0.8979699084837667
0.3126382673339767
-0.8361816968573839
-0.21229963505517868
-0.07224573568996351
0.9643439478643774
-0.21472731821407387
0.9048470372922859
-0.6116964521288017
-0.3314992019429981
-0.5729302100335236
-0.055976008870846305
-0.8086217763993453
0.7865893165497608
0.5239536090329877
-0.03919311509151657
0.11304263868403308
0.5416485030063427
0.8573126677011023
0.3455544042713774
-0.8720528474308684
0.48568693763408066
0.8250789400537042
0.6502775632470681
0.7965951480391589
0.2618230120969356
0.7191105580447783
0.6754305702076848
0.5483768822043389
0.7934601440250306
0.17391870630545347
-0.7178081881155787
-0.6715333636575682
0.8557998464214875
-0.47964165829158656
-0.18588735097681575
0.3243334936519344
0.4034980924929439
0.8464055696132837
-0.9908641983964817
0.42862754875726217
0.39162844538461794
0.29755216441778654
-0.0832234303204129
0.24613717095054244
-0.7147378309439556
0.44421947252136595
0.7384554541247828
-0.4188796540275055
0.5112332750978177
-0.9475904652523683
-0.8241236682026003
0.9425262831948631
-0.45766460012389154
0.8065432132209298
0.7630602088583931
0.37921696039638264
0.5443425416840111
0.24572359815305567
0.02914587247421152
0.006989622827592967
-0.539197474588605
0.9813185667742037
-0.5596388150026412
0.7562380976187586
-0.6285942982454769
-0.4696222622156587
0.06303016374055104
-0.9078941335531048
-0.5534294060173286
0.41207131581190626
0.21988421610658015
-0.3432955490261129
0.9770071671192719
-0.04118897006042577
0.5781517957601574
-0.07669366193637694
-0.2331866952873447
0.5897967300517244
0.6125402488933527
-0.365295855053394
-0.9564596691287552
0.8452963743840309
0.002881766077493131
0.4425841831886248
-0.3865492161153046
-0.06944528316610721
-0.39612743523406757
0.22894254318954066
-0.16808375962272226
0.5478348092585199
-0.1480638438685311
0.8885884268650011
0.2462618232029543
0.870090876042998
0.021746539698669354
-0.41231367237934724
-0.13454917699625057
0.19131053113650598
0.6838604051200312
-0.12484125843729665
-0.7704646821087218
-0.07453637870201701
-0.7300872834326952
0.9496402582659087
0.23327515586884218
-0.7060138887988763
-0.16668909599675552
0.07840084405075376
0.985031870877727
-0.6185815213093577
-0.9073157150148676
0.3286819800264251
0.46677471521015534
0.9533622616292172
-0.6228000009212027
-0.5470102885329422
0.3283918370670105
0.2351636551344709
-0.38136005928380423
0.9840258307011429
-0.4668455204486479
-0.038099321837240074
-0.06735211889696413
-0.4993261330820775
-0.03327430232833217
-0.15073322958189284
-0.8201672294832034
-0.1937199869436499
0.32125560532949615
-0.4495921015054374
-0.994136759577829
-0.583968517974939
-0.11314867216731028
0.000285620273620113
0.5958714953444839
0.20077971957841312
-0.5711365888661244
-0.5883498376093108
0.3064796292042782
-0.7582887138023486
0.2495173310257206
0.08759436895653083
0.7902834063225379
0.520702930605307
-0.45381065849123337
-0.6245187227472182
0.7287657516170372
0.16485990412825302
0.9614027203666402
-0.865844120588408
0.7961788050227696
-0.9061197639603913
-0.8959424614887446
0.8152958718196575
-0.8635549123807793
-0.6160313840409404
-0.06145521975174262
-0.5532276648985706
0.5596089273018898
0.033244135331910396
0.2949481311407003
-0.8528521951844172
-0.8655732853859752
0.9759373351389788
-0.5596705700797084
-0.7840855328181826
-0.5589299823967158
0.8677599795875663
-0.5404848346875422
-0.8134293232353018
0.31226044768255967
0.8780922943128924
-0.7002248884710873
-0.6190252682351176
0.3422741936560867
0.32089184103580926
-0.9812615973925471
-0.8339834001955486
-0.8315703001689709
-0.07660014956014694
0.7907441612064003
0.9239849497847037
-0.9862631544643412
-0.5636261638134623
0.6483739629810918
-0.7364078599304522
-0.6218033176765629
-0.7392580991362088
-0.45389642697013644
-0.40001970746705373
-0.23850295374654396
0.21137755701348748
-0.345102972257348
0.381886454841287
-0.4539255623724283
0.14498263886451546
-0.8236912206696416
0.446873226532007
-0.7276523853449108
0.4183271447333363
0.9966355535143085
0.1961782296664376
-0.31931908836117495
0.21524557993074023
0.356138442770894
0.10291738441327003
-0.5665854329452411
0.35186011222034885
-0.2600790420310859
-0.043690105342298446
0.16840118305366159
0.2349330248911492
0.7618356749762583
0.8447412724813883
0.18783907906833064
-0.4232355006544215
0.2661388443372772
-0.5161181200021536
-0.34084139398160707
0.001304372371603968
0.09811458790507532
0.18117062678349605
0.8936461150831037
-0.829023246881512
0.5604174203961338
0.5058172664466565
-0.06517776958253085
-0.1300358016103893
0.9408329116745535
-0.19146069124167076
0.8102402874209509
0.7874484802995507
-0.5871859883749007
-0.3771336826141287
0.49183759868844645
-0.009208251190967687
-0.3943632061956339
0.002864934030891275
0.3677129746626524
0.47292014457167153
0.007989686633428583
-0.0028196205916219963
-0.4169330301458283
-0.8392295318090279
-0.05251743742097248
0.16889276212722493
0.8830327249465886
0.2756386677916882
0.8284044922269809
0.5248580586827376
0.27834383626030346
0.9873750268089638
-0.853289948031158
-0.13050943352727962
-0.9600277662082388
-0.7000563493559493
0.8489277582690327
-0.8279109840045158
-0.32598249928091505
-0.4539795501844073
0.17533206059030482
0.47709526113341694
0.9799526789076423
-0.7703429343010901
-0.28956223079516774
-0.5281367199697258
-0.23194271413832146
0.03780755039628447
-0.3697264181847437
-0.8615280069801436
0.7642453661615849
-0.8325127960923289
-0.5692950426254657
-0.4554758544997104
0.17910334021591257
0.7717758881435972
-0.4639791326842584
-0.7044165437734649
0.8419423165590181
0.13070418234462533
-0.5040259013142891
-0.7915697656660587
-0.7088282242306654
-0.026382404629298417
-0.9639160354515457
0.7699773077604146
0.734489804494314
-0.5280693757129582
-0.2794014649619512
-0.9525813735679571
0.7596566692522038
-0.3846995748371207
0.739850887187635
0.08170821921766458
0.7968694609535751
0.19505742321992603
-0.19213826531548728
0.9955332489341022
0.8641725887742551
-0.15744411582699946
-0.7906511237228291
-0.13861771731516592
0.2895088585673271
-0.4941540838228442
-0.3077044326106253
0.41968070549612846
-0.22398978004802772
-0.5023970074398865
0.42056992607430166
0.4109477961835093
-0.852080416781257
-0.010803561436327103
-0.7578938215943458
-0.8428072913035367
-0.6981516805619095
-0.2815333790463006
0.9348275878902301
-0.8867874845551593
0.9133801275167055
-0.09868847114704016
-0.8334424594963568
0.3954404588673257
-0.37816739123632015
0.5233126129286121
0.09209364862876801
-0.6836987603794098
-0.7858105081254634
0.6111783631015231
-0.147750373872507
-0.05277620857711085
0.13868289020655267
-0.7793467860567462
-0.22888262932203496
-0.8699856463737701
0.6011365213900144
0.42291831499240606
-0.515025296249908
-0.7873181595152785
0.634183894808471
-0.9216950515164819
0.4027489153440247
-0.996426558729099
0.8629109277339411
-0.272789724678133
0.3927554104583193
-0.7453957413650107
-0.5917719320580057
-0.4776402109170699
-0.2570754498819241
0.08708120134199837
-0.3810402502394834
-0.5450402532353273
-0.4714811099427296
-0.5376686520595793
0.10723524697947351
0.9328051886911382
-0.22644126372217221
0.19152961216218523
-0.11643507516707174
0.06860717697742702
-0.760574927978416
0.43386941255441
0.9777571554244224
0.6383386751746212
-0.4117526752087566
0.9662129936961561
-0.6990373359987212
-0.9328194935649354
0.3518083876510467
-0.9567436453191094
0.16959760831015802
-0.8330223141621353
-0.1073174151686811
0.1633193398982289
0.5976695244943242
-0.5198011656094861
0.9716267166811201
0.9993033919555194
-0.29426363138416045
-0.32227653918396104
-0.8159811092755274
-0.5295061386180004
-0.427401516352242
0.18192787833113955
-0.6425231123049857
-0.2131406298388332
-0.8458652042154706
0.5192058469827876
-0.41404966003215193
-0.5548855774724764
-0.4964812944441792
0.32500864084342296
-0.6824255774011578
0.21318559312385665
0.3363700296361247
-0.06696114999900549
-0.6099507762230343
0.2013438779424639
0.4151492135028212
0.4415649436434077
-0.08641115462008542
0.06482044225984485
0.8298338639523914
0.9807908028197607
-0.6678397205511677
-0.5716289831897248
0.3821015744472407
-0.3346449542390255
-0.9973152134490411
0.8543338899682906
0.9327453594954598
0.5931890797695274
-0.4773339892817643
0.15134139377174116
0.46496119352303533
0.9499533098676973
-0.18728821112438787
0.3663948768937608
0.6066962318802991
-0.30242462607364784
0.18240716164342996
0.64063638803842
-0.9899736958034322
-0.7300806982035908
-0.3995724657670643
0.0014143706035740777
0.8523966362727853
-0.8529406016071714
-0.10080568057236095
0.8309255478013118
0.9241730775723696
-0.10566145289056728
-0.7023137414679357
0.9856482061739704
-0.30724786287823025
-0.7340660800900627
-0.27327058097489076
-0.0711660718249223
-0.9274497411736797
0.3599839809788803
0.4091548157888165
-0.3050109853556118
-0.8836683256396949
0.07976987654491308
-0.5302040836189699
-0.5960644752093924
-0.7044001614593032
-0.7547726450114665
0.7185725321729992
0.7161415596377136
-0.13100659757487265
-0.6740935380548267
0.7940978844333677
0.17698708064142576
-0.6945760174164679
0.9591211455489694
0.9814403756573835
0.6163431981954934
-0.41528044872029324
-0.9008138999475614
-0.6242231488719834
0.888011804599387
-0.2658309756381718
-0.2523423008606229
0.7063578289047727
-0.47991924521356966
-0.991489075615287
-0.7713801482507103
-0.29719404959533624
-0.2115726568412597
-0.5101230025620509
-0.7636735844067186
0.8073984181331939
-0.09138186456166753
0.6682675739839721
-0.48246608115408396
-0.4051257818684775
-0.1194982818209791
-0.7879600393999335
0.6120405599202574
0.4214041217592035
-0.34989683498482016
0.8732945664758622
0.03814981645651594
0.06282809706434866
-0.07206911863402032
-0.5664586893277752
0.6286246915710765
-0.6297609255780878
-0.7967321568206667
0.7390673454192667
0.8285335628246815
-0.4946950976404827
0.48994360644297896
-0.8210975069861413
-0.6275529387247276
-0.10023769453516307
-0.8695504944691848
-0.2848139070341291
-0.8136567117762172
0.2768819858630702
-0.9737774903153791
-0.02171955892987132
-0.9825373008441753
-0.6458481755154377
-0.552369104162383
-0.310136988182232
0.7957123384502329
0.16862712938146074
-0.11466024982434786
-0.889952553340662
-0.366217780041572
-0.13012997686497374
-0.5976437992971664
-0.15942873789103285
-0.20416058240742552
0.10771740532929397
-0.9549750043828518
0.6819467953095129
-0.5902056395998945
0.8631710503169729
0.6412113173507268
-0.1594543669375159
-0.2228317417964012
-0.2342950418302101
0.029949198767056817
0.42972908004006083
0.5526934886322008
0.3060638696984095
-0.054052099920791186
0.8696374097871289
0.5765790266456983
0.6107176164693224
0.0012418646677856415
-0.40334155042877873
0.8979315200706988
-0.5154251107574574
-0.6095978467096306
-0.30577452958535156
0.17999423716713703
0.4148127633552874
0.25134517879731555
-0.4610945350703275
-0.20704820396796575
-0.38174394120584654
-0.5516590930138865
-0.8022822771109566
-0.005602589303405292
0.6416791153098675
-0.8996914035147836
0.7342745363119445
0.36343769229628053
0.5403792742010718
-0.571124403031728
0.36037258716238285
-0.23712022717703451
0.9090660413164542
-0.5034752841330501
-0.7975672855489111
0.004412894228979614
0.42444079712887706
0.6216972485944903
-0.7213106208516342
0.9140360340514087
-0.24815151640763333
-0.22680118732359755
0.5016242500655395
-0.5874207271894492
0.2714927556889468
-0.3788829869496144
-0.9087578279410622
-0.30045562216385546
0.38352287237482363
-0.43281311758272256
0.396699491922625
-0.26399226172856594
-0.38268643320602824
0.13329547362909544
0.6328857382889457
-0.3211605624449654
-0.652522298315181
-0.6487357015523125
0.4935499714246545
0.703378825117144
-0.4465095365625107
-0.2947270665982984
0.8495307321417809
0.5016969130065845
-0.6586234022218733
-0.7762645046110239
-0.6108027226257331
0.6759433617529342
-0.5610366357602994
0.9999271424398553
0.39481367204443774
0.4874427681108382
-0.5155728111846747
0.7703749697152278
-0.2910781994036158
0.19870354870393703
-0.5479908067404007
0.9453088608383948
0.6934732186492054
0.16476771285704417
-0.9723191669011007
0.472508901340684
-0.6067411168213352
-0.531737571497521
-0.6196275572540151
-0.5925873791072396
-0.07457936340566906
0.8175389724953142
-0.2300780954314421
0.5307340985034954
0.00015181331921065855
-0.2863408420555813
0.9506672494765966
-0.5582088312961415
-0.7468987190234715
-0.42073560119200204
-0.7204188524765112
-0.4279538662305393
0.41774807467365993
0.605564377614302
0.2651784178401575
0.040812429640567416
-0.3099775463913743
0.9111527913322466
-0.6477799841871354
0.8343655542959267
-0.3259929435835671
0.10201408416807634
-0.44488285082930257
0.6619342374884964
0.9201954779987251
0.05614461139281057
-0.6093583742188338
-0.6687184733677176
0.4581634317903016
0.6168508035590081
-0.8476169914430136
0.7969834488247227
0.18205197414792362
-0.7884566973320957
0.46874296267039917
0.1313980969690829
0.5434471862792214
0.3011553024946183
-0.3985105603401269
-0.31797312870166405
0.7864338949298413
0.3519109247479333
-0.8011003139708046
-0.48093274522390184
-0.9366645873629666
0.5671160240065942
-0.2816116890019895
0.8072244314529009
0.5808399746258381
-0.40436870443166817
0.1759251794412271
0.13048254896176403
0.10066753781620519
-0.1196820459709469
0.7878234783609004
0.6654538555904594
0.20700790710764494
0.36408939569015786
-0.8023933579620801
-0.8607927120295968
0.6208092004237673
0.7544305757223888
0.818773323495122
0.1352880270753023
0.9423251635235872
0.8008245941366059
-0.9860593594238853
-0.7129788973795119
-0.585318187827099
-0.6159022545835735
0.793027541347852
0.394313273584485
0.43065556462519505
-0.15398235072490296
-0.8753503397792186
-0.6095364608726481
-0.28884985453442047
0.4949448918237036
-0.23323979207149192
-0.14685601481567945
-0.6534069692969837
0.10732910846425314
0.6621891736155854
-0.09607221989912751
-0.8537902001673152
-0.05812871573074019
0.017519228061301906
0.19038568683355628
0.5610724924825123
-0.279668960983549
0.26676660415985287
-0.5234719935502119
0.7170722698509533
0.9010484567853536
-0.6387363395534624
-0.08404063411349338
-0.12579877477704904
0.249195907554856
-0.9422508694484426
-0.12572167061714756
-0.5002262164602473
-0.735073054520252
0.32806661587148134
-0.5277144564193943
0.9429129760504267
0.8207317237061826
-0.7688326562868053
0.37817310496022727
0.8931706807935493
-0.02002566386907123
-0.4327106710474733
-0.3160958181306881
-0.4124360383009127
-0.36019507658775796
-0.6064414738450552
0.39947628386138634
-0.3297751245496856
0.7298167984707586
-0.670398716296333
-0.4414070089972413
0.6191483283326731
-0.5173739709463341
-0.3349341394557581
0.06874465058424639
-0.2608101647997352
-0.7541761521059753
-0.09555920586331879
0.7682406272940161
0.738169285118929
-0.029090356392815098
-0.48123836428762146
0.35118950687982275
0.6070343671852083
0.8923098688311297
0.8014424858889184
0.15773138519077023
-0.08116963861791748
0.922372852554618
-0.21147511051998258
-0.3335249169450558
-0.8552939733749751
-0.34305788926911185
-0.6173666216032678
-0.13579650279530875
-0.8473158458354357
0.16202672231664983
0.259144202444481
0.33683561119595007
-0.8083075028893674
0.028649412886124326
0.02894855648535266
0.9932973225805246
-0.81167223176895
0.658942564254237
-0.12012838970426576
-0.8537613898497287
-0.1495617109620937
-0.22014513120944823
-0.40304979674453456
-0.08222636764376623
0.30140220215390556
0.08787515245434219
-0.14512054639164118
-0.36892620592183145
0.9333438403179959
-0.026808875194604065
0.6953571916908634
-0.8229104009069632
-0.6779120741656262
-0.2538353151304358
-0.38630673825874684
-0.3734278619419078
0.7973318584389353
-0.012807960567960519
0.9253641810519606
-0.7162646263293606
-0.7037408614371763
-0.3782424849851289
0.18204044834355604
0.7026168762804772
0.737190659284773
-0.16252551459774645
-0.6796406160516817
-0.8881507263878996
0.49852211709046745
-0.00860910264969239
-0.34650529016973985
0.45559915656510075
0.23293198148240402
-0.010409858994877341
0.33877983894537933
0.7628645769549616
-0.2227791480649901
0.8280670874009737
-0.5318021726595201
0.05204646238093269
0.17650011920215292
-0.33683749706937727
0.299370259880156
0.34958692660161095
0.8879085128566577
0.9505632527535377
0.3714636423679527
0.3656325600556265
0.9941641104461523
-0.2991780715869592
0.7390932190245607
0.7237083020739428
-0.4261085994929428
-0.02917490325382266
0.18532152597277451
-0.2762696604049595
0.9441495419869743
0.09665396561558226
0.5485280053599102
-0.9262669578246945
-0.11915002293302313
0.6898994689814995
0.8552132595147963
-0.42001831346152985
-0.3465716411374953
0.7676316949363082
-0.13448831495645108
-0.0821446585526151
-0.8533844032561553
0.7853885512806871
-0.3653938948301354
-0.41698789727749896
-0.1707935857601388
-0.5830262557650594
0.9885764791131046
-0.4664667244864138
0.6761455716384166
0.40295978449010605
0.8045919620689277
0.7574348422609873
0.4973999212217328
0.3279054026898398
0.3543329389959655
-0.13502782570569338
0.23328650781524418
0.4318880427992513
0.0022221967676883114
0.7045277531756282
0.06564844390793523
0.7760435548807327
-0.020315442564527997
0.7788698273991925
-0.14289462025363564
0.47062965600059004
0.8095469706474592
-0.46399322411770516
-0.9623646219135993
0.056725306218139426
-0.5560359151672918
0.9544646236309293
0.3974980819351195
-0.6992860126276035
0.5835429752518277
-0.5097406809959111
0.7847722191441446
-0.956354268053577
0.6628446704468112
0.8643134055887736
0.3931378246038115
-0.14462841203461974
-0.9855578600872059
-0.8978651607127117
-0.48038813264118874
0.933336186210246
-0.8389423146138077
-0.009800376689305113
-0.23311261579904863
-0.841608200739209
-0.6348566394959823
-0.48664776873967996
-0.31089117718111514
0.47912648181641226
-0.7805690399744065
-0.5924634472106374
-0.2657111521835127
-0.12133159840290975
0.15572394628821318
-0.29160354214905015
-0.1188630843660079
-0.7757497446111761
-0.6571809902192558
-0.9439246318082728
0.14086365922855393
0.3135947596957047
0.4858442674163732
0.7789809921339363
0.7921633479936632
-0.8014435233046131
-0.09909913805634418
0.20003508202429154
0.4474671589790067
0.2983318364541614
-0.7447659064287946
-0.9737274373951195
0.12704212397043513
-0.6514977250284342
-0.45727411382940497
-0.9549955160494101
-0.14094597011990606
0.6680455920389141
0.8456719998763638
0.8197150994244384
-0.7411270988163907
-0.6833829934733218
0.563025433051227
-0.6865384379667756
-0.3425408142922226
-0.2240215445643099
-0.27007240158868906
0.36190342605096704
-0.966562864842375
0.028425167881921842
-0.262663805553488
-0.05672542834573746
0.31887195597719686
-0.5723896090330998
0.6787702422483597
-0.6386563883358038
0.420260707680461
0.9656336991638816
0.068454233439873
-0.2956798965153229
0.974522350674148
0.30169077557763924
0.9281408384781136
0.24042305460394386
0.22147786978843143
-0.07896884079560418
-0.005503488200342188
-0.40599034213950835
-0.6684593808781123
-0.9242308070678769
-0.3940574569748925
-0.25040802021792885
-0.7065744722218033
0.5879814105457211
0.6296131284176534
-0.8501826285943803
0.05818050393364005
-0.06776717316620706
0.050707950374642596
0.00839364895522321
-0.13786499053973134
-0.5241984285392121
-0.8256227434262127
-0.7128832201356377
0.8116746267208816
0.6596922296917098
0.8971705221633224
0.04174601777820075
-0.24221660055979743
0.665550524051546
0.6802204722082894
0.5253809293149219
-0.3022791822272517
0.812031719598711
-0.2471555854634866
-0.3703028667266377
0.20994751998229844
-0.7040761432058453
0.062097794874998336
0.7660041569919478
0.4291190889989933
0.7496096789636015
-0.8296291252628454
0.7925860672874516
0.6935504640433621
-0.49766435082718785
-0.8724204354822529
0.2999891239200674
-0.4242112444659707
-0.7514938203439436
-0.8163056807523548
0.6589529402438046
-0.8225686781064216
0.1941870200093232
-0.7877440766020594
-0.0652035720272599
0.6470661370157214
-0.420118761682889
0.5931782599355144
-0.0005057153610348308
0.808386438007348
0.6119473961732227
0.6107530593532406
-0.6162238729486575
-0.56700224860713
-0.2654379251036052
0.938605456965552
0.9402361044322658
0.5939151639047555
-0.35911155375029225
0.3494644698988245
0.8503053298866796
0.06707606534356447
-0.6146018551283814
-0.4957337379984894
0.13790890688975432
0.8004077088124644
0.016337584598731025
-0.09323791787028379
0.4760670127852078
-0.228921221387953
0.018589915952820224
-0.6524997028773687
-0.0681667454868009
0.8677542054887708
-0.5981177699465989
0.714587030819327
-0.8361616909829148
-0.06328575427952865
-0.03096004071665992