0.41775689608457256
0.17084960257307924
-0.6513747235950906
-0.23316468250238098
-0.11762749097112057
0.330262932010269
0.44030670774867486
0.5346871572332419
-0.6522832012267972
-0.364432823962616
0.7115395380479348
-0.6402635989064824
0.303788952263383
-0.7538966700632403
0.9713109816833174
-0.18479138784701243
0.170770348762332
0.2642240550769357
-0.04360429074213412
-0.20949650487293936
0.7303320226456775
-0.021496815035359385
-0.10565526488466848
-0.9114544982406487
-0.47174126127713056
-0.87609897532772
-0.4840411372936779
-0.9904840012521108
-0.41652095783820564
0.8393401883232232
0.8255949909629745
0.5647079789588838
0.7466786109428707
0.7682080056452232
-0.7233024766517635
-0.910591764150469
-0.5847627266271263
-0.9505271155676278
-0.3839713928876831
0.030219158078095276
-0.6635918992749315
-0.9086992865169392
-0.16676281498017675
-0.9682963982348842
0.7123137295713418
-0.21377233467134094
0.7793689328709981
0.6255205724989665
-0.2328494607435294
-0.8717066622101663
0.37887232346953903
0.10916991141179433
-0.11742914074432864
0.9162010949311041
0.09409070172075973
0.5779966082208887
0.4054238805238437
-0.7712742546808002
-0.6696262186585782
-0.567320701296177
0.6539407878421049
0.4993757619812156
0.49996004478572686
-0.24475433067280328
0.3908657159415361
0.4048564868144966
-0.0703228186988063
0.0687111374015581
0.7153843649073142
-0.32450974541343824
-0.6271785506359211
-0.7044353818554678
0.004387088248362758
0.8343647766674436
0.07217318648228255
-0.7416198638324034
-0.9226190001758592
-0.07666972080927126
0.4466971030407758
0.3918714602394018
-0.10492273587686896
-0.2286705076586819
0.34237457974333707
0.6853325122284941
0.9921926400577099
0.6023149250887505
-0.8185506947591261
0.041913274842826365
-0.34232837423638096
0.5291021684424726
-0.8662313625383371
-0.24556500639344359
-0.40661015216250096
0.446161813475872
-0.5397021497531123
0.5983063985834334
0.6098462204524069
0.6717361268305162
-0.9860762809652193
-0.8072334146733489
0.06477933376092637
-0.6909459090085759
0.9115591370941976
-0.6713315996527032
-0.060815025907843046
0.2356328224697608
-0.04356525738986505
0.9294403612214543
-0.2500756223318015
0.4303226106502216
0.6866461998421172
0.21157916864599247
-0.4550370952020095
-0.06374859273603861
0.4926076815309506
-0.6458760803217387
0.04690990526956429
0.3823659410878313
-0.5356984514187542
-0.4470064829588485
0.39004219083865266
0.9952749797572851
-0.8968470366217334
0.6180798202142785
-0.22643742110373077
-0.9385933930387997
-0.4167874189645633
0.9618350838606955
-0.9712573919232381
0.498618112424591
-0.6051280662539806
0.24395701131564151
0.23985570219066132
0.5185859104765553
0.9095858021538854
0.04568066714735597
0.5579321850108685
-0.4883866287692129
0.8168448094624388
-0.7368096077265629
0.41091816463175346
0.6466910355558178
-0.31839751425452945
-0.9989125676210739
0.39996915603715233
-0.43913794396944916
-0.20235069935528904
-0.24078357446510767
0.004411831127172583
0.90924008821361
-0.13650456453741833
0.4937884789217355
-0.11334013109843544
0.7045963772236055
0.04386280549048993
-0.5279501306413592
-0.9805051291049554
-0.6276606403017091
-0.11228761622988137
-0.10677983100525834
-0.7032019535635814
0.4212552854065923
-0.9942777256692659
-0.5449966192888915
-0.6393386446480878
-0.4656666181286686
0.2818363165418438
-0.19042151502072313
0.8059292946530747
-0.6965911071804962
-0.20616325663941604
0.2562665968271354
-0.6322217129665793
0.9642354970862823
-0.6881878270054749
-0.24006710454140112
0.823328441341808
-0.9537811846876021
-0.6997072360654777
-0.7025769526114454
0.3256645631222488
-0.270785215379056
0.888136718730782
-0.1640861618721603
0.7310977513912733
-0.5271121076155345
0.07295850381346569
0.6471537264552596
-0.3944624092511104
-0.5672301884681314
0.4569763991032356
-0.6654804009456701
-0.40270666780233366
0.7572836262336173
-0.0039296557845032165
0.43160532946559904
-0.4132920419077004
-0.5453420266233595
0.8576929947756655
-0.44053040804977184
0.2308302682473906
0.4974153954511067
0.5404316144376173
-0.7368730647285902
-0.23640618009983738
0.540031598561248
0.16899935581805736
0.479311407741694
-0.9910108168439773
0.723363430361688
0.6807772742169376
-0.8003760841848093
-0.13724327310137618
-0.33305348463571716
0.0913333074010294
-0.9982092336788089
0.7188276361939341
0.19971858057858682
-0.14006477424058117
0.7557175929797095
-0.5668564012755284
0.15610037764560913
-0.19874833643371548
0.4440885376334647
0.9576714924352501
-0.32386728782525864
-0.881196622101083
0.13178361227129654
-0.28052124845551596
-0.38456987408851395
0.1664906335924543
0.9231527626451888
-0.7487951820693293
-0.3525553578381537
-0.7498607002165174
0.7335940943711421
-0.40441798359106507
-0.11660790310846414
0.3038969475686515
-0.8488018791273302
0.1734270796275601
0.07585460566182967
0.38372064203251344
-0.8081230290414667
0.09576348174690841
-0.2908962553887655
-0.04673136807471323
0.4828655834858846
0.31506123863080493
0.38338217775582195
-0.40306239301415747
-0.543995968744388
-0.17286267418353374
0.7763968110718373
-0.27985624906100615
0.4849237225217784
0.950912447634058
0.6048091408818208
0.6412353333787277
0.9855066135540904
-0.06769272015275929
-0.9806472215898498
-0.4314907599653732
0.25592764215165453
0.7222234934364438
-0.19183957525534345
0.289494355364045
-0.8867077685150173
-0.3704375992656972
-0.6062739600659595
-0.7745150729877213
-0.8094567599071105
0.3953980354776403
-0.8726749512910972
0.430257633407763
0.5177703372204514
0.1810340754482338
-0.26401919514349803
0.26469148654799923
-0.42558966188313785
-0.43932484086179646
-0.08687698571097702
-0.18359061862487924
-0.43582769345443717
0.5747469210388128
-0.16697261698559251
0.6138590044570058
0.11394262563112267
0.234976346948911
-0.13597846031597127
-0.3353593091324636
0.12670525143935407
0.7677244406785642
-0.7938569060778873
0.3454536909912427
0.46557338782191127
-0.6632883345849834
0.5677252706921656
-0.862782540567218
-0.5267777375623521
0.5665569912140391
-0.0814597708580922
0.7317330477984105
0.859790666291326
0.049927959284841616
-0.5057485396265071
-0.9800999793009846
0.551117336795292
0.216018047379553
0.4294943084824139
-0.9745386218043426
0.12852811587893465
-0.7702519907207219
-0.26194915387767526
0.820912721834099
0.16950924375540644
0.9507126369278434
0.8949329103028367
0.1628849625258153
-0.38515091287599157
-0.7875540127529945
0.845808356911522
-0.370935657600469
-0.773686075640341
-0.5543826529628624
0.9263212955516262
-0.8605868525620675
-0.8515328081116129
0.7955900804535456
-0.5395492129068742
0.5980349116260144
0.9856336215083166
0.15319430074042528
0.5218463277632515
0.9693696131351193
0.7222188054304786
0.6315875862283586
0.8337508589840412
-0.42652465325777955
-0.44140422728685436
-0.8441885371035531
-0.8095318338947493
-0.43561347424992314
-0.11889360813159056
-0.5751538945682642
0.5532975091492405
-0.701822713453242
-0.016778131487370507
0.9745361564893593
0.6405074354849063
0.7582931096248877
-0.7745001952000554
-0.9095209986426331
0.652506749318992
-0.7542298607257294
-0.8576210900738375
0.3536054712749219
-0.27863970221228085
0.1144996828344258
-0.6512274759422374
0.1819482807414481
0.03966778342696786
0.09304542320368037
0.7391108760467842
-0.2835715793276794
0.692171755410447
0.049201236805685555
-0.2458122470063786
-0.39340166416123723
-0.6440923570730177
0.9888278671501962
0.49985289794084586
-0.7541681793853097
0.34697193082178446
0.4054593171564078
0.09327925730243414
-0.34973729542520204
-0.7939364328287402
0.8540075330838905
-0.5316661416721626
-0.6339060367925271
0.5217576420501926
-0.10745826630184574
-0.9356282645137597
-0.8748616487448619
0.8206048755246629
0.9354892190631274
-0.7267098545902893
-0.3588546101683612
-0.5739857407006019
0.8469786302282885
-0.2741433732343581
0.44104452298393815
0.4606833500239138
-0.2646330365027372
0.06589911205110677
0.6958343309787649
0.3552411634339845
-0.36002858759669687
-0.6576382839188522
0.4229328509214578
0.25956250568195194
-0.11154493921883457
-0.24430884894151106
-0.47842993268572687
0.8578401057603593
-0.9984378105408205
-0.7160171301723577
0.28317679625783243
-0.8117012969397028
0.5214091379785144
-0.15671407726581377
-0.6373567675325733
-0.16197503413955383
-0.8359079350328442
0.23372312271432238
-0.3695289980850891
0.5377497804804952
-0.15265975276770294
0.30195771242440594
0.008701994359984644
0.1389466277038427
-0.04609614197626821
0.7488629102150217
-0.8268884049790477
0.4177107617462701
-0.1796344591506911
-0.9643915707800406
0.6944554042078077
-0.3911425047648194
0.7192034847082684
-0.9206207712487167
0.13391179865466607
-0.6745048643312068
0.3070070543019936
0.8944963499474594
-0.9400771927858131
-0.837953634068936
0.20231194152022902
0.9690791677627764
-0.3904435577830183
0.8185724005961343
-0.9218223530023939
-0.9325821688188201
-0.5748209979767227
0.8730225870840889
0.5710212472239362
-0.18058238334101206
-0.016991307747746376
0.96907638574472
-0.8826831487576781
-0.8944938956990727
-0.6623423209359762
0.5450428677268635
-0.3430032683041866
0.792011894596446
0.4121050636246886
-0.044735297032755916
-0.33295246032123393
0.5852472476984691
-0.4796165795024341
0.1786315019790572
-0.7337156808992118
0.6325253732628704
0.027359716451460958
0.9040712122496815
0.7255549263351582
0.9952095982717286
0.1119497673242591
-0.1812884215180537
0.31006548035057024
0.44629388244812995
0.6916405909691297
0.05902809146929733
-0.823951796693362
0.3828721463161051
0.14904608758691307
-0.25105230721605687
-0.39899136015391434
0.3512740483206771
0.5700007104225417
-0.14534626714043952
0.6244351895249911
-0.11463350045607679
-0.6669565370515629
0.5520958228566017
0.4379365445948906
0.5264883121296366
-0.19866714085318438
-0.20388973811083977
0.998224108808538
0.5983465637131413
0.6234036038964166
-0.26448466726770326
0.7876484013324514
0.3071724592030314
0.772432597895943
0.5675474110975987
-0.17067192791082686
-0.891816075621338
-0.7321485190662371
-0.04219816322955161
-0.5447250061939004
-0.4034572495454769
0.8667972324282844
-0.3308398773887138
-0.348824713129017
0.6733872099497775
0.8076766057479312
0.7954719446604845
-0.9180496208873916
0.32031746232950886
0.06153063182643059
0.9626023765739882
0.7837867380918673
-0.130731701040806
-0.053931946020264965
0.18515334155581464
-0.9868788863519824
-0.5337473099238321
-0.9574303612299639
-0.9983687811306581
0.34098321338399606
-0.31935841178866076
-0.23036034987031195
0.5206053253193208
-0.9850697941767461
0.11142324656055558
0.649299931966101
-0.9492006183186976
-0.6833529811419015
-0.10835084810397344
-0.029815689509627097
0.9965023413487755
0.7065355574430008
0.1366069043226681
0.11359602294899007
-0.7120086799256278
0.7197940921648547
-0.022482594769042574
0.27258443263929344
0.4596758143080313
0.6428970200971595
-0.5406786313612186
-0.13175117831659922
0.7444462430254528
0.3841323888650561
0.4413496237249295
-0.45718348941467646
-0.31931823933479
0.817772093672086
0.25985893277425576
-0.17405866589928753
0.8496590440870124
0.7869705234562807
0.10387337807767794
0.19648081307638687
-0.15070796675808396
0.906004424797856
0.8004062842727775
0.8582524336598458
-0.06059862646925396
0.605267192124584
-0.09649815341089507
0.7167306325626979
0.8591723460262197
-0.18758732254585064
0.3446288191024982
0.6327419290298968
-0.5946715715050472
-0.08367920783260208
-0.4147314597770573
0.3431106341030783
0.44817488703458785
0.2051376293705922
0.7844264899985212
0.11940562023862022
0.7706949179957445
-0.9271848065945585
0.8526531040543073
0.71158481063449
0.9616193334169785
0.623553370297184
0.5077673658871329
-0.34193507314772353
0.28920944661595405
0.1326560570518882
-0.05423157195019801
0.3344099800338316
0.376426820723488
-0.5762686286895702
-0.5674392798394949
0.16126898393876532
0.008253245727667613
0.6613310860756805
0.7222856567830049
-0.5942721495022918
0.25933767845120026
0.16188719555459752
0.6801963118786671
0.08599278942843092
0.4679982176562689
-0.806872426304843
-0.8843897616961405
-0.42525452495931204
0.5530161904240025
0.8731114990138271
0.2480961087646476
-0.02093544836775063
-0.9088046386017932
0.5804192341329963
-0.18764819996705184
0.7755029377216598
0.24977968232854675
-0.6651691486365114
0.5808182942457509
0.0892370573311374
-0.19821576125861173
0.22453721461499798
-0.09065017512821583
-0.264727149357995
-0.7813150243570097
0.27524353132398516
-0.7751172017933048
0.5188372082090531
-0.7584083170342131
-0.5252030620735921
0.9185438498997938
0.1179583543059659
-0.7458945708538276
0.5667310902593976
-0.2515142231803664
-0.33704370275110085
-0.8471068124548855
-0.9956362947054576
-0.7744828167144329
-0.4056554344713674
0.7310007118326796
-0.45932067436412627
0.5636013141624736
0.5224943128861455
-0.3033005028646365
-0.6446114845620077
0.278850078211927
0.9988590928759264
0.6796479528458899
0.20574283332463073
-0.4199076434558833
0.6702782221464145
-0.002929809975978248
-0.6662831434456076
0.8609684257422721
0.8510926489718738
0.6169976405818309
0.30375331537775696
0.04151084911794012
0.5052492345523474
-0.36584346660038713
0.18319829972559964
0.2358196995909001
-0.8934548936523219
-0.29323920684981797
-0.9235723174197576
-0.6904964227381882
0.46898639027242206
-0.08264692545917018
0.4322730160385806
0.7328956748097442
0.5732330151736067
-0.9723061076459045
-0.42357856589914267
0.9661292507838342
0.2039587157783731
0.5841236749004441
-0.7701673054521216
-0.8961286356689493
0.23605125577953046
0.7005710605076165
-0.058262824868884566
0.187563752857683
-0.28036053059826616
0.6623910946594398
-0.10394026677271606
-0.6460509327489163
0.19423850521575559
0.7557328812248576
0.909472989295687
-0.6890786679898493
-0.6427203461420867
0.19621565176705857
-0.8186859192670546
-0.41818740058019244
0.7003426188621171
0.7566321012692787
0.7890734377061996
0.07705420353449921
-0.8550330825736701
0.4877712776660985
0.2822271437426289
0.033944219249812724
-0.3370304860760376
-0.11817513810914604
-0.29380069801005293
0.2883330876155277
-0.4630055043703405
0.7467149893037104
0.49873289086660444
-0.2817945119035461
-0.9612820911807167
-0.6152889891145661
-0.41696304123190187
-0.589332219341663
0.333960355598081
-0.43130747611846254
0.7201069513998184
-0.5899701238881547
-0.08832337044940175
-0.48974989225603194
-0.9673488665162813
0.8923533370413339
-0.6333991233781007
0.37969842745109794
0.6257505231370539
0.30740175014908844
-0.8415204154587719
-0.19390013274697937
0.9434793090384326
0.0938293028513828
-0.12177221561260376
0.9576432131691259
-0.08038525029491539
-0.07221432962394636
-0.40979240756251434
-0.48754296853981427
-0.5978499866120479
-0.9912082957522015
-0.29625860149503414
-0.2524525758986542
0.7065584203723698
0.848485383134004
-0.6135107495790721
0.6771352835475395
-0.691462869295379
-0.8441420912591022
-0.48786431618057846
-0.40238496862185436
0.7298773016330475
0.9547230100682704
-0.4897160380711536
0.9362531683912869
-0.3443586496056825
0.11964435922967809
-0.22851881549052266
0.14808949574133345
-0.7965367982055129
-0.29665210493354177
-0.9200268367511482
0.2871740273272725
-0.7196301386162645
-0.9504643712397804
0.8759313140542428
-0.01661083505372818
-0.04115672116828084
-0.9539865260165694
0.8441591299525766
-0.45150763170662156
-0.8966294811322517
0.45640166432068185
-0.3238571490351927
-0.2937746314723222
-0.6584754859433914
0.5612046580849974
-0.8077670422200973
0.36147322248155866
-0.4140088481535247
0.17719156144731274
0.9804586942932165
0.8546465702513633
0.23168999768527399
-0.3169386140120325
-0.1477620075125734
0.6516358085679512
0.6713380650539302
-0.5345230380284038
-0.3982793921054393
-0.6753800921396929
0.7904005456177152
-0.8963990356011406
0.5088038945441551
-0.8490506989860924
0.1265498511869625
0.30364709716693894
-0.3082512378899882
-0.09747576314160855
0.02414866051816711
0.7705123481139755
-0.8412688389515877
-0.5181598642663794
0.580709977197069
0.16125902666396996
0.8551030093894207
-0.35632633330737673
-0.9363368869945978
0.3346522363594904
-0.43457368355971604
-0.34687679011582606
0.5168286658649219
-0.7834789617738473
0.8646231196736647
-0.09917219103004338
0.29054985884148454
-0.9062065599241762
0.2306632771205812
0.04109568549384135
0.5749709113016757
-0.7574429171676247
-0.41077263095654715
0.9409294639494541
-0.84859092380328
-0.7804099540391785
0.5193247785215716
0.9371721349352224
-0.7322598486579099
-0.6448972845697902
-0.8690459226388079
-0.4296430064768144
-0.5579964631868131
0.581025413967382
0.6956627602621681
0.7293536827900118
0.9432885633542587
0.8679310324298768
0.17783227416308578
-0.11274444444454046
-0.9955166750043409
0.2575744856212141
0.22193364922872516
0.8155310159393612
0.9120761908884949
-0.9881827011954403
-0.2243222709329158
-0.31278474951057134
0.32656902889980133
0.6062013698527848
0.022773609556940633
-0.9293562096972181
0.47886755403526093
0.30915058862181244
-0.3571805091517044
0.8023256040472249
-0.06947433099015154
-0.29822351437997563
0.8585541764142395
0.8113759261143749
0.8573527696187777
0.8350759244594168
-0.8209816578735558
-0.7718527918145925
0.08047672884541002
-0.12569093140072596
-0.47142409702509
-0.3509080840592613
-0.9734145720120884
0.5313016764401188
0.4160188979560522
0.49766245109700646
-0.8155171915294113
0.3592064964873023
0.29100783999146196
0.9525095458641442
0.37171913514988253
0.5338503389951985
0.5043575255541548
0.6506683550034771
-0.8976594938332161
-0.403129583619001
0.007400463327447149
0.04497517031834697
0.03670771906245607
0.7324605628223684
-0.34448314704879346
-0.6563141860013326
-0.6129746855645632
-0.5026685645073952
-0.2572221280353961
-0.47862740408283266
-0.06164551392760709
0.6542897892367745
-0.4168131725217301
0.02446268337726254
0.4234063796006131
0.9068028616183141
-0.05939586296521737
-0.05546826413163064
-0.15990098525618435
-0.8683164293566419
-0.601122971023724
-0.9754604026877349
-0.1144962670793388
-0.743716249601239
0.1766737987042859
-0.7969701320563276
-0.49040556531308455
-0.11594265511722224
0.4526825678188904
0.10718382684374861
-0.19727869966137046
-0.9135597043449084
0.5221874426213324
0.14421373609924926
-0.16956933454182055
0.3328153705631478
-0.4288742369483769
-0.9804502718431514
-0.3001725150671748
0.8866735582684484
0.4290591766819545
-0.9393093936659493
0.31248058911075605
0.7243992343021726
-0.5794997638001578
-0.5617010577164141
-0.9136964488019486
-0.8474814946205853
-0.6848825695431051
-0.3748358769608793
-0.0081400181417004
-0.4973683968040985
-0.7193873744318631
-0.9370460072401796
0.5643478099178718
-0.6076985544679772
-0.1590622196043685
0.9430513760311776
-0.26916887080917484
-0.028140364520719663
0.7462950704557991
0.5981669628633963
-0.2626165642296867
0.6314877223853115
0.4449638124953146
0.8254056930052367
0.6405927796862387
0.23178618734258172
-0.335178231429637
-0.24102825149546803
-0.9379519652226558
-0.24213565007183613
-0.15280249326560913
0.8876498555326922
0.6195770994785206
0.22267311597919592
-0.38438146337974133
-0.11437036435483439
0.910402428692697
-0.6504372003701759
0.3368874756977718
-0.20584998155135037
-0.9200652852447644
-0.5591945573954642
0.6103091630010209
0.7595441544760491
-0.5845994420542215
-0.5670290203450974
-0.7680747224571569
-0.5876457192713445
-0.31355914987407063
-0.7777942497325829
0.5227362344773987
0.5235507836392199
-0.3426008096509132
0.11832401996178499
-0.4588032263321522
0.5985910890251662
-0.2007776150062226
0.7162926510889682
0.5813886408603648
0.18390332341802407
0.0669942676624693
0.028350786002096617
-0.46988451927171093
0.071358110630376
-0.18815782091684397
-0.9339201577942335
0.8240095938528442
-0.20170245241207696
-0.36641976033509427
0.5193523584041659
-0.034241809544268254
-0.8230440048178163
0.23184817455460305
-0.7307047422976412
0.12598557600967708
-0.030209768320302866
0.4298816369526093
0.5827682077057108
-0.5392628418402519
0.26835300139553153
-0.35367225553553094
0.4957975998931825
-0.07149692444222411
0.34254951009462187
0.5047449427482862
-0.9387184419353933
-0.1924197680404376
-0.8919572086237311
-0.5549822598774168
-0.37106165955703907
-0.8743338294859915
0.05053656448943311
0.5175207886774014
0.45251757598882114
0.3699685279292073
0.15781279034332685
-0.33321453380036825
0.9523210898737999
0.7066124356219847
0.03294358836678013
0.4128031794464495
-0.9414773405449315
-0.5398006263285307
0.1258315235821892
0.6096667292947209
-0.09663486107869756
-0.10527065129097202
0.20617148227734172
0.8489656818973434
-0.6148678671140702
0.8410767588921546
0.4689609631874543
0.2603913450885005
-0.3013476080748261
0.31844052670192147
0.3735747177606199
0.39837398837249705
0.4329419779927386
0.9680218590727543
-0.7515112970822511
0.5902905969692087
-0.2936515350239235
-0.6622890779196005
-0.8499321995539351
-0.4400872075935556
-0.41387919474904744
0.314961019437457
0.8672445254317547
0.40060461623327503
-0.544540497983218
-0.07025534899968688
-0.5026027515524392
-0.4046033649604288
0.6150058753692644
0.7603710870548257
-0.13193063314899778
0.37517775592535374
-0.9983970837464062
0.7022423968956224
-0.5516481867130605
-0.6255110882315085
-0.9774188568913822
-0.655992558712631
-0.7314481777043051
-0.906489821278895
0.9424177792286104
0.8270250587572834
-0.06382784197018587
-0.0837894885702668
-0.4388674674045825
0.702022132423312
0.926620589379415
-0.1255305977827872
-0.48953029802921133
0.3306599253212179
-0.9246400399470616
0.6192318042621558
-0.6616752288546663
-0.5564562316873827
-0.5821915961990658
-0.4789310083171108
0.8708920809057268
0.3906384117568762
-0.3610923306839793
0.33714479554381405
0.9615890379798018
-0.811670232588144
0.41134316727884057
0.2944496258282734
-0.6063738810096642
0.1120901587587293
0.3513472979606087
-0.7820882151750048
0.3267317800517078
-0.3510450521555495
0.31426358620277717
-0.27732750781858706
-0.9204816421145694
0.18445196789306162
-0.5264672061404299
0.5199525609108986
-0.3289996370847903
0.48815625568592913
-0.25046509420485763
0.5550376476192249
-0.0811491512603777
0.8246001846376774
-0.8213612532774102
0.32588657945207666
-0.11181235623597297
0.060695270259481404
0.9642631794873107
-0.4669822369818999
0.4428218889742972
0.4145314066271437
0.9594413029374507
0.45327536579436356
-0.06866458621743976
-0.5923785663380785
-0.9006529212067813
-0.20371286531298094
0.3484961182521673
-0.4355164415416284
0.4761035474659414
-0.4868103721418777
0.20522794485936302
0.190436735867604
0.8717287323011407
-0.9056908922344673
-0.16223108415182574
0.37286723856381676
-0.026906678906365222
0.2823521352375393
-0.2431911425871054
0.2603980896874971
-0.29058607480537835
-0.7986024085022994
0.7336814124377846
0.12082407064701517
-0.8900887497298784
-0.6308505835080935
-0.5367019452163069
0.7046495160136601
0.5383582104666358
0.6050062110150054
-0.7291649606605113
-0.4420712149967425
0.27096034345096087
0.23320169763752263
-0.3357440215883063
-0.9251563632097186
-0.36473329352828676
-0.05780929766500509
-0.9579509771851815
0.10621474305589551
0.8480713948640803
-0.11216640263650857
-0.996416492121218
-0.30977009169078307
0.6829287673028974
-0.7054314258173426
-0.9361003327888135
0.661044006541393
-0.25050769834307274
-0.8811578400730031
-0.9900527259089749
-0.20716978193097102
-0.5388375231613374
0.4824144928041221
0.48649593517932277
-0.4021057870830411
-0.04926760727420798
-0.40646265163666406
-0.10747649603387677
-0.4472349193410494
-0.5394411904323708
0.8913440846774845
0.9905657797071188
0.29325090832422007
0.9548147942451444
0.9473416915379778
-0.2641900084640407
0.9975588825953792
0.6776632500190374
-0.2837516886256255
-0.1346107029722292
-0.5409659790325221
0.32809415208449977
-0.20579542477488344
-0.14162129172437066
-0.13677864947887386
-0.24420644477937548
-0.5105756919836977
0.5219868462852064
-0.07270195189952977
0.03720221793200085
-0.48602337381055594
0.8787079249326049
-0.31011203931159415
-0.6025079785868861
0.582000554161864
0.09164398211828018
-0.13140095254611017
0.08268944399099643
-0.35598985406572337
-0.1734752943311777
-0.9864713834593914
0.2842558065250629
-0.6721963464005565
-0.39819225826593097
-0.17293471417949813
0.37818835751417
-0.38154917359225426
0.228844044656485
0.6688573302161627
0.09663080331634943
0.22031841565296428
-0.48630584175602576
-0.5235694464625134
0.9443856833406425
-0.3334437768162912
0.29348456117931976
-0.05665788263124094
-0.9579529003119054
0.34273012637743494
-0.2696895695629915
-0.21349984723443516
0.20627468060352472
-0.11485409307635974
-0.6088117985449315
-0.7392237015930005
-0.033675656333956416
-0.0018247151752337487
0.9901599499034612
-0.5993999393496061
-0.9568994883943016
-0.8023493868937761
-0.7204223872972668
0.8282732112967344
0.6991390252964718
-0.7955786515836618
0.21678725240661212
-0.32118277264742634
0.10474927832508474
-0.7272586122538438
-0.8288984403674369
0.176613084694079
-0.17785302840018002
0.24516279219435577
-0.6755135038871165
-0.9128943662877502
-0.9792363815954328
-0.5250459588487562
-0.13325592078152337
-0.03349845058435541
-0.40609161117486625
-0.2095072760463088
0.04197822793606498
-0.922606217907634
-0.8732213893071918
-0.41095568303744634
-0.08132599667012919
0.49891691633529156
-0.3993771627986731
0.21470485407261974
0.4404513100165417
0.5056484385066844
-0.6419335793017893
0.38036725785362213
-0.3207871296360305
0.12859848824520537
0.6390125156485702
-0.8963144355509987
0.6593330323747761
-0.6991484605627081
-0.9912281926227811
0.32323695484904347
-0.012590823513256133
0.41369582862019194
-0.3905820338183641
0.8629230623963577
0.7665038369002843
0.39844764337142213
-0.3792724825972802
-0.9098633713467932
-0.6645591927346812
0.7788305366387571
0.34670968878543307
0.1163000663243634
0.3800318749799012
-0.48307627702715994
-0.8565955781963579
0.008575681815368608
0.6293593853945163
-0.9971559817393543
-0.8649558645067537
0.019977391710104486
-0.8503419705044164
-0.1423544543605848
-0.1143708617971757
0.4168190569177337
0.18201214465389848
-0.6395359526573332
0.8678141664382466
-0.5409652169782397
0.6783965023848983
-0.5222323595448866
0.5480905195236676
-0.7652097298330789
0.3222229490699795
-0.2712985156299892
-0.7871768504640728
0.2661977992880189
-0.798599324105419
0.5431544050025152
-0.6470069430992027
0.0935768481678858
0.2561048993771873
0.6154071229303026
-0.9191497906517521
0.519027526399569
-0.26912188081645483
0.34691681083539105
0.07318675066745262
0.30524600168482885
0.05529349565121788
-0.03403414384241854
0.122570146374827
0.960143739029141
0.5974715427884187
-0.09542635215795903
-0.04868057127544256
0.896394106282365
0.30424514978941075
-0.7177465368269724
-0.4239068293746939
-0.04017440983435594
0.49543906202824917
0.17339552168739747
0.8744296345412821
0.7264480715253225
0.7188377703837949
-0.3263875385710231
0.280862823041492
0.8754848359841665
0.9874090155177944
-0.6870177108030289
0.23914059086899808
-0.4110552201383868
-0.4573976313140655
-0.9638798918996065
0.18279862965693483
-0.9030847258332959
-0.5875121316497682
-0.4354937211681662
-0.7453476472499894
0.4445293661663454
-0.15856087502886118
-0.6307585506745199
0.3457299163464085
-0.009604149440349818
0.37213114809001224
0.10954340065042634
-0.502500015710929
0.09264704982157368
0.9613615186659294
0.31933491393765867
-0.7157105631719822
0.03402682713879335
0.7495958005051169
0.2660685061364909
-0.4976565062675129
-0.7674874405337637
0.6485488836255766
0.8863105140632388
0.7195282690705211
0.39206826476922174
-0.877646681230754
-0.9954185948496856
-0.2234061249677075
0.19812412993133965
-0.9007127309457217
0.5710639945330103
-0.4542286519211465
-0.49735332145168276
0.4040749356667801
-0.15603966462886087
0.46760093250952517
0.3062603970699902
0.4586872497618846
-0.3607635603386101
0.42973362895703304
-0.06241617788022946
-0.4729127753384308
0.5457383375727134
-0.02321764467592402
-0.2829211301402621
0.8623252010811173
0.7685352465195292
-0.23796180432750225
0.8272404333768957
-0.4135895935112466
0.09799074176497125
-0.8033604906689213
-0.42081189670150887
0.9296779706295035
0.8808812780855106
-0.9756513020463562
0.9509914406246094
-0.696268194604186
-0.7333735118632245
-0.19725316062761178
0.22874789046927857
-0.8321544932872718
-0.5470925633789536
-0.9392741764877088
0.8129357087942084
0.3058242369425348
0.9141336604739603
0.09798759248972444
0.05674672882303833
0.6965202084731097
-0.4543665493731015
-0.0029441103708505167
-0.061275288947014506
0.7173161525005685
0.8987286101773571
0.9607277260699785
0.4760615715370231
0.5132601729425186
0.3119873019246686
-0.2864794266398014
-0.7425190710679372
0.9820727147161032
-0.6874600297283615
0.11928459418953818
0.5457200640254001
0.31501444264058387
0.23510199762929274
0.22757346507464438
0.27034976332625194
0.19445704631399474
0.2975211932047166
0.15438823994602213
-0.42407185582435125
-0.9281400691729658
-0.012172939055763221
0.10324214762949002
0.04131118577351067
-0.5460294980505003
-0.2285053399025847
-0.4406346558924161
-0.3159533601398288
0.10524543551293108
0.6782432701533521
0.3312285382882283
0.47555065452234846
0.13319930867305207
0.5831228698500308
-0.8808327107733198
0.9447032087935452
-0.3170148224592457
0.095952000005872
-0.4102785478661719
-0.7855250069661812
-0.14079466145872477
-0.6148564830255427
0.6575501594913806
-0.5641542937042245
-0.12902335266336395