-0.7396358567640002
-0.44896933579994713
-0.36559289504810355
-0.21090251784829261
0.7609444676037163
-0.43227413035954965
-0.4821597985708326
-0.7650235642354684
-0.4027333139385394
0.46388410044665607
0.9941766530516074
-0.13681824095993367
0.5098663456201042
0.09256341338511853
-0.7829064542963042
0.34333680998703753
0.2557423837383619
0.36830272221441973
0.26924024513147704
-0.6697593475956352
0.8010709054583651
0.10540343599072477
-0.12151904577305483
0.2673537310941452
-0.47487236268354516
-0.8932996549076393
0.2712216559253866
-0.7208688049918213
-0.39347508320797253
0.9036474937329491
0.6422866920946741
0.5532455263329943
0.1888772682558404
0.5957171744225529
0.2327637202403967
-0.016277166317318903
-0.18758045422611191
-0.17944028324717154
0.18035184226912993
-0.7574022152351707
-0.6377557814656458
-0.9855344166472304
0.022255498867296497
0.15981018652023016
-0.9390224700903393
-0.6638592410941893
-0.38797607749298346
-0.7795014747544569
-0.18233754780642153
-0.15444936920632446
-0.8200345213335558
0.43387966182521875
0.9859084295012028
0.36827616891141557
0.6615103826050697
-0.8262634404683253
0.9158669483960551
-0.19840131809751504
-0.6471091991254769
0.1252546588935961
0.2694902865889517
0.382780175519458
-0.9391462183860024
0.029464978578772172
-0.2301932890366405
0.037908417446026244
0.4784593269846704
-0.5335433763696689
0.9716482207234758
-0.3926847550403565
-0.2979133226514288
-0.09158078922636625
0.2421595820889475
-0.8015411888293527
-0.8366205561377749
0.01152701698356906
-0.17664919731790807
0.43293770263739795
-0.47747501460404296
0.1701986835598288
0.35845019408899303
-0.09332243481818114
-0.7075916169662673
0.5348035772261266
0.7024666134319402
-0.14735281959757773
0.6709174188195164
0.3176090142320456
0.6974615348528541
-0.2530850576105159
0.05921372251866419
-0.14737231603809886
-0.11083270829395708
0.4173880028438821
0.9844779464328111
-0.9057576524636659
0.3562182930584705
-0.32531548537405053
-0.542755200794985
-0.276274059577424
-0.10081826733268762
-0.6043508422654154
0.7364258469195286
0.6195095914985935
-0.9615682585521959
-0.9668713290871995
-0.6550914186404388
0.1914564763777633
-0.24489160434715251
0.5978998099599677
0.36414092435304846
0.8890696147109105
0.6716347023816016
-0.02110818083276067
0.9420552931567301
-0.26526969519957544
0.19902748187478458
-0.07542752874115899
-0.7440652460710628
0.8661162985988369
-0.7646200521145241
-0.11501446635578993
-0.3990818489997867
0.9887847204016496
-0.2484905825539352
0.479947569221328
0.12272225156038918
0.150325825216707
-0.989382633285496
0.5639439239643074
-0.7298753394108499
0.5918158834978826
-0.20744676984813304
0.5099497977767096
-0.2614140228637081
-0.14933335338754428
-0.8810009138611552
-0.771859625206627
-0.3260250955868973
0.2550949395411719
0.02267300447109699
0.8707283575796507
-0.6309369716315405
0.7652046555578922
-0.2956360211934159
-0.4998070908036354
0.18564278498096365
0.37480319312842414
-0.49861743644295164
-0.8141273810087963
0.7098931776449244
0.2266330500187519
-0.03129859607237484
-0.02154600710971466
-0.26229089722639976
-0.8814873072309313
0.3583365253850699
0.1280099023772172
0.4400195283230519
0.25608952856046985
-0.14561268777999348
0.06817520632964436
0.6298317910872473
-0.336118572687238
-0.16666304635347307
-0.6878280454816605
-0.9787665108172965
0.5491028174418817
0.9806830554474786
0.2308103775621
0.32290812395650836
-0.12886839882313716
0.3944132123251043
-0.29187493440325096
-0.6659534571095791
0.7144642302185482
-0.8357919255341406
0.3298036212620825
-0.19174676222155895
0.8376456175757485
0.5833907393812121
0.6935072991094327
0.6881510949609659
0.890052185192125
0.1945780388997138
-0.42970741418844116
0.30212268491878147
-0.8256950017648259
-0.4142732880185309
-0.0897416356529086
0.7475644181317205
0.7268611111035954
0.25232206254454237
-0.10704574446535986
-0.5560471149635564
0.32649429948688646
0.04879352565153727
-0.024209929671072716
0.9120099920057287
-0.03093728055452205
-0.6121511765822105
-0.9782001294441265
-0.4618372991727242
0.23629377887615322
0.6240785360472665
0.7328861341682593
-0.8822772414497715
0.6094230514916152
0.3193067464136905
-0.4026846381738163
0.6077086312576838
0.8201326712690544
0.5611481427032836
-0.5744015509153664
0.7935860559012051
0.5225823473657101
0.8595405976641273
0.19658253636410983
0.8160031480120415
-0.9125688489057862
-0.05035075676789247
-0.49208882209765115
-0.2586904099128182
0.8366962618576723
-0.11102450336560121
0.7993496050887123
-0.3026647994894378
0.11484770064434247
-0.248754063757755
-0.1199834937001345
-0.17420785462279764
0.3594340273610659
0.6513430870001014
0.9112230959432208
0.9750574701044865
0.582807730288184
0.14559004159597388
-0.5817171421134351
-0.8093170815089348
0.8227530409361905
0.10474628589130308
-0.6120899320987425
-0.8684692729413259
0.6508118808640522
0.5466110889209594
-0.03000555173415176
-0.9184917605102183
0.9929230933741553
-0.7756895088687876
0.49992355539487
0.2949464702846474
-0.31570617101313925
-0.8204919873591296
-0.6592737225062304
-0.534669682623349
-0.2287267382471434
0.5992901117128504
0.7837578062927564
-0.8163497264767874
-0.9810906649150644
0.21034861484832756
-0.44234752724632975
0.9225620215848727
-0.6931598544209796
0.1860417002871413
-0.5647143430066384
-0.8534221345598851
0.2901853336407174
-0.3463634364219641
0.07890642687953653
-0.9254540487834044
-0.4959845857226448
-0.8882890950061815
-0.011054904721466086
-0.909308590903521
-0.9197622634299343
0.277833146806032
-0.48661581702331236
-0.9195524259802967
-0.1652335394276847
0.26997086974378237
-0.6682713042320687
0.4706149799204187
0.41682608084482986
-0.4397093057090753
0.8110712277594254
0.03662410022496099
-0.7501975905641549
0.7056922830506822
0.9338521023677813
0.5389844265308652
0.897529500126905
0.4735967324898971
-0.11270829915578795
0.22265846670323963
0.3602795732795143
0.7672604162430634
-0.9646808064716785
0.9762281984932346
-0.7296629818064779
-0.20330668051515888
0.6856144207984807
0.7586700422142352
-0.4743659015035806
0.32407556758771916
-0.49626791354035915
0.0881351535558732
0.3241598062170503
-0.29678333237507726
-0.8999330892605897
-0.9232817367840946
0.43703674034634177
0.7073483447892599
0.6976234079631627
0.5026712751173208
0.9600985786309819
0.9198726461945677
-0.7779690161636477
0.3233069449949888
0.22400112341746992
-0.27712713087125196
0.6668948901942233
0.7498993313826392
-0.17459866080755382
0.4945365312592953
0.7166778125750815
-0.7543347035180701
0.8883688538409982
-0.23491809870902847
-0.39782734878014114
0.47230497799742155
-0.46569552609267895
0.9287323531865062
-0.3173055923571315
0.5149147355933199
0.5263608697379933
0.3140416365085854
0.7167189925961466
-0.8245696597976824
-0.8493558639002037
-0.565468746976439
-0.6349545843080013
0.8268474755839332
-0.012437018571869629
0.9326440830932599
0.4741729860273496
0.44905123307818906
0.965086045245688
0.7098399132362334
-0.3892538788868043
0.0859597650744306
0.05464183197247641
0.8547370589049139
-0.19721269955133724
0.5116046531613205
-0.2015505445905108
-0.10123177686094165
0.6027439713290443
-0.9814945341448535
0.7782988469018537
-0.4599051579022566
0.7691806281014546
-0.9231698169447216
-0.6469568314525473
0.5356294692324812
0.062030139081365565
-0.9645828091948401
-0.23986957522653363
0.1985527263977096
-0.3287611215207862
-0.38493920173911556
0.28343268435134505
-0.09117965795730654
-0.34704768835150523
-0.7866131514854042
0.25783971355236224
0.3965395121493063
-0.39621364463533326
0.7693887819540652
0.16339950310067897
0.8515854124253608
0.438653126613644
-0.11275284864800073
-0.850833500710664
-0.932432479545807
-0.6242519661838903
0.5825184349656691
-0.36766320872592084
-0.10037192135787665
0.49038850027192593
0.9270075563412279
0.6462282928599334
-0.7064990609107917
0.6988774808479212
0.0009739457561779297
0.24285126148985303
0.18746875673372565
0.470868300758879
-0.42634819193608564
-0.767612817768756
0.5057736892095623
0.13212110201327354
0.27808875436152314
0.2838620331122268
0.2715004971686923
-0.28427426708743164
0.5805756919636342
0.8721392661424461
-0.11528678056638131
0.1860477568658625
0.5503492492750306
0.8837254808069097
-0.46949505701414895
-0.008402707794726183
-0.9178821883624908
-0.57822143804377
0.37189780636572634
-0.06062723922359092
0.7309204473904121
0.7460164824073072
0.9689926153551229
-0.12204004562887127
0.7283578527703183
0.14009412610886907
0.8362164558289256
0.1380333799245692
0.27319318262151104
0.993962047396707
0.22043511258288917
0.18367951508037894
-0.30253402339720004
0.4767646499376841
0.2401567119757837
-0.19144213506883245
0.5528651678282979
-0.44726866409330635
-0.7764266265037798
-0.17042159706034132
-0.18276274067744547
0.5006174222367383
-0.5542391968134333
-0.07759673522761612
0.30834488911000424
0.42181461143427756
0.7162631292670028
-0.1604418982810727
-0.1422802840711439
-0.5400165282049454
0.19217696925091898
-0.5164178512920761
0.8297780970606825
-0.05868594120485571
-0.3502333443323302
-0.5578316838286494
-0.6359384287648613
0.18049850312336035
0.26699212126403626
-0.423963312127857
-0.3932627115826848
-0.7615951291062351
-0.6363216677413868
0.8146528884011335
0.2817235729192249
0.6429471846421395
-0.6427560310867608
-0.4380850192416983
0.9435018462726015
-0.18620659535490192
0.7774696625040631
0.22522447418755265
0.15043174359553224
0.048319931323397514
-0.4307696571649917
0.5188859261227279
0.7650154435888279
0.10052991840930026
-0.23944045940963754
-0.21977297711235866
0.4599276554751499
0.03200930452904549
0.484240010432728
-0.9013596574518483
-0.37746651283403176
-0.5581302615169035
0.553794082451706
-0.15119085588056458
-0.33733392589805256
-0.08039679096557495
0.5514172052150621
-0.8619724171566017
0.06739814785652021
-0.7873978929151562
-0.8251832041792495
0.7999556011187001
-0.3691671230988953
-0.7861728833266837
0.9749782508780698
-0.11235513693452348
0.008898881782239076
0.10810035565515319
-0.4483658977245868
0.45061146448718103
-0.8458777405734048
-0.35808521301531004
-0.8442833628421085
-0.6845888033976264
0.6883647111432312
-0.14984369883958948
-0.757212476337789
0.5150485706988479
0.9176926424433067
0.7903690812821689
0.5973207146371335
-0.4173276099571772
-0.9470191888346497
-0.9111182943486149
0.1251477520059443
0.5793717299733903
0.3194112611581914
-0.9307575619819939
-0.683897259165035
-0.9920492592889039
0.5736712017530787
0.6807647602618496
-0.3774665534500661
0.5930942213106256
-0.6924122499327352
0.6736483458481588
-0.5206819321323601
-0.35352291941541014
0.15717435718790318
-0.8303785836611621
-0.11474687604378109
0.8136175653747748
-0.4616576935879346
-0.12171740794681285
0.006345112264488195
0.03134215955228581
-0.24674782616421198
0.28605457828305103
0.5333072183142598
0.5496822306670779
0.9593533542106778
0.4266578855152605
0.4036281650319766
-0.011088541750882364
-0.9389742529799738
0.41924818078255277
0.4823557208598128
0.4024268633511132
0.4578938561181245
-0.6916075047607002
0.8961434994277531
0.14612802167429018
-0.12161716370564335
0.7728028206242998
0.9947930032379821
0.2886440137014905
-0.6307289012621007
-0.9136515009476447
-0.5742754443573428
-0.8189878255904215
-0.06638422021564927
0.7703077899867823
-0.2967265017253138
0.783999833980275
0.9228716085919983
-0.5552169480030416
-0.8259118416823852
-0.7662576434150885
0.5950554209051164
0.6802118156365646
0.09143176092116301
0.4839932575029333
-0.3681054845896494
0.12999102624593384
-0.30652714914642765
-0.6083546417702563
-0.4915537908945433
-0.026189893319823687
-0.26193049828249304
0.41660680623698143
0.9791833081907098
-0.3281819587248931
-0.5094180025453583
0.3730122212542748
-0.7971537136883502
-0.6741498827171604
0.3157545485327513
0.23598197804351573
0.09022685960046828
-0.0987168858518257
0.8851718059266804
-0.5447875499779562
-0.16068030468363892
0.345207945276389
-0.34512617741957374
0.24783155391417444
0.10907841832059528
-0.40538758876447134
0.41993339339962543
-0.41496349730696336
0.4003288192424357
0.7063037086067545
0.15694547158413252
0.864145571338413
0.31306582329679555
-0.977398077063937
0.3141157769815448
-0.5341993538876486
-0.46593974561261464
0.9591373198281095
-0.953045660215013
0.32996153055757693
0.15945937067307092
-0.8674436379426573
0.10828481883953645
0.8186001445265425
0.7708743566352514
0.4537851553384562
0.8074862810928556
0.6261155931620601
0.17915235968445353
0.4258426264820019
0.5094568093994143
0.6473928728642295
-0.765364834238119
0.07573025448707615
0.8347183791069728
-0.055498067805792806
0.188788386271884
0.4171835780286979
0.22897029629815324
-0.745294431212058
-0.7756116001557836
-0.26344169229254377
-0.5493619881567358
0.8487850621574908
0.9155088282947246
-0.3634172792142212
-0.6426213712917259
-0.677900006228477
0.38314604159620824
0.02220959987695581
0.8803256947543716
0.8669768615216209
0.11353570971456262
0.2113406342570605
0.5528570901745267
-0.13571437256863894
-0.8915758619416936
-0.9098147634554881
0.4335316240744258
0.5763538518890601
0.24082306530581854
-0.6661039806634925
0.7920256536002912
-0.13962536908397727
0.12392880552044061
0.32825935980659127
0.9568170272872811
-0.7962703672065774
0.7841436455065931
-0.3585640676658366
0.0909068921565912
0.14854036212823418
0.5116679180324888
-0.17175406271910632
0.5935247657595886
-0.9867694857770781
-0.023948931200600265
-0.4006671561772426
0.38353301858665256
0.10164334766957417
0.45381211897883444
0.155954242642675
-0.28752143552644505
-0.12098688087547949
-0.09266468611845169
-0.12014453156856764
-0.09283256345085933
-0.07242069884828939
0.6529727209889917
0.7801499327901928
0.806292244852385
0.7374995045026838
-0.5399031084907095
0.811033733037857
-0.38149352332512243
-0.5029090841325954
0.33734591449891216
-0.3024058007585697
-0.5449533890767755
-0.8093440820756657
0.4946932580937522
-0.9978866417182732
-0.2677955912119425
0.07979493253458392
0.9890803901108747
0.03280841089617903
0.05562230527204304
0.6397182831030026
0.2559422467074446
0.850159940880244
-0.9823839735304354
-0.3705912511275693
0.43132456867169644
0.7754223438026746
0.9890971351509015
0.17733483441173004
-0.032625694721682086
-0.14172281042935508
0.43061873268655937
0.8923134596600619
0.7097325279702249
-0.9488301880416983
-0.08815494771586674
-0.5681010136537239
0.15759822672021784
-0.5961574058239056
-0.2972840626410458
0.7265448265305463
-0.20264024748704368
0.2910480848504662
0.3444908601979828
0.7368868292885429
0.7183453964068196
0.5474431176836212
0.8420209700453536
-0.8600775158447251
-0.5090507041030632
-0.2646090344058205
-0.26217453474799446
0.5958493230333832
0.42965290499453324
0.9880707260656032
-0.999063078693966
-0.41355712063500727
0.8442748051795987
0.3153351247879075
0.7453056750939682
-0.8526587905287917
0.7340905067326389
0.2511051095311463
-0.1504605432315831
0.6616214416472095
0.5724055771103149
0.5812203903729001
0.2217183456688221
-0.9032067454161954
-0.3939558252897615
-0.7297942634336763
0.6376072109856012
-0.4287848212227765
-0.41190798347485535
0.9599806496536738
-0.522262525508947
0.04454431125239289
-0.4520792681671837
0.9880297028925382
0.8477604336794275
0.00026642897629947093
0.935075782754792
-0.8162320549737407
-0.009346554415435193
-0.7851481276125307
-0.9587153335722831
-0.7912295568630656
0.4237186352355462
0.35364713114315527
-0.9686075977320037
0.00048106227856936634
-0.9404208292272926
0.13719610985673758
-0.5424789638556251
0.8674555140253404
0.7713410725287704
0.7340947311136437
-0.12771698450157176
-0.11492659774159208
-0.7773249697304006
0.3322013425369681
-0.5892291917901546
0.36924906001801316
-0.916676255133474
-0.17357359865845012
0.7518630473011745
0.11703238888567169
0.4786400663484969
0.17498483820143518
-0.9826853791991683
0.3076212233044153
-0.98464450254209
0.8380734105720833
-0.10056330857956075
0.21421647833839352
0.04062258779160133
-0.6338988272649164
-0.8557598916384279
0.46169088170370776
0.6786693435506463
0.6087239895545242
-0.6983714643842049
-0.1963330483217558
-0.750356553048811
-0.5657325002068883
0.07866666699904523
0.7980661360044743
-0.6195461637849649
-0.7464635598684104
0.40801849217648045
-0.8034903063816545
-0.7877278334671876
-0.17814611843093875
0.5642516881012263
-0.293090523901016
0.8527042593501799
-0.17993479258582745
0.5596895559697945
0.5527722297198092
-0.05283306554646039
0.5043336288766074
0.8212608081671782
0.14565556056883122
0.20196350040885935
-0.7261561937181451
-0.44500972481481127
-0.10306657991107482
-0.11448019938956344
-0.2927178944974247
-0.3370855642718722
0.36967505994211636
-0.43105250541838425
-0.52969487075855
-0.9041335698904305
0.1070727806001115
0.9364363380028526
-0.45590660262471294
0.3844047852683832
0.8847256636573766
-0.45366717199947737
0.5281388145406172
0.8401506066792919
0.10782097516425071
-0.007465839476225256
0.8139964826642097
0.6774094877687644
-0.9907767272784518
0.03904806895170698
-0.13184216645835045
-0.4674465713237397
-0.15847138265063676
0.02460728395197309
0.6396825320076194
-0.4643535018272942
-0.5092719327738804
0.003094521166513875
-0.90079857686725
-0.238915382377072
-0.3585310276845617
0.9848938036399546
0.18582651320401156
-0.3599478405210199
0.2481975356865278
0.2912269937717167
0.22123223516995383
0.1472029459184203
0.5712854325212444
-0.7305480898452752
0.8718507007567697
-0.16448354772424634
0.44400098877443916
0.8617724501825226
-0.7862840820211341
0.27980286203867766
-0.533555925906144
0.7650801642004639
0.5747466343347143
0.027644808678768173
0.331233877512062
-0.7486336991397171
-0.5238873476790846
0.6021293260392844
-0.021695305147454214
-0.07643689191389003
-0.6824502228012477
0.9959195431440842
-0.13118575582175107
-0.12310517833064738
-0.3712271097801281
-0.6681614218923873
-0.41205736348193756
0.24677127864163717
0.8723192649192588
-0.7317164682096675
-0.744838857178997
0.18015450559433832
-0.8005886828897741
0.26764749645139885
0.17501156427515108
-0.6088501621149809
0.43557087608288825
0.2787070909602205
-0.8982556377530622
-0.20446488593826784
-0.03671803083992442
-0.2823065035337007
0.8334597167937468
0.2147321920076275
-0.5125508068100508
-0.85458480851753