-0.07113413482726583
-0.5333581202663289
-0.922123499150536
0.983175976391961
-0.6489212139629386
-0.5628702361391971
0.5788928007436878
0.7366203862033238
-0.4286877726073335
0.34274520992150026
-0.7807865163092327
-0.9212830691949057
-0.9294050641594847
-0.751965899150622
0.2156868388369535
0.2258960971306163
0.620628386502869
0.1935308996203231
0.3040370094081868
0.24836476831296594
-0.3093584564458569
0.8489183143287378
-0.7028357163410373
-0.5286462562149201
0.9976105399945105
-0.03697087307195224
-0.8351059366837135
0.3846152801720195
0.6489458872482128
-0.10626597772697499
0.5540093464963451
-0.8160388239105065
-0.919355030456074
0.3203443821361156
-0.48081826100377145
-0.8578918654584526
-0.6558720969837866
-0.3723087422172844
0.21200884251260432
0.14309231675596612
-0.8603955088854724
0.5604920479327626
0.048762202478183525
0.846361548000971
-0.4383263831659092
-0.11897070323564751
0.4969759910660263
0.933233086244718
0.41148147650992106
0.06764383676955243
-0.7050466233735682
0.8443426875463103
0.5482417238318171
-0.651670501011109
0.02533863734603692
-0.6077491230303631
-0.6732765044641629
0.241524724587308
0.5548574400266801
0.5027205628439568
0.8667206812386608
0.7462896945682249
0.1533625622974184
-0.45560659495127465
0.20228507757922443
-0.9255878217843725
-0.3839602337315471
-0.6595853035161325
0.7971754979529289
0.602406613102928
0.7752698998092067
0.00769170681396103
0.07102200344929277
-0.1757857935994076
0.16402412213169293
-0.7920967608157661
-0.7115811575058373
-0.9038233841418308
0.10581933941493471
-0.2737708691839531
-0.22169653167448589
0.7823265400617438
-0.19936303631334296
0.6517693498443906
-0.45711861913449026
-0.8111047694169122
-0.05863961189838074
-0.7141799180031032
-0.7744600157372565
-0.3007698425856302
0.855073852876743
-0.9379567015047103
0.08427694361841365
0.4125186330365487
0.7748079263559655
-0.36518881088056854
-0.43135702404702747
0.9877120869093234
0.6488227891001506
-0.8223727652349029
0.3214454160645117
0.5345971453963292
-0.8312315499545497
-0.8851470958564203
0.18378916296524794
-0.35676431924665697
0.644303933396474
-0.07752830285541457
-0.14359743881872578
-0.8945958824111033
0.09717686862824193
-0.8266890426748499
-0.5848883879720534
0.9765071982067792
-0.31095220020139314
-0.7886303619600961
-0.7077977823505939
-0.2569875313211727
0.18984258461683057
0.5055111203018001
-0.6902973497694678
-0.14879686185808016
0.4442177771555951
0.5021394659046428
0.8363776780356591
0.9998089131912353
-0.3253745731847677
-0.17984486076527406
0.8093574685848022
-0.20098458941797182
-0.5060528513130238
-0.6163034144786859
-0.876377207318398
-0.5792295358503241
-0.42692619540977605
-0.7130526182403998
0.7092334766404884
-0.714689943100449
-0.3382103654832067
-0.43750516238057013
0.3119459162266842
0.9745987930776623
-0.10562033050474318
0.8513769143413663
0.14003716354032658
0.6667366655213411
-0.04249005998683297
0.7943479925922363
-0.760965856087243
-0.32161185987529817
-0.7809281284024969
0.4418048487066941
-0.29490003256326025
0.9763651884149112
-0.39866273810596375
0.8953178202797156
0.4421053186115731
-0.6162485530811248
0.2104804430109739
-0.4714119937896786
0.8918793688325615
-0.806548447180476
0.05717647708209039
-0.7380620005141278
0.09494149768793769
-0.6332446685976385
-0.9704956927611859
-0.13798734033580407
-0.22918906847322162
-0.8356947160963231
0.2593944277991185
-0.3307164820606827
-0.7256819017440659
-0.14892608122956807
-0.08237669084051324
-0.007131199467949267
-0.8400007747278762
0.17112471962392317
0.29011166259944576
0.7027683124328041
0.0036243543359508745
0.004837948509623047
-0.4230873698285549
0.45296011650859724
0.9859318011241647
0.1320826705150655
0.928733345983701
-0.995858310096905
-0.31451180062087003
-0.8602216935183076
0.1782466303720709
-0.650761331866426
0.29672531970792804
0.9447355523592553
0.6149959350168002
-0.0822139146668932
0.3079176002662256
0.7494347533031089
-0.7692119684777379
-0.156153053635407
0.6865353176583717
-0.004728426315813161
0.2716019017338438
0.5146017749623077
-0.5719009984896444
0.7691475610417826
-0.707824261730601
0.748339663064695
0.33499323713088436
0.29842461686990185
-0.35946909979763175
-0.3852720463460815
-0.5979003776884546
0.5929523003688273
0.5041919585080055
-0.5193869031085836
-0.9491797999100244
-0.791483526453095
-0.5979998399766753
-0.7365288922211382
0.156722681532097
0.24713980490518406
-0.37251133920430024
-0.9909310971906746
0.17244306499110884
-0.19255235960802497
0.07426737874066291
0.6436458879361922
0.9030537471803275
0.08823699965362053
0.9224288344795977
0.2232237158695316
0.1974826854208953
-0.8893488205468798
0.36881676440584377
0.43556813307089715
0.27929059895414543
0.02655875258952478
-0.6675234251875126
-0.9231531774139603
0.8515596678526232
0.15685458560648824
0.8515765579849406
0.07294097641399722
0.1451413546779261
0.1250194754914662
0.9881485222220243
0.14713156317654708
-0.7905744400741881
0.46990479218898473
-0.7712192706205887
0.8040742886427064
0.9128275948887832
-0.43324558833029214
0.713151376160954
-0.5593403798403351
-0.07721872223154969
0.20659685896934699
0.05120353573629233
-0.984793251258903
-0.6761976289941944
-0.9753833597236861
0.9100254212723888
0.22117265842276956
0.1112351096093056
-0.1518955118717178
-0.34179923140202084
0.36587997646694004
-0.0525355344493712
0.5447066337667801
-0.5703655997433728
0.6453501716307981
0.7871614916135348
-0.5398174577241033
-0.013944177053256901
0.7895991228253405
-0.08040436030844611
0.7965069026520415
0.2709608733617044
0.45857439978052095
-0.19134180415278612
-0.20433386882189963
-0.7462460483166655
-0.08498135279373398
-0.7483686745095057
0.4282265784480326
-0.1276141260467618
0.029572211862236575
-0.4851234022031774
0.14500081971358858
0.27527149584656097
0.7634673792305615
0.28673866560133887
0.22442415742986177
-0.9196112184676746
-0.9261235164962454
0.7456992624518943
-0.6923043553788542
0.6728452870082733
0.2897734531327649
0.7582330186722746
-0.7630545415286549
-0.033599974426561374
-0.7909495513104139
0.6423151730511218
-0.9231572316478467
-0.5883957961788833
-0.6393974711976547
-0.5916675406068339
0.721154132012402
-0.4408067434892242
0.1829971976230822
0.1253619633427583
0.20284819926881692
-0.9788388350715396
0.199050716604537
-0.006451623125957706
-0.7312138248895599
0.2645716117801218
0.5683824504238293
-0.0038498464997636095
0.5083429670672772
0.17142306661459528
0.9839204302367992
-0.8580240479743231
-0.41576285154084425
0.3067535729202917
0.9226912735020019
-0.7733540342645506
-0.9514341299415758
0.11800414322531072
-0.3552289227872112
0.5584191040735924
-0.3858135940330174
0.2633582519899538
-0.49253385276952866
-0.8656401923665242
0.6061428566536571
0.7013080366443767
-0.8247525232909043
-0.0621807352856103
0.8073561125137365
-0.3706442004645858
0.41058123741296493
-0.5871214180459234
0.6303603757549703
0.9107454939758055
0.2914720659580068
-0.8689977901049666
-0.6227424796777123
0.3052800783542984
-0.8462759601367693
0.3208565610048777
0.8680978588518296
0.9145005912191462
-0.9982341191616373
-0.05591447699012719
0.42202267083803413
-0.025311036638644646
-0.2984960458496637
0.6124099096100009
0.5746733769480039
0.3021925431422312
-0.5164571785718965
-0.7292488612712944
0.8136344968677054
-0.6402609058211157
0.3780615101659093
0.7186391809332158
-0.9853929753464048
0.1313157215997307
0.42556790029423697
-0.9126915566889011
0.9609374278149962
-0.1847414389693891
0.26361369253565403
-0.9321721096215103
0.0021261410580102336
-0.9956509205609008
0.34156213204676744
-0.9262292158661038
0.835668503699023
0.20601518022295817
-0.07870778762786412
-0.1732322116801226
0.3356489483611118
-0.4529213385101216
0.30957857403200073
0.7062350424635735
0.10368653283886986
0.7299215668662151
0.4751474113387424
0.3296889160413359
-0.8164226996521764
0.7234100097076877
-0.09692067515685987
-0.5619756287643336
0.7737708240024432
-0.07033263930602529
-0.9794631952104567
-0.05143750829156701
-0.11096267303124652
-0.3153894039884093
-0.9509247068768292
0.9552489221298495
0.1817074137361543
0.4270145413787836
0.678703033260246
0.102625801987279
0.9741852106644155
0.6230663566438177
0.4602194978297345
0.2231218784824076
0.4113246089851439
0.5016308026276031
0.8351602662889892
-0.8851884948059283
-0.8482504124659322
-0.04619913273995402
-0.6973966808129808
0.13996160823835524
0.9791370676253681
-0.3050188249752326
0.44851750900469445
0.8947977293325668
0.6915688357733509
0.18498341529730755
-0.06006252673589585
-0.011269759587935857
-0.7846272229277331
0.8781578111949746
-0.5911108384809818
0.5066706026636916
-0.5545252140547943
-0.5003685673006555
0.4692177600813825
0.3224151799120607
-0.6687684563400915
0.1225090439198453
0.3134448521207682
0.5270559718264225
0.8970139523076861
-0.7491837844263278
-0.08458244189763642
0.03462342638625948
0.00304305424807505
0.5986764047841306
-0.8645739029704989
-0.3511976046285423
-0.597536428137899
0.6517512274038757
-0.9226921197295741
-0.1111387770044272
-0.243893499689239
-0.876584940719018
0.6869026923375188
0.49421589905811714
-0.9731292485990981
-0.7126237480083675
-0.4487995872368986
-0.7061874451105987
-0.3385411574887771
0.45394079494488593
-0.2680781131562957
0.6264113216899152
-0.435777326324831
0.21878305621047045
0.4028267820215614
0.945009726498804
-0.8000257279953085
-0.807603570377512
0.9402346001856514
-0.725061261883174
-0.7074846929137246
0.7092311120095709
0.971774799088144
0.9130734496534016
0.2750922925964532
0.8159903462888769
-0.35469077535235227
0.48253870235775076
0.3772384356015197
-0.7608796524712034
0.9584261279522788
0.20417282753051036
0.44212536137662983
0.7036187990358487
-0.6506717003682465
0.8614607866966191
-0.4899278092369572
0.18792666998453744
-0.15570947004962532
-0.33525452295742486
-0.669086662633412
-0.6739748869689843
-0.64958434498319
0.12587406762380904
0.9566716471492802
0.6810439489820566
0.290032253824001
-0.18051158203999962
0.7945819315708806
0.34089090517411313
0.3872561819306972
-0.06889940251422044
0.7618851102303925
-0.19201598900450056
0.6771287950923646
0.2390026588304457
0.314813825347227
-0.694574715815302
-0.40024352718263856
0.9390918248483546
-0.14460334100660122
-0.07235813077662212
-0.15403183021584832
-0.17355724733696443
-0.09798871537496168
-0.22802901862343394
-0.2997554548490251
-0.46249640431618877
0.9026045546798935
-0.8652275284431592
-0.22844721939449175
0.7230678383364997
-0.846062280898443
-0.13330865401447345
0.03673837048114681
0.483435237884116
-0.6995994386240909
0.5991169722120486
-0.8809346237197355
-0.4332618576452181
-0.4971872103971533
-0.3153557727001588
-0.22798915945725273
0.1538524000985051
0.3351172312849868
0.23484386485610176
-0.8449377988921347
0.5351909413857736
-0.5424241990196164
0.5736783705149855
-0.2546312293164257
-0.328047502389311
0.3985304843759301
0.9888028206731507
-0.887927789693207
-0.018263365375214002
-0.8823664131216318
0.9551799825525558
-0.9059733546915039
0.0205910070262576
0.03900519711094175
-0.7956471848496933
-0.9471498253724762
0.1378438967661786
-0.016673300927327883
0.7993971719387283
-0.03475881760512922
-0.2243590739864041
-0.5529830967042055
0.9808286344910977
-0.6551436253459662
-0.32785675147888327
-0.9896766015481537
-0.5105363470977746
0.4748368825279494
-0.7277393822546989
-0.0757283959915458
-0.10527546887900585
-0.31016911726438123
-0.045915075062418875
-0.7744417899300227
-0.2418738740008164
-0.42868670936291076
-0.6155015604096286
0.19779384897781926
0.10867084484634026
0.8411399943088034
-0.6141667753011515
-0.43378948028420017
0.6856839551114517
0.6202535447156265
-0.31217139338240174
-0.9673458848290724
0.7522681653897068
-0.7254724024670498
-0.6132369693137358
0.5930662419246169
0.9310973957075008
0.29461962077716275
-0.9890466022403235
0.3630002991679451
-0.9567446949557294
-0.5134938209150957
0.1243517943078134
-0.9112182574280461
0.0568867841886207
-0.9725106957007168
0.5839376336523017
-0.422714784721262
-0.46142272208058466
0.9241363928403328
-0.3866384756149246
0.8243418538738443
-0.18272510946663112
-0.8912405632518645
0.7733005161361597
-0.9087661987099285
-0.09213948846436626
-0.04007400226641633
0.6051807875019886
0.9148237509667254
-0.8838873753145311
-0.28997828769002476
-0.023075527676802876
-0.20471913217836502
0.35579955419154774
-0.9753853959131229
0.08861305910397599
-0.2639334248462071
-0.9409128407876348
-0.6977037075855248
0.9896252109345824
0.4167564979972078
0.46622159482383396
-0.2708998351980174
0.8902809768378339
0.9814348820523644
-0.14667754494558394
-0.7240127536137506
-0.2603742537702829
-0.027349972455099847
-0.913602696439411
-0.49354616612209656
-0.17599466660699759
-0.22113976718505857
0.9227446423302101
-0.06770199542500355
-0.34728182239286043
0.3444301498059621
-0.484491280450865
0.6261122379561854
-0.21820040108015792
0.47897694541945013
-0.09337222810778756
0.5967396850750231
-0.8814080359908898
0.17216047553651825
-0.2531296541681274
-0.16616930447315004
-0.07895606558743351
0.020650948905074573
0.6222911546144938
-0.7451389920241789
-0.48845435618929445
0.428750882941513
-0.7896930973949847
-0.48782698685896486
-0.2345851763623139
-0.510217154824109
-0.5331164934737167
-0.8478866708284958
0.37682143890885
0.11924119911283282
0.09414067075902999
0.5435248158993051
0.4297698204561273
0.5558083641994138
-0.8252494088961568
-0.5066841450658297
0.7640776554240438
-0.1458124313725353
-0.2872404240223112
-0.4820454085239101
0.02791928870011784
-0.7128161723629813
0.30027330774850824
-0.6184806456063991
0.22518665691043416
-0.9206092370827457
0.6250518740031725
0.3173529054663804
0.04360826870559875
0.7314322449893336
-0.16843388525363712
0.5348013030058094
-0.4124633305981855
-0.8886774347201241
0.14961502087506395
-0.3274564334063781
-0.16932449539908112
-0.9853314507643733
-0.7568894892042692
0.24389242233214725
0.9574470077069641
0.23049833326305902
-0.8088522569687864
0.28149097803149337
0.06662681116918945
0.38552094005043136
-0.6342803530898249
-0.9645341908123493
0.9762082309121214
0.9594515067219926
0.2526799030213398
0.3043859562253888
0.44527072868744844
0.9873618541392533
0.32792024499644334
0.9669660499824075
-0.27247095044430103
0.1646877778836815
-0.9391322545317453
-0.60067488151978
-0.9107733348005895
0.4968198169835283
0.9161626519657509
-0.6335779962907713
-0.6937463413881169
-0.2900534230694205
-0.6002595067640255
-0.4491541568984916
-0.9921728448845701
0.41445131950263336
0.6134671465676254
0.6608509548539894
0.5376507360721834
0.44269185390172505
-0.6543183982620824
0.368522729634021
-0.11325205833091223
0.8271154772271019
0.17329046321758956
0.4089199122720517
0.949085181056182
-0.03481920918197301
-0.9296182515772948
0.45631669512473705
0.5451151564811703
0.3083109295190012
-0.4012799570559482
0.8475970061200606
0.9369860076602488
0.7876318028043656
0.32832307559680585
0.40382676917891613
-0.3796730494500844
0.17714190055941859
0.41295424673952286
-0.5156976828810418
0.9173005017410556
0.5434088657963907
0.25509543348888575
-0.7190195651683315
0.6319066379381704
-0.18039036916720064
-0.2566378848063682
-0.0723590216244776
0.32595262962792804
-0.4327595206887407
0.6746239109384868
0.36716515941869154
0.32602473069173143
0.7904746412871915
-0.7017529532793894
-0.5040611473538816
0.8491310168435633
0.30392916496527445
0.742676687685863
-0.5972326265287347
-0.24407966295146677
0.7332349609043851
-0.10553325739190078
-0.3774728818071753
-0.9820507199120669
0.2545000019438197
-0.03460097918897653
0.9168246712483641
-0.9880748156260895
-0.4302241337845043
-0.3068116746607874
-0.953570105501544
-0.8985237125964023
0.6256362605309296
0.8589703900258299
-0.2628560881429052
0.17577475539088971
-0.9699083587521298
0.5139130245038255
-0.66502554921547
0.10497312316064877
-0.9647503362454726
0.29963369277062446
0.48405910005727915
0.008332766018569027
0.20319522592062222
0.9045425991058427
0.6911822785378483
-0.15633234445955435
0.8146732567025055
0.8104834019792662
0.7596664194253517
-0.018637331213468444
-0.278958523837024
0.4461467162128996
0.007675317435600126
-0.6011415539602794
0.3033858339795059
0.7386128291576535
0.5340095200464374
0.09557937328053967
-0.30894272581035986
0.760487900898577
-0.07627296464874478
0.5698417855094684
-0.356063171978962
0.23881627089195523
0.6541277533361105
0.31080797694757045
-0.3048814164382643
-0.5102368222723335
-0.2985318869670732
-0.37416922435965927
0.8923934520172907
0.9918365469814134
0.007517367561786337
-0.05118675340329415
-0.8579147029824243
-0.8620896598831522
0.4733836485213432
0.7363099050008013
-0.9588130948207219
-0.8784385865201498
-0.39676950889150797
0.26629101469791006
-0.299786729781677
0.9333677659461581
0.4231514822356788
-0.3420732425994193
0.6084014110344005
-0.7222541554350133
-0.47118917973378904
-0.1904066278644918
-0.05271037679637747
0.8493256646627905
-0.8728668842464395
-0.84981704963903
-0.7808272357435269
-0.902875847965005
-0.9556291053422339
-0.6308289003810237
-0.005245365449057404
0.6001336516017348
0.6863476085402334
-0.2028842994998914
-0.4003312754142738
0.707850145217249
0.573945112486508
0.08104365622747012
-0.5906711272709122
0.9574441590254343
-0.1479885223235835
0.7297819714154652
0.9946893091647462
0.12013108425561603
-0.48623862054493805
-0.640814395142437
0.15630273824380092
-0.84633285270225
-0.2654332313974932
0.4833046608233422
0.3011700249999889
0.7539379626794167
-0.7862783274688425
0.22630673255441613
0.8948125967290614
-0.6638698229318005
-0.06143279892876374
0.18171112434556513
0.9323975442878336
0.1647760737923749
0.3898815417329322
-0.2862970027355687
-0.49273294846721694
-0.8910008261631528
0.3844259683259137
-0.9176754674645557
0.8575095353613489
0.6880891632958683
-0.6289763425934691
-0.8525989833652998
0.09035861589497629
-0.3064135597181663
-0.06135752144336326
-0.6649012224075246
0.40731892603414144
-0.6912685536790619
-0.5909577264982757
0.6656435353000791
-0.8207321049637559
0.6224852516558572
0.04018647589777791
0.7188909895117062
0.23671768227757872
0.8544483244386387
-0.04549252839152107
0.3485728220210682
0.17553550006043106
-0.7499399699308515
0.08799383181251375
-0.3668602396142173
-0.5425615862542892
-0.19321627563002353
0.13435260462535004
-0.4569887517947009
0.5760442506262604
-0.5563254094528787
-0.4762400334135173
-0.8203497834725597
-0.886084485387834
-0.4417651938497349
0.8630673478796267
-0.216115847659889
-0.9941519956420779
-0.603269326066284
0.34868478636213185
0.24729545780534123
-0.059067264957886056
-0.5252855907920029
0.5377011644269238
0.8815977859449
0.2820487015114206
-0.6336466284714304
0.4270574676719818
-0.14115048161601007
-0.28524244460465065
0.3467872554904954
-0.6463540253919031
-0.8641391131118727
0.9003447462675036
-0.668666747632013
0.4449189865725349
0.9181914797918265
0.8553014341656235
-0.8533192947754296
-0.7750243497808766
-0.5277470715399808
-0.6608724539892634
-0.4876940844510187
0.6960808740189657
0.8719085962863649
0.6948163500605788
-0.6186197206614215
0.9101480025902986
-0.4707721705562262
-0.398067333007585
0.1924431523841732
0.7389041375889509
-0.3395522221813392
0.5609954305632214
0.11358977152582983
-0.4688746810125919
0.14945091702035507
0.9021029568405428
0.34720494758489817
-0.1375674024858149
0.8459856893040725
-0.7582387737137224
0.7462046045169279
-0.29132243130298696
0.23621191600142044
0.6368698752641635
-0.30447758452229445
-0.6397129924468747
-0.5810610850184774
-0.639919430145969
-0.7037893068099248
-0.41108546361812803
-0.3555254129011616
-0.7435721228546959
0.0015941448971170669
0.4616930915468145
0.023230627473603382
0.14554737381326266
0.4103144679999411
0.469778319801486
0.9531602828225365
0.8772316377524016
0.8983484618104007
0.6420105535786955
-0.20306991833790344
-0.4189650246043821
-0.2831590428377013
0.9229409990685444
-0.1676668012203204
0.38952910523056783
0.9194724823788487
-0.5004703171602496
0.6197919394888218
-0.5388162037734952
-0.6092467811948328
-0.38201263461406554
-0.9381924670148867
0.19586106816329818
0.25906125667914726
0.9750931256074289
0.8621108784149547
-0.7959350703660975
0.6321979201047683
-0.7979496361767284
-0.5191802764429538
-0.5040202231670485
-0.7597489372660184
0.8048794655364615
0.9120544275096341
-0.9336951845488268
0.15155996867120414
-0.8580968092770869
-0.2652139133166105
0.9279467381519868
0.7077195127961595
-0.2921560306866766
0.6535536177551373
0.6758217894864575
0.028493586685334638
-0.8126231327260283
0.7798839288011841
-0.5364055963801155
-0.5084712213627487
0.7973270826674042
0.950957262749405
-0.8718701797635273
-0.6407945990033732
0.14173024612478935
0.8098306720329553
0.5776150998714671
0.7143636882490234
0.8929034727061922
0.5808336325956793
-0.06925715607049043
-0.39174480143787593
0.26397838359384274
0.23090772767053336
-0.7856064900802262
0.573866866477873
-0.06229231826480741
-0.017738964421321723
0.8570487399886335
0.8831093340646046
-0.5769633950670889
0.15490680720744265
0.5773836492558939
0.9664248027310445
0.8258646098929734
0.8273606040195773
0.14422205201574756
-0.9668517645977788
0.5380261354010183
0.9514779810118925
-0.24627662463850752
-0.8164438082078478
-0.23153614246996357
-0.0671304797888661
0.5062831588896501
0.8314085400959244
0.02693595812333327
-0.30353538635987665
0.573901517521684
-0.5495608044448232
-0.3118628521200173
-0.39086197191363303
-0.6274144403740765
0.5963003041064288
0.09845867901369876
-0.10017986954945268
-0.8101617046421907
0.7486579149778696
0.26182651922456746
0.5985127082301853
-0.11079605674249215
-0.5057917133600143
0.22206739789138252
0.7880543709918577
-0.4594648345826611
-0.1729111062956572
-0.12736940399678987
0.6485153666139181
-0.5523029514426201
-0.3803313117693625
-0.5227798900771328
0.44134011386099914
-0.22287379965095222
-0.5870179008794756
0.04250278490667503
-0.05060206508145759
0.6554013234607725
-0.2601366642013345
0.32931840355781383
-0.13928610969662092
0.0349897560888337
0.586578455944228
-0.3627920469790502
0.451214067729518
-0.8834982730222347
0.2164527911543055
-0.9624580642782663
-0.794354007855123
-0.89896077697072
-0.35883625862860535
0.27632031586170513
0.5130421153872307
-0.6108595482103878
-0.3258130589606052
0.7286975100562809
0.7590953540714289
-0.934435219400563
-0.9238220618669086
-0.46017460256154585
0.5241268530023673
-0.2721518948194477
0.9667041147637121
-0.6741485730512697
-0.004759152246488485
0.1567738721622678
-0.7466626393866398
-0.4228851450887532
-0.8049892299867805
-0.6544891074655981
-0.9714922756033835
-0.4465466411858754
0.6331611693823207
0.6038780046274039
-0.14536647394616797
-0.4551556914217523
0.43283237158440113
-0.5171244277527307
0.933907104434706
-0.2289418929140139
0.37001482228685245
0.7692156301199946
-0.3304307998114697
-0.2460609590468965
-0.4971994016428485
-0.712165159082712
0.9343554103262157
-0.8273388456685737
0.7097596133971018
-0.8338590854665526
-0.4892373201395799
0.8659341821587334
0.2213950011862842
0.7478064771128621
-0.5668521284990835
-0.14315110779538576
0.6788108865890075
0.7839616975337893
-0.1209399680738652
0.29288148761603106
0.11215076170031923
-0.9583436735585316
-0.004908511265353965
-0.14606934250192616
-0.24532030836447682
0.9564530551651158
0.3894395257597272
-0.1034535243993513
-0.4349500335601899
0.41433735377907355
0.5895856476641952
0.05424266444205195
0.9741338436209737
-0.39116284740256013
-0.46916838036530306
0.8267746537879068
0.8607477365363316
-0.09578710956707148
-0.18919672041435343
0.9203575632685961
0.8109674696482025
-0.8199845224093925
0.35994478201291735
-0.4765560382855769
-0.5681879323022474
-0.5325336785609862
0.5950084299981924
-0.4287523285018322
-0.23631919723995454
0.3890607975209426
0.7156234389483522
0.6715589433331937
-0.3760580603760102
0.05241330001047917
0.19772473149554393
0.979317472085629
-0.5469415698306836
-0.8611352969592057
0.6515322688639518
0.5230376790570754
0.32571962235537755
0.644399841331464
-0.4109376115117147
0.5549478022946537
0.5502173401383399
-0.5670659129404447
0.10971472817480743
0.27337566497912635
-0.2792084413890008
-0.052822783031317266
0.09022470250911474
0.8678359080446529
-0.006277515380476828
0.5387089639711313
-0.7823010327564106
-0.207338726436056
-0.07132916341029438
-0.08143212983607473
0.7653128479031124
0.3621315060360999
0.7813692103851151
0.020326999939869417
-0.0642703460594225
-0.20730665076542198
-0.6655606770440017
0.9306420702781766
0.08637731844030094
-0.6711408133731209
-0.7329313044798988
0.32736505532105586
-0.8726789740795613
-0.0821460364244857
-0.2581882222182672
0.2771644500546857
0.5730894107083706
-0.8563094394086501
-0.9757101989010686
-0.8829549945855997
-0.5946359500773664
0.7332495141673541
-0.1124066969633446
-0.42724221993958533
0.749793192043068
-0.714061080462707
-0.9490692237462448
-0.3257370509230364
-0.6572090135332667
0.8394486836043518
0.10370368940112207
-0.852564702684117
0.7805943403654745
0.7622080079581404
0.8448228992828308
0.7770542364844422
0.7627777420691426
-0.7277565028262707
-0.8176142783300293
0.25255019269475865
0.9615282854809801
-0.10962445056541092
-0.4333144696160398
-0.531916703335888
0.1084315036402812
-0.27948029126859253
-0.9043080496554217
0.48329405696684025
-0.9692804731703888
0.7424792744619217
-0.44142580859583824
0.6540947860088975
-0.8849313438720727
-0.9326159700821863
-0.6654523209340228
-0.23013688913888863
0.7137092733575585
-0.6118052498119981
0.35437604917584586
-0.017950471816112756
0.26810279449643337
-0.13243493669843986
0.6189492067712039
0.6429327747435702
0.6131999023500476
-0.1970812182397208
0.0659590619990571
-0.31182004666290286
-0.9335355496058926
-0.07207407920169895
-0.13625785172458382
0.5124836171624156
0.8122913282598647
0.48553583521592225
-0.7319346425413389
0.8054964065309078
-0.11776323627892693
0.290175750408074
0.9864354875953321
-0.9511769810610644
-0.4328702320061306
-0.28326340543932527
-0.4740527245182533
0.20723236399279799
0.3894111286646811
0.7310667195415761
0.6144768716492259
-0.6251752643294415
-0.18219140720642923
-0.8160452955551343
0.41206256796900376
0.8230248994591174
-0.3963604564269805
-0.12596052945994218
0.7762465219870978
0.903765088129733
0.8679365176621421
-0.40998729426651503
0.7779754570670256
-0.7458622851239745
0.5944927096296106
0.07721693624027948
0.9109751915306306
-0.4795625978631941
0.9442012895096641
0.6257977562757406
-0.9846192180730418
-0.06781171886818438
-0.30353603367825177
0.5092609096096412
-0.9764961689429488
0.9118101974313133
-0.7117810766165849
-0.5333500901836437
-0.35350809171105
0.08713204988426848
-0.42085811492890457
-0.36496115623631065
-0.6588509552227906
0.487693779252252
0.8037240830680485
-0.1396526746569029
0.06686656627697052
0.8487046692439288
-0.9171609473319
-0.15718387807300327
0.4867155059340229
-0.4734112882071204
0.533038829527064
-0.40984593282000636
0.14181946435856885
0.08005299277349276
0.3995130163695346
-0.7947394250993332
-0.8671102639346004
0.8509257069309877
-0.7662726406771272
0.313547389123783
-0.7956277384067907
0.3060109788859402
0.5517869887383895
0.9060898508892756
-0.2580799562024425
-0.4776266738106081
0.690007534109226
-0.293305553126741
0.8839499838714868
-0.43080130526167637
-0.8218455541439806
0.3537271231643313
0.6170697396703881
-0.41114378812639973
0.9700028256465467
-0.3844767040363348
0.738391118786595
0.6332892605628313
-0.29890054904501673
-0.5063983516573531
0.7697673755223533
0.33602656417394705
0.5544701006123545
-0.7542612717879107
-0.41749394017249064
0.17741455572629405
0.7717505772245474
-0.06387870917132532
0.792925089639078
0.33462407439501285
0.2477179793670019
0.4111088717606173
-0.3849716379046404
-0.1983698401361884
0.9338694038062518
-0.3564040862203357
0.782288432187302
0.21214851383836275
0.9097984340197727
-0.42830026113826003
0.4180572548577306
0.4323882154527514
0.8904896232310235
-0.8279249283450747
0.010155758307050622
0.04299887649461409
-0.5723008546653034
0.14698940027835605
-0.23179789324920108
0.06597319363044218
0.9881172067575574
0.2001213921952043
0.003063669778741396
0.18651922629433937
0.04731529716204386
0.8200553403334536
-0.5411612810042534
-0.5260099267854217
-0.056522350281742906
-0.3780676110748258
-0.3514763328713697
-0.9690047490437677
0.21358514993201605
0.34434477115543105
-0.9769575890647724
-0.7588748212180974
0.295301358704104
-0.2907166609163292
0.6637789746542317
-0.6803394887909162
-0.4211901807685736
-0.2800942951127803
-0.30840949489336067
0.7920842529441967
-0.30314535673773246
0.4473234475879486
0.40779187610119694
0.1325338858835512
0.7847868762463435
-0.959220040453896
0.7204075594294868
0.7370763930896871
0.48733656266148206
0.3454750308866352
-0.5174422870151316
-0.9451837143287807
-0.9639536052056892
-0.13412434658398276
0.6944394666359242
0.7846600734165781
-0.5322551458269851
0.951841746712252
0.6079914107034228
0.18614383946404822
-0.9915874322419578
0.08269243761851164
-0.8943603014934567
-0.7741136270123825
0.09012901803259665
0.7078369416039929
-0.42358809570614087
0.6216790413746316
0.2353711943332888
-0.5096354727005592
0.5583624228558888
-0.1463107411627751
-0.15869763455246377
0.8451221652529322
0.9438696082021951
0.07231279920349643
-0.26023888687193963
0.7177193648380911
-0.7915875412783908
-0.354625666316847
0.24609820841282093
-0.3689041709772414
0.3297186382294013
0.7160573421090095
0.9684963001882061
-0.4850339742082397
0.10212742804033903
-0.9431486648583083
-0.19954159349952083
0.32688998498766164
0.40785004018046855
-0.4290475517253054
0.32250941492961105
0.42966384938393887
0.8413912586224894
0.3784452053528853
0.08293233560552515
-0.116594346184685
-0.9192882065939811
-0.31271591021705114
0.8202427712713853
0.654980786441109
0.9383664124691038
0.34260218015216193
-0.021296238461783412
0.02196826663495588
0.6526268451488508
-0.46984603873201003
0.47402684625296176
-0.10126237524789583
0.474662305767791
-0.7317527662365244
0.7060475629105671
-0.6071746592187737
0.8963644968313127
0.18536282218884104
0.9939223520839717
-0.45205007597837166
-0.45866471568864653
-0.6899635805946958
0.13434044688804758
-0.19979029251245972
-0.3321864614104215
0.3033618979006125
0.5467845594477563
-0.07055431534623424
-0.4785994225613244
0.7083255300451197
0.19011758068535234
-0.6815853301889396
-0.9291030481076603
0.6676006728902968
-0.5527315880320716
-0.504866631910976
-0.03175170567643204
0.6239899010889394
0.07671663497517245
0.471928620745379
-0.7159648398652223
0.7447288883869625
0.715196181927354
-0.16238245946205265
0.2136715103395357
0.6837897433501681
-0.6860018775674912
0.9931717233214243
-0.27821955746650806
0.11378773219503557
0.8122860460074373
-0.7084912573996236
0.39294346804965863
-0.04941641120805085
0.06297569038181394
-0.5454900580612319
0.6177683983647382
0.8051699425364471
0.8501909558285075
0.5140618470071505
-0.6542582645746555
0.006396191820807973
-0.09667371715098483
-0.5513020560894404
-0.24871910226358107
-0.1673068387128922
-0.4654217353600516
-0.9855661932956796
-0.42236211341694263
0.4304140635546305
0.6805478250194958
-0.42455113367074127
0.9293039649765706
-0.06531868531363072
0.9245082982287296
0.36457433412159124
-0.51577519745309
0.5153875147881031
-0.4305853378948046
0.15746462694779084
0.3040132633164656
-0.6040213400339685
-0.845193101816281
-0.09755947315538038
0.20146341328612616
-0.036751343369157974
0.2680688673839533
-0.22602121976648237
-0.9297800652771371
-0.9523770393929933
1.525654636824747e-05
-0.2719207700512929
-0.7539048549450649
0.4678222564732395
0.9531791519588253
-0.5601806749115206
0.3801402361126487
0.6487259529140295
0.7936061942169887
-0.3119521116480941
0.7216737968340272
0.9353078009932159
0.22303197887639414
0.6841822633838976
0.3163109507265571
0.7931703944653146
0.3731465156121516
-0.5605685308689115
-0.05482288543034031
0.17668755067702469
-0.4102376232884377
-0.748868372467425
-0.9274464720586415
-0.3578221034578002
0.9010256448309721
-0.9783976415920057
-0.28466205085528085
0.6490989428091367
-0.6224933031216855
-0.8646206821700535
0.326645646058497
-0.543736758573959
-0.5607224887688176
-0.8671676825145536
0.9971740769551545
0.29468215007770526
0.785993507666342
-0.035895414834546946
-0.9545110001541179
-0.14552511781754163
-0.6935757891442518
-0.5359863641413538
0.2647312084124802
-0.08865473302816129
0.515784864233781
-0.8521647732977025
-0.6299348634710702