0.9295202702511689
-0.9315515973295678
-0.6198747227418178
-0.6665231810063383
-0.8447200737624598
0.6696005258341231
0.23710556560604368
-0.0018816915672048573
0.19586778222477808
0.00967750701040826
0.865673131117658
-0.1202941579231136
0.5668332340020312
-0.4213088278840029
0.6771223312792551
0.675040461670565
-0.2613624937478203
0.899491442798459
0.24831509000027752
-0.2740661648270215
0.9235911895731523
-0.48113034206926786
0.03949392233406557
0.43881666016722054
0.3570813795983123
-0.8354790239988241
-0.49065850079122253
0.4374198931429192
-0.39504390152721514
-0.7860713487295825
-0.9997865678051705
0.6109563088371543
0.46766510387111127
-0.4142005915117135
-0.4039009617594893
0.6242330090850092
0.8453959546994589
-0.4391982703881445
0.5912191384747374
-0.5424763725756461
-0.24054988208784356
-0.2928054555233053
-0.8564983108638815
0.8905382384179017
0.27624136050066794
-0.8897549812626553
0.7991653798481191
-0.4867027184012116
-0.769612400935767
0.13066895553293767
0.7630190946266402
0.9264013714888888
-0.9886716851356827
-0.44345175884656296
-0.10015853959658316
-0.39681069770294974
0.7009718905638489
0.21517423841679073
0.39182821263478007
-0.8810591467842259
-0.060808309964208496
-0.311679378270302
0.2010118249986108
0.7422373592333589
0.67592869783543
0.09132530989616994
0.667919856125295
0.39555838255903764
0.9078041319854129
-0.13493115315136395
-0.44931819810128304
0.015267618064574107
-0.7616269439467711
0.9069565144585723
-0.546339596860538
0.1334824008952762
-0.2598197875592916
-0.563600812540068
-0.7909960029288461
-0.31275735574969143
0.4325107246502442
-0.9314355920271198
0.9562882084530182
0.5034663357935047
-0.26854574526126984
-0.29262525103608095
0.7895173149854127
0.8997128545091391
-0.49189154256893763
0.19594011740659245
-0.3257824714765838
0.2717689376810519
-0.5773536350020816
-0.7353803361309845
0.6113668477223597
-0.062326554152054126
-0.24881949200611553
0.8914145559604305
0.048873826708652146
-0.5349730279002212
-0.9121816339267073
-0.9778287807022057
0.7494820506173063
-0.6910535457175242
0.694881472172328
0.28759462224612964
0.6993113878759396
0.08651955802730527
0.0842063779948583
0.9216739936541163
-0.6570302064394384
0.9030107891319512
-0.6617575452024083
-0.5862362162737982
0.5151422522706559
-0.5290735989817523
0.28859403876706846
0.11470541574651638
0.5235159395698874
0.4782929413759589
-0.22131110647919727
0.6075082037717545
0.29552842957420333
0.2298097778571051
0.5877393966238564
0.7286119394708446
0.5351118642909019
-0.8507689023486142
-0.5263061886707276
0.932793270421179
-0.3733133336332166
-0.7597227403977684
-0.5773478908472656
-0.6986834048039521
-0.7248564478356967
-0.6404167944699948
0.3835666793090666
-0.37933273275468204
-0.12738055725130915
-0.7265641702524266
0.5060207749235528
-0.7523370187539318
-0.6298458214230886
0.7938122767879678
-0.7707880906742939
-0.9647457429585549
0.8507771408988298
0.44149308854785074
-0.07582096708682662
0.9217694294541012
0.8962939206650424
0.7503418391013887
-0.46257215472805413
-0.08415213877014804
-0.18253872116880943
0.015555084840125799
0.06965898812520299
-0.037297166882852784
0.36632011586304225
0.2704254351039346
-0.9419387372739956
-0.31651092303810224
-0.9274602228217095
0.1325264533660062
-0.8462284012820229
0.7065165879601556
0.029177184876165718
-0.5567831959020961
0.9028820741524848
-0.8593334345476915
-0.5058436567088911
-0.25775530280244774
-0.46061279479889095
0.3365256993711996
-0.9860591765584372
-0.47852095887402935
-0.5491859577603155
0.3597165867266787
0.30580596252772385
-0.32870863341232504
-0.4408358466197919
0.920072495467664
-0.4500906420633828
0.09329387188819727
-0.2714684912242016
0.5308319518631568
0.6712858623978439
-0.08791039013384183
-0.02898130541718924
-0.8651774890694663
-0.7424391311659395
-0.8122719434380101
0.34958705936872003
-0.28084235577885663
-0.09680586332405294
-0.4941794002030919
-0.623109367643869
-0.3606703448338173
-0.6378590477754431
-0.32088991677772793
-0.7597147675724936
0.9501727932063657
0.6941485248991692
-0.9489506211865504
0.36092646938371753
0.939634082435346
-0.547470909302147
-0.9561416985274569
-0.9087344911628861
-0.9909667532796764
0.36152664542916413
0.9536817172604257
-0.9794991825708799
-0.9736905316392355
0.4065919803390001
0.18967873558602433
0.5919416485206481
0.26436817691330083
-0.3409017924953872
0.2997351232901875
-0.26272107573067527
0.37456716326212747
-0.5817180120837009
-0.7425174810366488
0.16303758885375674
0.5907688343825301
0.9856272032269737
0.8028602217721303
0.7679799033342818
-0.6672073927168223
-0.6437407186209598
0.327196119024737
0.2974020872039296
-0.5315527524707939
0.552217739083293
0.8249209105537445
-0.7610174556786591
-0.7531733076724196
0.580512602731573
-0.8928114578285675
0.38300352838408824
-0.27755984158291813
-0.4045654268626784
0.29273726345756623
0.11140923530337665
0.5794753436368889
0.11654022489439497
0.4836003394545585
0.5931348431412922
-0.07504500929621583
0.975618545996513
-0.056098005695903064
0.9637161195634412
0.04840404230728579
-0.5260246247796296
-0.5133951604944957
0.17695511291975285
0.39153487082666705
0.582064325174479
0.6079637001203715
-0.9802898307162005
0.1643272589875906
0.9097110692230128
-0.9505882841927449
-0.028598125856114764
0.624748987873422
0.8438548519224425
-0.5553728794717658
-0.908014640700773
0.9539399425484627
0.347638647356288
0.147345275702907
-0.39205212521307575
-0.3974174797386487
-0.11941956278663257
-0.8321375672121982
0.022646596887208492
0.8688233365301656
0.6099009375842472
0.9389975695053163
-0.2918700661666933
0.5373858836901977
-0.10072395875986317
0.4503712780540057
-0.4864286831965532
0.021158409113673837
0.9538306644520178
0.6299142872530505
-0.2226132979350699
0.6399081411866936
0.409715115114351
-0.7521243591646514
-0.4283531980306232
-0.6527767643921125
-0.8558994781785811
-0.6833276203336165
-0.7006087145269853
0.6101392605818212
0.6682604010858588
-0.2131482718903004
-0.09368157544938516
0.24962454525944167
-0.8480534924169245
-0.48746531710561536
0.5866237510888799
-0.665332823307903
0.8613842660834516
-0.5908402775024717
0.8275444967920347
0.9076848768517802
-0.9197897984709369
-0.7726478225881912
0.49366833622424955
0.5775203502910347
0.10850667059658892
0.06505770376428854
-0.6874404749935654
-0.2991447021180158
0.6569289846129747
-0.2653893526768092
-0.2387954124164069
-0.922715826187426
0.16762962726313946
-0.9821147195466557
0.9541044774402689
-0.7580394753490483
0.8387739874767319
-0.32206664117566164
0.20749022195157085
-0.07540775174196068
-0.480277939313563
0.7295559322322276
0.5836244995160511
0.9229239100022528
-0.19331001754730126
0.4621591212109797
-0.44980785226713205
0.08286940343319538
-0.27796001107355695
0.4801205678334939
-0.3387319459483009
0.5890258283983181
-0.7195094672671007
-0.6701723034480978
-0.25253246562859455
-0.8936298221639993
0.46495191516395207
0.16199541329156997
-0.5741868348922745
-0.5987610578876943
0.8957447135710122
-0.15178557370547563
-0.28971950158471227
-0.19447721924940775
0.09126007954856741
0.6209858552330974
-0.8225119126315115
0.3539705877987591
0.5831737687488656
0.14813493172338887
0.39049572118581355
0.46313179265864846
0.06219218085830769
-0.6667657390979147
0.5427781471693529
-0.552380983689668
-0.44287403611547815
0.7250507994104949
0.16492234871030664
-0.3552276659152953
0.5079582022853701
-0.6031346278076901
-0.7002490464051168
-0.005240759962534813
0.03777271101961821
-0.9205107887968613
-0.3934152710359127
0.9849805869021218
0.3686258493794341
0.0771214288062847
-0.008540560846729939
0.2842839058046873
-0.17361000203740917
-0.6779109213774832
-0.16890188125379635
-0.9080107908168102
0.23126050959039968
-0.4047956788872906
-0.2041655062793173
0.7333478133799844
0.4302108890447771
0.07301502040966135
0.6614085976063631
-0.10765715294155331
0.7025789649595682
-0.6498249883865024
0.510918740509382
0.04001680162561971
-0.8110054813904282
-0.5088946626740425
-0.8288577976995064
0.5493814859981683
0.01001620634595013
-0.375101951783656
0.7874026256699911
-0.8407439692511018
-0.5309953166601806
-0.32905428905207756
-0.075749476405637
-0.32685062295013556
-0.8676513644738302
-0.8875109930388161
0.7336560254267048
-0.38868230032548556
-0.03703896498380921