0.3764042949935562
0.24917096208367995
0.9965637787769281
-0.3432249067369282
0.4827663783349856
0.20727413634761005
0.5683195434543917
0.9751483270126327
0.5461757845285167
-0.010326301803492921
-0.9237474678342159
0.6855220173269374
-0.753928608513704
0.22998078574612535
-0.7509128162813847
0.644527491913498
0.9949228396045875
-0.21446929946303817
-0.7716817486816405
-0.13638062808168372
-0.6204591888697755
0.14518362234847149
0.3465172542598305
0.8641941391479138
0.5280437554383792
-0.04371986143225293
0.5286656993133421
0.4177753797508277
-0.636304465102929
-0.2988168425946476
0.405538705749539
0.6703908856831224
0.7117993779178595
0.9404435444577861
0.7025497776390057
-0.5518813508787139
-0.6174987076652336
0.19460840621243292
0.15580614802371606
0.3347297640938256
0.7091419339730869
0.03867321588877415
0.4935322567818805
-0.5415611417171697
0.5714739219428477
-0.3185329759033675
0.9223644076235378
0.6204494088917556
-0.08034896156519755
-0.8490114454342232
0.13915571018178508
0.4002434831648798
0.1858432228582818
0.1804937474747923
0.13589587684250692
0.17830525238373318
-0.06192175331870975
0.3316790658602995
0.9024385229913647
-0.6365450563480215
-0.40593744933840537
-0.8336859064454081
0.16712917045927989
0.5810200546101705
-0.27364314381040167
0.47702351975731405
0.7917635949222586
0.1475799682265455
0.4863435568914718
0.19644641945776709
-0.6262689025236405
0.9128069334746616
-0.4139248377691045
0.535833370516283
-0.6454874412653042
0.580388422197919
-0.7538480092794455
-0.06785796998427229
0.709991701035795
-0.3155340561066542
0.7293239728106291
-0.5508927467584948
0.9785727615169164
0.048844820031272995
0.21817563222686043
-0.35779183603966414
-0.8643379550966985
0.35240365669397167
-0.9558786990543908
0.8083828252969301
-0.1710381615514629
0.5682698685449148
0.28672918043725737
-0.25790733604026084
-0.38082609855250515
-0.9757808765493226
0.6854744037236491
0.41871440652015135
-0.06742104092634338
0.057295375236702695
-0.8185436904992933
0.3757919509982679
0.7810101819400472
0.38966062401315593
0.6246879849454061
-0.8264888627508822
0.7783721097085774
0.5102255889339713
-0.5123757910665567
0.9551539114666066
-0.9174397785830564
-0.3595834081953744
-0.7838725386571466
0.8504707772240407
0.23940638802959202
0.10333451544784578
-0.23969235669438982
0.6541008105969743
0.6392412164449386
0.7571517995249171
-0.1524834954977632
0.6653064827969262
0.5886281321907858
0.4209813293510427
0.6099808854782771
-0.7441054242328249
0.44366074390981414
0.0201953694465129
-0.28737844307237914
-0.6542346964047872
-0.8579608683959217
0.024448316449763308
-0.5110175726135735
-0.48439667345049253
-0.24746499864108729
-0.1981601734197067
0.5892014122601736
-0.7720239482748994
-0.4469798404256373
0.5365989958890078
-0.16664826221713747
-0.25253887775730033
0.5076980095298231
0.5282859618746256
0.30484104206870466
-0.7130632831246779
0.8220480385285573
-0.33564140004277165
-0.7857743240729289
0.6509652246427278
0.9354580522767508
-0.08537398701274523
-0.8361123290197414
-0.06654962998520775
-0.9147331366075842
0.42309737931075
-0.5273754297974815
-0.053079423875347365
-0.6963516109568624
0.05938778228704478
-0.8847467553375219
0.8124303577937881
-0.5369239867789486
0.49287465251439944
-0.5574132890493202
0.8738346155609928
0.17386134814682475
-0.8295885560466583
0.6143094289187738
-0.6546878641024862
0.8532268103512717
-0.8085396753168774
-0.4643392124614041
0.13391942483086305
0.0481380990300071
-0.9638756164764062
-0.5845634609651724
0.9411677254515982
-0.9978768561611122
-0.3834591427433154
-0.552163646992615
0.9612219794950752
0.880166269892114
-0.3342800281383569
-0.778706577273486
-0.6195451673776653
-0.3665883732600004
-0.1472230723027903
0.16127107170080857
0.9158134906806634
-0.9831551954061024
0.341441537571916
-0.15374605940795916
0.8987102279147738
0.17553305179920886
-0.31369169865801405
-0.5858475912567165
-0.9134299004764421
0.4746547241501913
-0.7137698622089335
-0.04345937700681368
0.6785470572917667
0.6142655529729515
0.9606779079995926
-0.5641886986678899
0.3333830520343837
-0.021128921757722408
0.7660929446306812
-0.5836763422976816
-0.2561539401030888
0.9844927092839424
0.8382754384534641
-0.14998374756757515
0.1412058762966104
-0.9303420077550211
-0.6994184573130469
0.32039225130063875
-0.5184811136988865
0.44705915206496893
-0.19653396141975432
0.233997603217724
0.03621386548365568
-0.3390555713365089
0.3095861830009645
-0.43903419907384933
0.6352478816021663
-0.7879782426978859
0.9181636924554535
-0.3374015930065024
0.5455800849320123
-0.28968256235506007
-0.8633467294639054
0.2689900399075298
-0.032348034604495535
0.8351236342956685
-0.11226367936400727
-0.7376101261130641
0.10965014610103396
0.900452786800443
0.5829818551094339
-0.3375033713822462
-0.6786902267117283
-0.476821384296751
-0.10217190346319427
0.2983972299884039
0.5197458610978367
0.6687396364783369
-0.5868218328736616
0.32864942618224324
0.7203164607759307
0.7252234827096555
0.2426304137852866
0.4014882863267146
0.19745766889557004
-0.5722930869960694
-0.6102527396513378
0.5534864259344341
-0.8123290856220013
-0.37956476882201406
-0.4216241652112285
0.2695169879534378
-0.24584327644413873
0.962193456930946
-0.32835721534713924
0.5920022182913189
-0.760093151426781
0.29074263822389
-0.3255460441975069
0.06533170937887722
0.874759513152052
0.4882053829106556
0.4027486993441729
-0.8891668615196775
0.5882910639691341
0.8816946225820068
-0.18838946533819834
-0.09309214605481952
-0.4183150802305202
-0.41044357759616923
-0.3277451933687985
0.9144418219054811
-0.7926241671415459
-0.3046652416868141
-0.3456380273780444
-0.7919595700944071
-0.46227223543491225
-0.4493542063182612
0.1857596293536894
0.42866145349469953
-0.7157713902495912
-0.9898519088291489
-0.2262588586505916
-0.029837840741474553
0.6274857913259944
-0.7807272464591508
-0.6896702858001404
0.10388723504016228
-0.5997499026653921
0.17011933142061775
-0.9682798440514424
-0.054696192174126024
0.1777171451359676
-0.08275606350933606
-0.5298552036592454
-0.13536533427512287
0.4703530988735398
0.5837013767512755
-0.664500950458287
0.8728536545321033
0.035663830024359244
0.219350306624021
0.7623848705424512
-0.9251350215514917
0.7630927382665447
0.09327051325673463
-0.186530112584276
-0.5979139223968128
-0.8546496007287057
0.4484716469709644
-0.7068281584919633
-0.36922305009533907
-0.3716031452655648
0.4892793983363404
0.7710401604629715
-0.2937797751799762
0.39694092961985983
-0.7223597445015537
-0.8079236160598644
0.9710957075697717
-0.3279542436430305
0.3044764392028918
-0.06278385121203356
-0.880913971374951
-0.9644004637436681
-0.18195841225193354
-0.08951247475910784
-0.9255973527830694
0.9185382158117739
0.1469770526707821
0.707823840333561
-0.1577916817860756
-0.6052756886097042
0.1233345087324349
0.20655233524847594
0.4426158791675825
0.3076176457481956
0.02276042740625961
-0.9361303505893679
0.44485375353892476
0.26468202632681903
-0.05820714818336792
0.24998867000495295
-0.1196697360035246
0.7891340641979401
0.2815410776229883
-0.5145140358751226
-0.8847339751990246
0.21182609059107116
0.22729343915530964
0.9090730593210374
-0.181075993403377
-0.7162082784982209
0.24792037394549138
0.7005449165157818
-0.8389627460921134
0.6758350052446005
-0.27959250044219
-0.3378602080659465
0.23491327814046103
0.18761781672685074
-0.5573819903599195
-0.551440685863853
0.5930904203953318
0.06705076412465849
-0.6048675323275026
0.9121658439812761
-0.9031597118309478
0.9470198603397897
0.428415400277514
0.959546193805771
-0.18986651950035283
0.29695864576183206
-0.7540532280926133
0.811567170405129
-0.6994606359046969
-0.5567463232576235
0.10407940967297802
0.14826632970360287
-0.7325581620601285
0.7932653044453684
0.003951652641374981
-0.30834216376224366
0.6955228645018441
0.41150762857056034
0.25438408618712693
-0.04190743511201078
-0.19225089023922193
-0.8454087998993289
-0.177355746845008
-0.864336644190846
-0.5951756845636629
-0.8871621048721035
-0.3061220135288374
-0.873615966491994
-0.817453879589007
0.6144650477769915
-0.2124224177151739
-0.14937056549758543
-0.7496333883359703
-0.7088409888550835
0.13703473661565546
0.3899621743702304
0.6346623617969376
-0.5771882935583252
-0.03834778101743397
0.20693219153151765
-0.4612187128198122
-0.4991692142057793
-0.6531895696946171
0.13428812313483252
0.9124916500657223
0.7888191638666417
0.5760312570087907
-0.902227414508074
-0.05290591895548635
0.9892852359495925
0.9993662102398249
0.30051891001009445
0.766445547140953
-0.5038917136524839
0.7417251744808946
0.670107954412539
0.5991917389856378
-0.414866333107196
0.1977349537912909
-0.8388862851274799
0.48344365868714734
-0.7534843723566849
0.8011850249676313
-0.6185781579831238
0.28438873647560703
0.8241494870910744
0.5472961392769033
-0.5835032450966879
-0.5437395629925976
0.1522012269774855
-0.8730563252045056
0.943135642994835
-0.4894623711499908
-0.4434240912920526
0.22226139870811434
-0.3893729825110399
0.48841072116967643
0.3827353837022951
-0.9300886528561241
-0.6536790718161039
-0.7180536320646385
-0.5088898762954042
-0.34675281753040355
-0.8296212134089984
-0.45858373201723657
-0.18791855361205223
-0.6412715868850376
0.5579502320753555
-0.2375560440021156
-0.9808117557603431
0.6480719258383758
-0.6771403682795241
0.9572046282513076
0.0907748556478567
-0.48261519980941747
0.035905812514589464
0.8423620994154424
0.5084411516770144
-0.6674894612344053
-0.3805142198363085
0.08918589127116805
-0.7815127762211884
-0.9357777458761978
-0.1248568307782767
-0.009848670261106474
-0.5248871383849163
0.5809146830784606
0.3437443221111369
0.7058026018060555
-0.29519794336035066
-0.6688006735998946
0.6959657750618327
-0.4273275624342092
-0.9607596040756825
-0.1064648941857318
0.47686867343048345
-0.4274897543957221
0.7665022050840677
0.8843833179104548
0.9554972007300475
-0.4312978837785677
-0.09774033668612692
0.892509872027244
0.25321374366803817
0.2802771204084027
0.5816395151288594
0.8027369778674756
0.2949939916650033
0.48892863727813185
0.4866910861605831
0.5653130338778551
-0.36801137718961585
0.4783681404705111
-0.04114730408436884
-0.6318689864112328
0.8422227989039275
0.4331493011065479
0.8876419382483787
0.5197448182370996
-0.8727572056139161
0.6012362498547683
-0.13363929992296586
0.7224007755598607
0.0969632679058483
-0.8599705914029359
0.9660283756736996
0.12820884334903648
0.5376684315697184
0.6643869882534856
-0.23118791280799145
0.09398905117692524
-0.6252955244277385
-0.42609855278300723
0.8667890080410428
-0.4435427524836444
-0.977015720511595
-0.8828629521224645
0.5405937155789258
0.006467795129367682
0.03225335911424043
-0.6154686018809497
-0.4623323228934282
0.9740187910306262
0.6409464058739289
-0.5458932572866193
-0.3756926232869673
0.127061677275895
-0.6763539959952078
-0.587392396858526
-0.1038800437197156
-0.3712531016256122
0.12192301641834802
-0.17054153326908228
-0.5561429026138405
0.27235754424404424
0.400275936260609
-0.48891062779840233
-0.03934754351098402
0.008810813423440589
0.6671588994254469
0.7988355983969282
0.4844841738432797
-0.6884198031837132
-0.9052866332878273
-0.04823677429550499
0.7383901416802912
-0.2785365036287566
0.1665046084661872
0.6791918187943244
-0.5636062787910643
-0.6851844876807818
-0.5547325146828956
-0.8300987493998129
-0.9037490031046398
-0.6739495876311838
-0.3821509364371758
-0.6189849682781878
0.9736358658440272
-0.3071870791170852
-0.05256420476500767
-0.24438743705534205
0.5829128646462092
0.8666920988568312
0.4153084322409224
-0.873322317988372
0.9824157957543123
0.8414277402523631
-0.8355778327917296
0.8090458849959392
-0.9011961789324532
0.31195038398788544
0.9136688485526074
-0.04895665835378127
-0.8529823635243956
0.9104554373627858
-0.7951939373273824
-0.919150577113419
0.5420362244708825
-0.7688087584971384
0.45973979887178085
0.4247381126229126
-0.719427934771462
0.32459515696582963
0.08801343147073615
-0.06106485139187057
-0.599824869930687
0.8594758112336165
0.20106608439820572
0.2058652808121466
0.731582931682941
-0.7605546131368688
0.018300636021758798
-0.9340513833484265
-0.7452241162549604
-0.6234019108934028
-0.48425385055260595
-0.26426405685945586
0.8728374825229339
-0.713965301337433
-0.7727468512508069
0.05623459949899745
-0.9994666084900465
-0.7730806561619277
0.03930303629253795
0.20138919421453316
-0.01596350760203258
0.7457163020285591
0.3894540934790207
-0.021522285407625796
-0.8474660828294533
-0.29160585119718463
0.3908964338436376
0.579878038478514
-0.3649025171304081
-0.2109792705609077
-0.29746545926646273
0.9860351268382233
-0.982147301028127
0.48079140148181954
0.1199547267764669
0.3726594814384725
0.5020407434531313
-0.5973945319219665
-0.5934369490549463
0.7512289658864546
0.46751351802391095
-0.8943663737347922
-0.9539338604224086
-0.9903575227228845
-0.7670519612948505
-0.8984516126725168
-0.8628462461817936
0.6299745597958422
-0.5888412317429679
-0.4025142637859911
0.7082574597829077
0.27147467098262346
-0.9399677269782227
0.4844123840174155
0.19083906082342605
-0.894813650951114
0.9472226482413668
-0.29755814022138205
-0.034879784413077486
-0.8094540232068426
-0.18781812835198486
-0.7400635738379271
-0.798568635778723
0.37889096541937306
-0.702177613091483
-0.9655863441136341
-0.9998719624779968
-0.9999663205610261
0.6276253893210544
0.5788831070458924
-0.4686070561068094
0.9385425178956937
0.8616177112519059
0.9386824482448499
-0.5754965940882342
0.31284542448100816
0.28164901295747424
-0.6211321045680591
0.542299896641903
-0.5431058499761221
0.9768882112975281
0.8617901376986135
0.49940157771437765
-0.08449490865136333
-0.25473530419646506
0.26021479243649237
0.8600791641136656
0.3142756046857922
-0.2439048529028056
0.16721638626697644
0.9919767340537851
-0.5038727276395178
0.44590996010181105
-0.4002730001777517
-0.02699530463525268
-0.0548887345656095
-0.8276518001810054
0.21692050373206007
-0.3080813147643937
-0.37178940888365664
0.6852503278257054
0.0366215968553234
0.624417340868699
0.1441602034730023
0.16596957186936723
0.9103967303576592
-0.4073296113374576
-0.5000837644181066
-0.04727823680331933
-0.773403458240016
-0.6390701480815775
-0.8026514178393929
-0.5608614858683036
0.06397898250240708
-0.7601041012961403
0.7050499861733197
0.28290319466207103
0.8390040306373003
0.02134176558763512
0.7007181537038472
0.29204012433860016
0.40499594100928915
-0.9844894320413655
-0.9531140835627565
0.5178562558781963
-0.8852620854281594
0.16128192835263122
0.34856580820967564
0.24831893179585762
0.23031179845579275
-0.5356714241858569
0.7290944844345939
0.7639895778726724
0.4697229125717566
0.4073605041641404
0.6541934434208769
0.08171671298425442
-0.09777485389956486
-0.6950481541779379
-0.0025774121099391145
-0.24486039321476616
-0.85485262187734
0.4126375926899053
0.13763899865414753
0.21256642592847919
0.1527021975290237
-0.4930318615092866
0.28456162336255564
-0.18116323707678417
0.9848020202877774
-0.7893589062757409
0.35462525513972865
0.8158950851373143
-0.5964249229288774
-0.20906948888825472
-0.7037249232530771
-0.5343804051153385
-0.2638693521800899
0.16135680464684854
-0.34279435078349674
-0.03880041959941982
-0.939009587310706
0.23405104353698203
0.9100378395589928
-0.9097137448338701
-0.868076958171454
0.8387469810565262
-0.9735784805806642
-0.6145212936660958
0.20705929835424608
0.14428106217782188
0.17185377963992376
0.4112695544568319
0.6648525520277078
-0.6241467763505046
0.02215377781771788
0.8615192434217798
0.5303023853488427
-0.007719999474000705
0.6629939975344878
0.8691723040546571
0.6752012858642695
-0.8849663426399288
0.8188981872282515
0.9769799466805649
-0.09382818804780357
0.10005883055968656
-0.8582655728309843
-0.7106559486091741
-0.891412910621588
-0.621657933907227
-0.5858184322628259
0.7871402915951955
-0.5616564905396091
0.3195895675554057
-0.6641856078399258
-0.9330715091339874
0.1720392395874082
-0.3254979084415619
-0.6950077582072691
0.03672246689330705
-0.05650596820915399
0.4037167565444384
0.19577689389226172
-0.49586024840284026
0.08956248577605352
0.34288205715188735
0.6019965400726222
-0.613238638591119
-0.2528328122650747
-0.9091843876439705
0.44398300369699695
0.044144552754215916
0.9160955136008297
0.6676785759852997
0.3810550711476264
0.8310374850012772
0.6857160696210867
-0.7741266360421466
-0.07868344707706743
-0.7929114947031808
-0.6530079351254852
-0.19779809129301906
0.9191898583078622
-0.4532627135994829
-0.7989655438621939
0.03425061907112226
-0.9477783240417983
-0.5354993103645243
0.8111497065087732
-0.3991786782916893
-0.0025122114497007075
-0.02775204110411056
-0.14577511131042198
-0.41696916059567624
0.22897587251822848
0.4750387455420795
0.08737490980558293
0.4092663413165307
-0.6093951882188167
-0.13014888209676356
0.9068745049608562
0.7413289330037001
0.9306616459397747
0.9816959257247158
0.2356521346672229
-0.053373342376683564
-0.7448497544179313
0.37824549077636527
0.4448686091882015
0.9804290882467204
-0.09461158130532632
0.011274598684978487
-0.24366008578899367
0.559248223997896
0.6513572634070954
-0.7343689860248952
0.6312349152013512
-0.6538334008119371
-0.7746292128395373
0.6348453810172041
-0.05181110373197373
0.371589289424336
0.4747281777347441
-0.7046982208355435
-0.03677365007337019
0.8498270542395896
0.646741494159641
0.5685966045471618
0.7711888970644589
-0.08494046787947829
0.30770172786530625
0.07584322781106723
-0.16993151579884613
0.8653550680954998
-0.6050382908477809
-0.180184861579749
-0.7294049182601292
0.6775591003267616
-0.6091757824790274
0.23872302831311965
0.4756772355404928
0.06458677514838529
-0.4640834658766373
-0.15150919217755976
0.04286076162911212
0.017115098111234683
-0.019056050099418576
-0.45738129701937913
-0.3450712668657505
0.8450187292241889
-0.8446857209126428
-0.8657116663793234
-0.2296022327421101
-0.8171406557499095
0.6435410459066866
0.011658520707136244
0.2909926735910706
-0.2754225832627144
-0.6993643261888167
-0.7082926345643683
-0.23868632322020056
-0.9432761505198239
0.8968760606112822
0.7064647557312347
-0.7553335274959236
0.049087339520276
0.9049798959353625
-0.013368761262518625
-0.2798767135525557
0.5666414490501219
0.4940809646814852
0.01672586724966041
-0.7413620294714887
-0.5554482819306992
0.7039298557983673
0.3375569733318722
0.6783801970745011
0.08219572880493375
0.8883311861274938
-0.20824353689962272
-0.40915168580242156
-0.8123602202154125
-0.6780847471970255
0.5596935149671329
-0.8275770189688849
0.594880756753704
-0.23218251385199906
-0.7770002939106049
0.6951390255568037
0.1959301481632152
-0.968118938721261
0.8958766157963034
0.5733419497490357
0.7314453075343144
0.10392691745503502
-0.12323679173674362
0.4769121524043427
0.5578653598039933
0.8668043221744604
-0.5986880250670115
-0.7899596937580404
0.8611941935772127
-0.3604883068561502
0.5708874291712254
0.4726132931020457
-0.5303401638957785
-0.6685160625885069
0.474367533526443
0.4067557629174443
0.2644285886634754
-0.5099531821731014
-0.9161641390280904
-0.0941789386951517
-0.33752769587693576
0.4825769942626075
-0.25645106350520464
-0.7883381365544302
-0.051100303341861775
-0.21421423367190862
0.973556147983806
0.2038830674137837
0.10349396505956499
0.4710130143518936
0.4446303781225027
-0.839556484752856
0.7846093484586432
0.48574845371779385
-0.0970050028838747
-0.5949003866903375
-0.5766994108919465
-0.39336143266724855
0.20046340389900674
-0.01873072024566147
0.8971700132256997
-0.03623334478593199
-0.4121785995692515
0.9455855624135809
0.9554466988016426
0.03278517276279791
0.8718749409054594
0.8889296859823819
0.6211356116047726
-0.1325407276080668
0.4144772961949965
-0.20465974372320694
-0.2325000512594786
0.9951564958817607
-0.5470198732770468
-0.7589439777212461
0.35059193925951493
0.02102789201687827
-0.8439113150418236
0.34888816256915667
-0.38207863037277434
-0.562603014611841
0.0758213396013081
-0.8716046026947175
-0.7366791657522613
-0.2713182805869807
0.07608468123710121
0.6299391713135027
-0.36705007539721146
-0.1495722822603358
-0.05010972954546089
0.13214083841207414
0.5170132731788146
0.8563077001097092
0.21264590714987786
-0.5618531937669788
-0.6824146867103096
0.8543863836411216
0.8596070478462332
-0.08136729074059712
0.9692931531485074
-0.8449942578184315
0.5101439271181414
0.8902066423549202
-0.6298706703908832
0.10805346213244915
0.13072512114967783
-0.908747786330721
-0.38849034200466614
0.5828826132209137
0.13587334742515034
0.35384217207801183
0.20072107513605397
-0.12251679136800209
-0.4064107791245499
0.43537699678429287
0.04216604248703448
-0.8193796340008028
-0.9239355296668454
-0.4811577188437022
0.09412543275874974
0.877721606608594
-0.21155066028707092
0.8356735877264458
-0.47614296166243886
-0.03069331484633442
-0.5883507745890022
0.35368179880680084
0.2693344895155958
-0.42168829920743645
-0.8957828133885715
-0.6010194967896509
0.765450693472095
0.27681611177075216
0.7687928504779173
-0.09812663108678188
0.8025030584002861
0.7478748573739418
0.7520440622377975
-0.6357502356705482
-0.4647916580281555
-0.9546286146596636
-0.5307725726794683
0.8197364092504775
0.6760135801750793
-0.6565124503258377
-0.42453958143766446
0.6997374618567114
-0.9556326759381513
-0.41645525174688935
-0.9971913143020896
0.09031388345255342
0.641749547725837
0.8495930246393926
-0.6255895712190975
0.6555778710486309
-0.40009206046481727
0.9020712609571697
-0.9629064408617194
-0.706365333351572
0.9505048030465981
0.9235081757178889
0.5167637407684442
0.214864824366495
0.7937942737691719
0.5248521263670594
0.8452513349861839
0.6039686919679901
-0.9243363606147335
0.33030930165282646
0.28100556598593895
0.25759519184300506
-0.8528404716244791
0.41251022881244515
0.918136117718136
0.44476132552720515
-0.1328758197221629
-0.7539977744192465
0.6127878280509131
0.05057716425800041
0.7091827532067136
-0.39309365118936945
-0.899730957664941
-0.5512655816981631
0.8838382403089953
0.46049883103703904
0.29139921655401646
-0.6681911177483633
-0.07154479002284031
0.8345748364812109
-0.3897771547556881
0.986235271959859
0.9763369306628573
-0.42563963031525653
-0.5652417959849572
-0.5183914944492178
0.6037088623112992
-0.5769818264996902
-0.6912357007790577
0.0188700678183904
-0.05048338160534427
-0.8689121028718163
-0.49702804665964706
0.0956801057591874
-0.1808395344658844
0.8039305977096278
-0.8719827808168579
0.7045705873644781
-0.19806133878630505
-0.9048881106359195
-0.04335604459278741
-0.3594763564154806
0.37261283604958195
0.4810762530664665
-0.8586134046226634
0.19790802138686625
0.3112184678556291
0.7469330858273862
-0.10572515188301312
0.8795872148846615
-0.9083985725791974
0.8809217149399113
-0.7296030343422724
-0.7189750724140456
-0.39682789940249763
0.15623454901478828
-0.6144810455443703
0.8608320950204074
-0.9626499787325746
-0.8262306662402004
-0.02996637107571365
-0.5734373189482969
0.011709833546474036
0.14497102314173782
-0.7260024494548845
-0.5306005137231833
-0.7436552447933904
0.7464064350792226
0.37251923067343573
0.7044067814533177
0.08396539925696778
0.8225011341394373
-0.5864384655674262
0.1631411385535142
0.7117107231709188
0.28043686089241926
-0.4996618771365644
0.1368869388790006
-0.2812720834336968
0.03488862622434996
0.6821375515215062
-0.16763969781667898
-0.4526029427466649
0.045990042182991075
0.49436415597838934
-0.47542036223789785
0.6168693406308046
0.10468464413260259
-0.5106501651645357
0.9708681772556038
-0.1421801626637147
0.9325936202798741
0.008368544757292096
0.9335479851547404
0.7547144429373223
0.8418922539672153
0.8339531609539965
-0.49609014782112704
-0.17133616920666217
0.4991716651859892
0.5520540888763854
0.762029056204905
-0.48053410361994775
-0.2928167867600251
0.5928870121986423
-0.8999391598975448
0.39127087880313205
0.923477758396253
-0.726068426210787
0.5421652168350795
-0.4005751482012687
-0.8609125898593324
-0.5902923940043561
-0.7393021705609015
-0.3747947961370883
-0.9453491945620309
-0.09707286676314197
0.520854949355424
-0.5491606701062515
-0.5961576845800012
0.518985316491112
0.15976490989992453
0.5758939881911802
0.17002799122123702
0.5582663583173935
0.03758296532670502
0.9140921885177327
0.10614912976590696
-0.12051237183331476
-0.683451194743292
-0.46203992884343004
0.041350926618941575
-0.9410751931802364
0.9271263844151931
-0.11032656837429689
0.584509371472687
-0.08264531335913228
-0.15070841012294522
0.7446735521496848
-0.7819640787884647
0.6146759171113545
0.3196541603374039
0.4766219864768897
-0.11187343897992785
-0.11306222426897339
0.8327282546948991
-0.37615791171047563
0.6512669861874545
-0.9457829354604554
0.8821419036486462
-0.8161475381970784
-0.0008384973184223377
0.07923779171438272
0.1353451703146631
0.9449688912239269
0.6754339293775988
0.22785964938639136
0.2351278469144873
-0.27215116479516177
-0.038577999448365485
-0.6917012797480164
-0.8710924997611678
0.6027163728803369
-0.7974024528131625
-0.5537073866418527
0.6506315160055895
-0.374663366798087
-0.9897581406772626
-0.9045751859267637
-0.33355900744730693
0.6119587200863152
0.6239896465605064
-0.9655708819176934
-0.5887225141607961
-0.14885681111550908
0.8592445342930155
0.4324852196795612
0.6641560986577955
-0.9705348671885106