-0.7758157816944249
0.34808851532057794
0.19608845342840509
-0.7023872445872461
-0.24996688944483836
-0.4350740840651164
-0.5556848537854933
-0.19530275771495553
0.16035130654484298
0.9105048313702728
0.41285116861645643
0.16439987770134468
-0.21939223276518938
-0.24278976820876386
-0.27777580225559095
0.1324755435835967
-0.18229090126375103
0.599468969410822
0.7672167298256587
-0.16505479976868065
0.3159138812224951
-0.7146349739723066
-0.7185398586753959
0.8483674488228761
0.3191160728592324
0.00770418132722428
0.07778720578095788
-0.19928524438811168
0.3591757207445674
0.36325325040876066
0.29083568299755047
0.07903312375310123
0.9937180883776062
0.4560303143630664
-0.3801296801250664
0.09168317829311867
0.09112939482407256
0.35639752359464394
0.43858858246436383
-0.0873881777558192
0.7593871138284614
-0.20055711368691798
-0.9427384834531634
0.07533759730735423
0.715194959438425
0.2810568147517949
0.3359603463237386
0.9242322939900747
-0.4569862183515676
0.34657114775684095
0.2973506962180503
-0.6635467522432232
-0.1773036990592054
-0.7111542726090196
0.8149219001472507
0.11174939512617077
-0.38577927656855127
-0.6824927435421568
-0.3594324745354218
-0.6983030129348606
-0.6214430797160484
0.30127355431088687
-0.10933813780798185
0.26940581483354475
-0.4600077660212014
0.7171685883689634
-0.1089194984038726
0.7938001077860148
0.6876620765945032
0.644627497980216
-0.5550073546864371
0.3286427374882259
0.09002420183895987
-0.044995198900787514
-0.15170727650157545
0.5944532357084447
0.3450599487659829
-0.4613758162863668
0.025825603626030036
-0.7765590898378474
-0.2525528043411913
0.9763423565550711
-0.9887813023481244
0.9263311789669473
0.04008043298905162
-0.46414384783317186
-0.9798869495168931
-0.6190705598186304
-0.19258599886664962
0.046860160593863
-0.19659275177896518
-0.266375807957673
0.8901989394646705
-0.7620505734161453
-0.628945585084034
0.28074893270612433
0.9930436009494086
-0.15606600859704178
0.0008137838911377315
-0.32972694256580715
-0.7012912006883303
0.6708914370949215
0.37161047897574107
0.9557156561883813
0.09986588270699626
-0.19879090263878196
-0.06229892170381479
0.31754373047649453
0.9034540411868499
-0.8936314520309538
0.07648022005853106
-0.3423723421118239
0.3771104746814369
0.24932509036873896
-0.6766087131623517
0.6498356381690118
0.3371969169190756
0.20739012700468273
-0.9297125974763301
-0.776569023465117
-0.03750312943719769
-0.7860928450158882
0.7461138972302281
-0.7542340935242577
0.5408961140380812
-0.9231762965381571
-0.1659858039123061
0.8525201472171844
-0.5911532242386934
-0.895397781563394
-0.01799123868137964
0.31950640462289237
-0.6203827340125931
-0.07964984323391722
-0.2597067019980903
0.4789489399054947
-0.43829130545595385
-0.06195889883213912
-0.044233915352720476
0.5790765962009201
-0.14751491503936376
-0.05023162335782372
-0.37642386133694083
0.7945110877654629
-0.9624392841946694
0.6749363556152019
-0.13467668354853735
-0.6066565732397589
0.039365215083077
-0.8932187928187314
-0.7337553717943068
-0.6626207013057488
0.036510671590406885
-0.7703943564403537
0.5165463926055465
-0.07926980751876656
0.6917923368645813
0.8522952438969627
0.5862246420310155
0.7714611941088829
-0.8647440010117766
0.023878643845930192
-0.28581581697332825
-0.37389273246120913