0.81729967303746
0.6849601576305295
-0.7221542844268407
0.9111924451758815
0.8105732519138953
0.23706266057881265
0.6577151061537925
0.04519681207731607
0.9420747770286657
0.4421574977745406
0.9497566079209361
-0.16333071075820094
0.4825896754408088
-0.5003364892696816
-0.44660486532774457
-0.17004321277602807
0.3171364252902824
-0.2848762869334551
0.020677104774641242
-0.7148210426240487
-0.5721179225227795
-0.7815075923992327
-0.932248592216329
0.5015687687237707
-0.43649851488510105
0.5734783209641425
-0.798335699232676
0.7828493118532693
0.7077178039663417
0.48501085846287006
-0.8006404297790111
-0.6747420057389206
-0.3060906351306887
0.15515696143606128
0.8566198822323388
0.1029157831967824
0.3874797585213534
-0.8033756079664547
-0.5499772610914935
-0.6267489085011351
-0.7305936274203233
-0.7983156215525373
0.8774834142589611
-0.5334472232818208
0.6498626173252227
0.0013435961713288425
0.9325493465314814
-0.5034383340948998
-0.3907608678779153
0.8945707336377002
-0.15962279008786107
0.19041483035518603
0.24462466089929147
-0.2555396207110072
0.2497425148311474
-0.026467171920323995
0.5715324507546278
0.9524487803355299
0.39636565820437486
-0.8899503642277626
-0.8206380555652169
0.5148096683110608
-0.4938372013006056
0.49996702702508244
0.2967844321801276
-0.923609744313916
0.399514199213296
-0.3112472228419527
0.6593181587107941
0.07049459907065869
-0.3591448561049233
0.44542034571628175
0.6087248345870648
0.2590775420506528
-0.15798271455436974
0.07085518785654399
0.3878778748540628
-0.18308646162589182
-0.6537956605082849
0.2051330322351259
0.11017496886578315
-0.6823485647305874
0.15850258223145453
0.9561877082388732
-0.7945229936088749
-0.12010311597576218
0.5422252899064524
0.6140751018637172
0.5767194066321708
-0.6567047564967912
0.7452449556251355
-0.9299630447540281
0.11797427913652547
0.024604274330514597
0.8668934891927711
-0.33138299878338784
-0.9150301809430768
0.5307046224511391
-0.9960212054791662
-0.09293969362752508
-0.5917499027653279
-0.7928743312653421
-0.8702205988532468
0.8579297707419804
0.45714263637590014
0.600710908368417
0.9426606752126556
0.17234060545119578
-0.1870475341261546
0.38250418706149536
-0.8809096659328632
-0.8019060295319251
0.4761338986122452
0.513711410559895
-0.8188519747949292
-0.21426762027573787
-0.3381795129164171
0.7724987144642115
0.6517289627652609
0.5807209205315245
0.5533799915043927
-0.7451060263673301
0.3225434287112494
-0.5714194605419218
0.5582920399225362
-0.9218965054508212
0.834879874115299
0.7529952617668474
-0.16080628926149765
0.8139087164444399
-0.006898088615936437
-0.15216909064726658
-0.369667397624019
-0.030849768550883283
0.9766410937575758
0.032072328486274504
-0.8048581461740298
0.3529606684617559
0.3765793014891041
-0.4713749142238426
-0.9354369137034662
0.30398343154876617
-0.3287512151231864
0.7135325179863552
-0.7364619887027475
-0.6202994046186596
0.6189693193680834
0.6096044278058346
0.7901554034851239
-0.9920011524017829
0.8542413982236639
-0.7386094197860154
0.7653730260129663
-0.6256592755622641
-0.5719283595498215
-0.41825277784886916
0.13710061315131905
-0.6213946060819435
0.13772987423950722
0.9449477779247211
0.3887526353862285
0.8787852453695526
-0.3712940956270976
-0.6791964320716661
-0.09955808521306975
-0.7125622341959457
0.5743657404381661
0.0834745674067392
0.442232406432832
-0.29525377225938154
-0.11039562064677821
-0.014034213104102689
-0.7575812144219838
0.9244064463974144
0.8132414871356448
0.8950167122323323
0.08709163188396984
-0.7412091574031769
-0.1581885796971927
0.5943124219134954
0.23076124690026756
0.9474828314193782
0.23771212956141974
0.8842257909503117
-0.007300407980199708
0.5844917264991119
0.6611219994656969
-0.787650302213065
-0.9983592766222438
-0.7384795104770254
-0.9366548282729334
0.07940359927939711
-0.7750845026682864
0.9431754384409641
-0.34067349568572625
-0.32109411289937984
-0.015495836505667882
0.9567926420716633
0.7216514691230294
-0.27979220525764514
-0.40451113921030335
0.5918319102781298
0.03929700193487973
0.13473186140448457
-0.5644348533749821
0.8824850432456479
0.04081116917968641
0.21288108614737067
0.18411575417352788
0.30808282509362495
0.5545654614256046
0.7684317661052538
-0.027857520305665684
-0.34037584557235534
0.7223669440366769
-0.8444129824980879
0.5337132997379412
-0.7435851547727821
-0.8761882479928476
-0.21833735732557757
-0.5509299568896784
-0.2888573940232717
0.32698543426928994
-0.11695400496860953
0.4013667671286787
0.24139371954971933
0.6609713341055556
0.780658191218965
0.1691555371518254
0.20590344127692028
0.8638037564964898
0.4596575020903475
-0.16325395873347426
-0.7671726987962824
-0.011020662364159328
0.5542581662803789
0.8185480043871041
0.5365939213150026
-0.2846946014206646
0.19660630021460812
0.4465239164878254
-0.35216384705123716
0.20779948455574782
-0.47575457768358076
0.8000918747001782
0.20707184632663767
0.1094737424632275
0.15507202242237983
-0.38289130094697765
0.8447917432052392
0.5673314582900915
0.3301123260174166
0.5315319932840101
-0.2667621134086602
-0.6616301765530037
0.39852412572048523
0.2740554952945835
0.06450964483607846
0.7220435028609327
0.318170639718377
-0.7240434530775639
-0.3060718590828009
-0.2154388912465297
0.291270718098513
-0.6924705961865194
0.653819869844684
0.7299578794202954
0.976838014467637
-0.49168811443679306
-0.5006493677122463
-0.8707257951042577
-0.11881349029664268
0.8630027857031324
0.9751868760649993
-0.8078837757740518
-0.489056755068048
0.6409402753686719
0.7537055442872975
-0.07488446989684072
-0.8586593709194486
0.5811120070394786
0.5294605977165074
0.6500666391949665
0.37700662067368795
0.2668189972717505
-0.5586409280702205
0.3469510333399626
0.08383265416110741
-0.05655556714847321
-0.09934886010459931
-0.8712368661731378
0.6426271796880876
-0.7866186740941885
0.10756579061132965
-0.9679744683852443
0.83975355736048
-0.2739261721402202
0.11305275970828221
-0.9904708168409437
-0.08766411239605265
0.16485243741342526
0.12769922678385726
0.7925022034016944
-0.0667377332522252
0.9592600461516894
-0.7883703349921631
-0.6287266732455761
-0.6884220861306474
-0.34984607288809677
0.5524479319188143
0.8824370778155317
-0.39243919590414067
0.6117940713397974
-0.32804920918874614
0.6118504366725761