-0.18216520482557508
0.5470817470559151
-0.4056656786559172
0.1039322854885063
-0.8474885442166029
0.8922038805465102
-0.6729029526351524
0.4676009525607905
0.47621133889522405
0.28618551969937034
0.3530493418059175
0.09184083748403005
-0.9745210549605816
0.46437999047620093
-0.8100138374903143
-0.17621281023424773
0.5149314723587624
0.0016223588566584013
0.49331689428921077
-0.33083337378167244
-0.980549947044943
-0.8556368443795477
0.09607606205940322
0.21019229962552344
-0.7932501928308588
0.6426743903987289
0.536014841685932
-0.022355070765341933
0.23082299440715048
0.2773142442270067
0.9758868199882045
0.35205467882632124
0.5004840203236409
-0.9401073496782386
0.2449302966133604
-0.8452322497946267
-0.20544202173302573
0.5330721462453152
-0.09485602289534611
0.19748921854630597
-0.07890841634581358
-0.1333150207328777
-0.07855267646752861
-0.8914207038329178
-0.7707030727614479
-0.48728460214266067
0.8058453283594729
0.32212513475609494
-0.4890070770840105
-0.5049346463321169
-0.35997592350337815
-0.736757748162628
0.7018092348998586
-0.2945655092303241
0.2686568895418511
0.8319715180609255
0.9666313244359794
0.2632911377129705
-0.7920840028742011
0.6553276935704293
-0.08555710279935669
0.42838589236197877
0.45692764808099406
-0.7012482682788481
0.04580637646115737
0.13765378307050624
-0.6727087729988848
-0.5730145850251793
-0.4022172926087155
0.491935661840307
0.9434700465911818
-0.28357203026991185
0.6089832111561406
-0.7204159414443123
-0.2078182680595031
-0.7231543637298936
0.6612321421958196
-0.021535066509934753
0.14754022821667334
-0.7972969943006063
-0.303255086555136
-0.12841470488300866
-0.6591137864780183
-0.9091953066236527
-0.8093369805186295
0.3787518755909125
0.4763189052893475
-0.6822224055899817
0.9300686277762644
0.9375281814492911
-0.25644265853228165
0.044767983050215676
-0.5024191338855193
0.3085456033444529
0.6747711321308902
0.49074772395727995
0.6635173187070591
-0.8596453969526539
0.8890203323024639
0.6074055543964354
-0.7214824474544157
0.2074781117936868
-0.15431596021914396
-0.9549543463983259
0.4768297807230266
-0.3864300076696656
0.5199813706046745
0.08331755190111734
0.7391682431933029
-0.21433655935794893
0.15208741714834795
0.05863235298006364
0.18433067309790574
-0.8868922469760441
-0.18582971282556637
0.7151693114194786
-0.27178619398095716
-0.17567145493185743
0.9481758086846344
-0.1306019111408776
0.19252470270753386
0.5021366692787346
-0.14753569466232253
0.49598495367083273
0.16037416789615744
0.18307395844287377
0.023973707571314895
-0.18807069647517705
-0.911777702898471
-0.5693033279590634
0.14560746391083046
-0.7140279718567726
0.11631310500720127
-0.36997522834762964
-0.4210273066606456
-0.3634418555875769
0.0596276844395196
0.3365969704882812
0.21272704049631974
-0.5208256427121696
0.21235712030424447
0.8318301467871696
0.27818322223395264
0.14692505884172702
0.7325582510048889
-0.7049357316529166
-0.78426496459551
-0.8087575429564375
-0.15819649428717253
0.12154866342281712
-0.8325390457028063
0.6798111812975616
0.8416078880216122
-0.19046664209635833
-0.8469377749855895
-0.8856748252505067
0.577938044294966
-0.531492152711529
0.03270618153504534
0.8169658011018923
0.5683539219466673
-0.4546807170601439
0.9753806677329167
0.29448023133718304
0.8127806600968637
-0.9702271894770418
-0.6551689999944981
-0.9419415824288451
0.8004424187128953
-0.17855006009630614
0.5188447859473253
0.8295316486027304
0.6466573082524085
-0.868765278145921
-0.7115442337859244
-0.03970528603416179
0.5380409606193761
0.05893300194177464
0.8440517260528007
0.21871314278376608
0.6588528764138739
0.09568987974041798
0.4224120558048954
0.2538585922794736
0.8776549785838865
0.5608433666777184
0.12034907530132188
0.9415151213468493
0.26510107521256976
-0.12971070156101683
-0.691237187684139
0.7611185266767806
-0.36208708469008055
0.5419495895455473
-0.7118584359694986
-0.5741402875658226
0.9704346366080812
0.5295211648788731
-0.17302447451223557
0.3367019985045048
0.9944076730148239
-0.39273250742509
-0.6901404155482673
0.8378552161874846
0.7569955496181198
-0.27823548403820175
0.3127907327826114
-0.36702123244951035
0.26987157225936875
-0.15126669499289846
0.9178085564619782
0.659370077305619
0.5890143939498711
0.05957667975553771
-0.1719196912027008
0.2057003050346402
-0.8518068883105814
-0.880051731328106
-0.45786121291727255
0.5325721739859923
-0.769738927428907
-0.18312440941381825
-0.5183274875665376
0.028335547021207885
0.8711398543819029
-0.5790361800568593
-0.05422321725797197
0.18063302034595674
0.6246317416304978
-0.576019503610484
0.21348273973896492
-0.7654986824774273
-0.11268853767756415
0.8214543057260659
-0.05900030847128268
-0.44534900642499253
-0.4133293986984288
0.9580859832043673
-0.8358254143598227
-0.17648357677088455
-0.20325492004000645
0.29818387170770566
0.30791798162069495
0.9775725062338285
0.5455790308534325
-0.4771408824132768
-0.9847724304791403
0.920607933823077
0.10626333230921281
0.41062178279834005
0.5558727825416636
-0.22590387394159106
-0.8512780699150753
0.9012521806403473
0.6659579638595872
-0.218547326924853
-0.62217369346797
-0.27879270099112197
0.7359717158343431
-0.8685762560582875
0.8542506173711784
0.5644426933932849
0.744823131511825
-0.4784073328717826
-0.4351414901135413
0.6018316553909611
-0.37429326058023626
0.29694188087666284
0.5889412714735054
0.38027137754282836
-0.610978304803943
0.03313237491141696
0.9928096356413598
-0.17542173648230386
-0.6510957069182473
0.5086453927155055
0.020329260872862465
-0.6486012292762515
0.24095208831038661
0.6011505061827833
-0.30904279260572576
0.2074263232599034
0.7894012123657377
0.5210901529451897
0.785158432723098
0.42594206249461153
0.969138244457475
0.10039456896216925
0.0346864220353742
0.8853049978126726
0.3374496625388006
-0.8636418378472925
-0.8420545072907615
-0.9007268790483101
0.7005569152563764
-0.8808468915187462
0.39302149304605627
-0.3271996593715387
-0.2139540782626297
0.9310182362731336
-0.0581974773842302
0.6556879058465119
0.052331224691872125
-0.8067862026953694
-0.31187244013428406
-0.3898268715217059
-0.652551010675184
-0.006033362608901305
-0.444133674407315
-0.4679216920365441
-0.8667948204432758
0.833940521340903
0.6577280959611267
0.5256318298305924
-0.4553613168316062
0.16694761876217035
-0.11073881893891069
-0.032666759900184195
-0.6540081546746177
-0.38797419624641916
0.4201647356237801
-0.235424149004956
0.8661825869355175
-0.9912380617337135
-0.7912723412480445
0.9194104502982794
0.8956406450523517
-0.05794945341517477
-0.4910145729167059
-0.10225362363712076
-0.6003721459734226
0.08995300441746168
-0.7556434002311199
0.7083731427038307
-0.9695748941852642
-0.6468583455952246
-0.5194300584213314
-0.7806951498341672
0.5903371275856504
-0.14239556570233658
0.2355910359822999
-0.07532858685364707
0.555875787379517
0.2686441253430214
-0.5033237882056909
0.29730285717230753
0.32914307050317126
-0.821821491641799
0.47729772201505694
-0.9810617816037837
0.13098072277564987
-0.866780664399857
0.1612228725208582
-0.9793381535178536
-0.6289100775670406
-0.26821347424231323
-0.8551892649107729
0.5628592488592634
0.22640267155569105
-0.0062519180609637015
-0.06624633364399202
0.009044724674284854
-0.9379987373301037
-0.6982564470803763
-0.16352437543100629
-0.4886485716650668
-0.9937487813593069
-0.3148916300297089
0.6585987219540761
-0.3941956155918913
0.2365977246609483
0.6699539988318595
-0.5945108704841475
0.41821216641240655
-0.5383670468536004
-0.8977851758725588
0.9316644551291862
-0.5046973297481334
-0.9374526713957914
0.3265104369632743
0.8880883558262631
-0.1677915517122266
-0.7940083266760205
-0.7544264157363829
-0.02077381860353178
-0.13791154706787134
0.06591651294943635
-0.10696966054628065
0.40832506351052045
0.6384345501530833
-0.22806920164803168
0.09398751861762755
-0.07631230491837182
-0.6956873687050695
-0.2859352864023792
-0.6227590203194158
-0.7358569208017327
0.08774560448870594
-0.2682923370859158
0.8416624060604279
0.4764708776160742
0.34805590152879406
0.8024012978990409
-0.8948710545808576
0.3928480782125452
-0.2917209511514174
0.3547025004684454
-0.8097256953516465
0.406284699450826
0.612690279023278
-0.30864254626087306
0.657093575327309
-0.6758595628602402
-0.6962189417871487
-0.7819656114293394
-0.1103397323545725
0.1250676262315782
0.8951465772223621
0.570848005542947
-0.9123600112513728
-0.7585950309004781
0.5625603163493833
0.29967742978107426
-0.04487658118774984
-0.11680775081646155
0.7566321267681224
-0.864092295312902
-0.2798375600568388
-0.035221119193711736
-0.31703174963811565
-0.03813416516925705
0.2905603784279527
0.053494434573484684
-0.6345623700596346
0.6444763900532531
-0.7281135728633343
0.20916070386345287
-0.06590110370883928
0.668431224771856
-0.6660609186021516
-0.05823637064318987
0.4900202864740426
0.6517012393330492
0.19382660954930175
0.9642299420288547
-0.7041685447486832
-0.2585249203051734
-0.7041817682529661
-0.8639732588063589
-0.12054478498118582
0.053609188264370555
0.22129258536331542
-0.5548403435750728
0.548401592472795
-0.38079513627040895
0.9824581924659164
-0.046932481738821474
0.10596443643445608
-0.5931858448717322
0.14864833174285086
-0.4415941496114435
0.5385171932561736
0.46918156483990825
-0.8390800327665049
0.5955999279011122
-0.10157343201045888
0.5317123733896203
0.19974869848021792
-0.4448041004158889
0.5264853815005504
-0.3206154239656538
-0.8999983021885944
0.14915320775721086
0.09253195508695122
-0.8266251993333247
-0.6886387465365464
0.2296548989230176
-0.8200490099349234
0.022360378768293554
-0.45530320409744984
0.5892237716770186
-0.008859459919300594
-0.4241003745961909
-0.4415654891035776
-0.46095348460311003
0.4243773021179815
-0.2384721612252576
0.755585438623229
0.9730611036802135
0.8520500524417027
-0.31042515875596854
0.1055906584730455
0.9181450657835357
-0.8587856136646284
0.72032013185849
0.34374477846695317
0.7824535327734281
0.8528880850593121
-0.6609593783708987
0.14281670397763646
0.06254950022340466
-0.8772677648215543
0.28446809206613666
-0.2896911784565497
0.5681683525856971
-0.7284953470596298
-0.9989863813878765
-0.17749336709582741
0.2573063345979163
-0.1775497337014369
0.4053319755227578
-0.32434707643817084
-0.07444422522137173
-0.27166925149804655
-0.8111658502028896
-0.42637097667042756
0.21421501726139058
0.7317235796577091
-0.1634878774726407
-0.04527337014072841
-0.6746583951919098
0.5780441476094538
-0.7603948870335766
0.5891662953879175
0.1701489909547591
-0.9772471358909138
-0.14978704018636102
0.26584531670259026
0.08126746693879427
-0.8069253174831668
0.30672109924866153
0.6100059627424217
-0.7496370451276702
0.9383048942906675
0.8524172905664429
-0.22759614163502984
0.32587174851460365
-0.5268313414439396
-0.8819468314043741
0.018095551927222342
0.6377609854264996
0.596668648706083
-0.7791908543480863
0.33576913650967266
-0.34313524795502337
0.7753924975227486
-0.38144896148698026
0.6027923619395854
-0.7141755586499319
0.859087730813233
0.04293275173750133
-0.6915611983534828
0.16063166648675464
-0.7342368033572719
-0.3497117691876952
-0.6595900195654221
0.02948622417626967
-0.5017130560046352
-0.27156898884344893
0.019687677454697683
0.9595271592474832
0.26777178337524976
-0.10061581775238881
-0.1286562869790313
-0.7073614750816279
0.5180900839031302
-0.13595340250796162
0.37258482914959923
0.2807462355166823
0.37112615263860316
0.6812053174006041
-0.9804543555758893
0.7081602175562853
0.1664951696397683
0.7467644203154435
0.8549364353303728
-0.425447985644432
0.6943897160969994
0.20566527596438045
-0.9396090629301037
-0.7371379368970845
0.63726700753746
-0.4165809853044107
0.6421991683740926
-0.3065732919338853
-0.8278507191619704
0.6622118450292236
-0.3049766608558073
0.10591144657099738
-0.9226568402245658
0.2881851954892627
-0.9560020686784483
0.7484374449198192
0.8974238528119076
-0.3531080912113138
0.013239750721981691
0.6237947656768317
0.01923913469058336
0.9689333090767649
-0.5092402210539726
-0.006678735327773966
0.6245698464457736
0.1673659708741171
0.4654866205541446
0.47204144522956515
0.8963029029666161
0.47162198965839197
-0.8976211784394625
0.13940088927084293
0.11377291523692845
0.9305585396178886
0.0395352809043481
0.05432128324329666
-0.24894144605211532
0.3411777527401223
-0.593336354750337
-0.43658834839735494
0.6697320273092726
-0.6027627813787455
-0.09905470181073128
-0.3130736214936771
0.7785290175241084
0.2831965314422309
-0.9396794243369122
0.14372588717954682
0.7492897915693921
-0.8669114763329724
0.3188929635967612
-0.048087680069135
-0.4536852556643316
-0.012335310154387047
-0.39704147670955314
-0.0490642981224112
0.17982007613407025
-0.9470754257695728
0.8542575230593283
0.3840116465336372
0.4911365460096322
0.18101636129856935
-0.00010843616936573319
0.17030255099901925
-0.319213503895486
0.43177230635450115
0.7519667662120644
-0.8569028046978551
-0.07473311198524568
0.2949856905624615
0.04001182051247021
-0.9545502206737315
0.9158360576781848
0.6670398863693805
0.989834501634943
0.8819364595811992
-0.6618270820544676
0.42578594780271506
0.2571521478801895
-0.9252812023018444
0.991164683812551
-0.06945244988099097
0.34932492901508305
0.43321171203695163
0.3987067366034973
-0.8416140772888221
-0.41343306636107213
-0.6132618455243786
-0.4000868503890762
0.48826002150926784
0.663959794212861
0.6671836727504916
-0.8634138695128184
0.04615784929235445
-0.9363677915765234
0.4291905118534207
-0.4464589591290129
-0.09256781695622163
-0.7056517848521031
-0.7773020808404107
-0.49973822354536246
-0.5980918789343457
-0.060451590048825166
-0.3938953345651457
-0.753763196719996
0.45038179498383046
-0.5151412460590448
-0.14220280745361924
-0.009175344538320473
-0.6096458788466934
-0.5378053423320064
-0.7851881288155236
0.7301590543921657
0.49788653317126186
0.3533668011619209
0.9549064967959764
-0.31668111882165806
-0.12363123155595757
-0.13818691969856367
-0.8331098728016157
0.6738884543432473
0.1526492783130149
0.06261400202701539
0.3381908849391677
0.8122773270624262
0.015246484632381208
-0.30814211003919034
-0.06837543715039773
0.7774403391897471
0.11255323200401701
0.2968708774337667
-0.4475445218645797
-0.24818925831103655
-0.36407602059789523
-0.6226521704180854
-0.6904029052839202
0.3865243039841375
-0.561522050392868
0.5119828280081846
-0.07211783589056497
0.9385975193253828
0.3434914328134939
-0.24860390805210542
0.13648164418409348
-0.6784820200844455
0.3737907378519163
0.049583144042254945
-0.8598558991293364
-0.5353126510883177
-0.26465946087913794
-0.9478372378559696
-0.6247589303359389
-0.9920383443861731
0.5075179461452204
-0.5218867103572729
0.48449655595066243
0.8791322885880515
0.18873902055241953
0.4261607416022486
-0.9208653489909169
0.8723771024670179
0.7779557712185261
-0.34595301655132227
-0.31253677547965464
0.6496553953124891
-0.7883302634492684
-0.7219392442840271
0.800699575708018
0.7529000141846625
0.6540376111633537
-0.8567866243000508
-0.5839603468282086
-0.53306343048208
-0.2548982579544752
-0.4470841906901941
0.583427336355379
-0.8976710676385888
0.5997493083330483
-0.7670943295572676
0.5073061608136771
-0.5491135181728852
-0.5652859200921885
0.6497465298452352
-0.403929751166612
-0.6416613820921311
-0.48989060240635673
-0.7851812357774486
0.37211476083941
-0.5645917858027765
0.7909145093759868
0.08884350098639615
0.01924414100333638
0.43440359669449236
-0.816081279265056
0.9442692795580994
0.02290066267580171
0.3254879161773161
0.9710414863887331
0.23103205965273288
-0.13160701413955644
-0.29348410064189046
0.28021512012656835
0.4075057961316959
0.4335602066778159
-0.7023356223353443
-0.24937967458940413
0.0642776566811829
-0.2121397966712213
-0.07761442858537282
-0.14329032934548858
0.7132279728385684
0.05693684050833503
-0.9327922490797198
0.6135412076573599
-0.7736891619538804
0.7047227474631155
0.39748664034651005
0.04254198437626777
0.714516606962807
0.7654144808189705
0.06730305257300695
-0.21026239917773637
-0.6915595971819959
-0.5461646311323811
0.16758328525965172