0.9334195771647751
-0.8646448689550266
0.7132975490874756
0.9956430793268252
-0.16525460620743226
-0.6247085075561145
-0.7856951538140657
-0.29241145172154437
-0.8250516679583719
-0.03172127405654135
0.3669497090629712
0.577316682834438
-0.7878400940624171
-0.3207695168298206
-0.9687611792131814
-0.20108179478108923
0.2732731413715195
0.6912860959149083
-0.14723997071288486
-0.20854766607501118
-0.11537792440056194
0.6985461887987054
-0.6237810057761106
-0.8419039533567867
0.8095931213138141
-0.6574938230695779
0.03937700806076805
-0.538926826614095
0.2894763109084022
-0.01677056598028992
0.9426390462329441
0.6997231365278582
-0.9588674995906312
-0.181917037082848
-0.7863638185271875
0.7530190991987535
0.9968357890945583
-0.1538030281969609
-0.9636657172450267
-0.6629421899999361
0.11102176538377795
0.6890108498762249
-0.7378312960757389
-0.054972714600614925
-0.8452766573126018
0.8905180529219183
0.6402975328645433
-0.28219483518912414
-0.09559709602125754
0.7318126069765456
-0.12984644428691205
-0.21278042659359087
-0.2553269017922186
0.5426188461886354
0.19265062562352298
-0.4338785768592883
-0.15693733803829768
0.20185147264842795
-0.32025870855200744
0.8739326975411843
-0.7012200648004847
0.027165582570327418
0.8481723131854522
-0.6330110954510297
0.5524550364912351
0.43055157435199143
0.9688671123323871
-0.9282321204935045
-0.657679978301611
0.8790623551990695
-0.9178219019013949
0.5272461930381473
0.421884660935131
-0.3003861683832507
0.08351574173658616
0.8172462326100223
0.050735236471632694
0.8468699416199692
0.6707668900405008
-0.2816146407275475
0.8481905920165127
-0.4270914975839395
-0.6941945107387808
-0.46443373130016297
0.9904376438610307
-0.9645127376369484
-0.2086136831316412
-0.5981842885138724
-0.048688709030566324
-0.46166076675256185
0.7798321472258789
-0.5934443772267
0.10948446933819378
0.5922031620657042
0.08299985834846724
0.18207121779127866
-0.9875847244859386
-0.9735095385983215
0.37882272971690223
-0.62675678882015
-0.000294816578820134
0.20500631544900116
0.7401826391815036
0.09967330635908866
-0.4511631063071393
-0.5571791925889582
0.03405045071283497
-0.5581075462359637
-0.14010192139815314
-0.026490126764308064
0.6144739083856219
-0.5269971377736349
0.9620674463990377
0.7063785938201952
0.2865552978263446
0.08124908355518068
0.3557564349945266
0.1350853199361306
-0.6466083635047988
0.8177441538313883
0.4951117460520822
0.8223835575574834
-0.16815316199028474
-0.6750532792423642
0.7973047223819272
-0.7502880395545055
-0.9355799276919261
0.7958688162713832
0.20458028451829335
0.7805899571105896
0.42377030655308734
-0.6929069359686935
-0.7926544106473121
-0.6032483774216018
-0.7408934352912915
-0.5325241516606909
-0.44992280873391444
0.4269485320672939
0.9587319854461627
0.4880210088669106
0.3210761273473357
0.2672238645513585
0.3841080660176912
-0.5609482468976856
-0.9129046248684496
-0.7549683848626909
-0.36195502511943856
-0.7237703499902692
-0.893233740058369
0.7538828301693892
-0.8736288036131044
0.45515615420355937
-0.9168136696892037
-0.0063894305348055624
-0.4880087505903188
-0.3060601818022253
0.850172965070142
0.3947508580559349
0.323508526718298
-0.5237800647278492
-0.7655383504495032
0.026943502280620146
0.9095037075688603
0.11678511747751386
0.3514932312338299
0.8770501384971194
-0.23301982676647803
0.5121263315659432
-0.17969014556684781
0.314554285497183
0.884828783157178
-0.11619302288179689
-0.3160310340362793
0.4332641795819894
-0.554459825821386
0.9485826203974526
0.9555151846132359
-0.04616842550167277
0.5201023761455772
0.01815494394287076
0.5638408065419358
-0.5462563084270637
0.5579151254721313
0.4683831647789092
-0.9924859936898802
0.7287589749849581
0.5926274767159703
-0.6857786489450197
-0.43630669114576626
-0.36229661985774864
-0.6323218032118976
-0.3188073444391377
0.9964270284029415
-0.389226112037492
-0.1715452574646934
0.39776997559446925
0.9144836082791454
0.8201600658290382
0.6367031707657311
-0.7097091068870709
0.073887549179666
0.24116037861415074
-0.13494241564525167
-0.4146384931075713
0.5970813929858727
0.989917995723534
0.4539038199739662
-0.10437723493836892
-0.5152464242436032
0.611497355510785
-0.14050427845631774
0.9313084144319437
-0.24456697345032619
0.6292865088357382
-0.7920062939620673
-0.5709992435947056
-0.41259068454847636
0.18542269905591846
0.7911964291057849
0.7791008289831323
-0.7137143593797586
0.0639015651387389
-0.13829957231294165
0.9546550181781597
-0.9497980780313879
-0.944138139139892
0.6525234004015954
-0.41471932857237426
-0.6634569166925393
-0.5412350252488984
-0.3106553116802939
0.02964345041430594
0.6620601204003898
-0.8744043009534861
0.238664246105581
-0.43137108389430745
0.323312342505363
0.424006484161521
-0.2735403742324476
0.38093010110010095
-0.7772424704542764
0.8169863480744284
-0.6427284796695112
0.9281949257202498
0.10029313302133613
0.6097400733893732
0.9717889839990344
0.9301495261100485
-0.1790521986503022
-0.54954285993013
-0.5012339531761805
-0.9612555536970564
-0.13739340520829213
-0.15775328203431105
-0.2319504592757169
0.1879186493802938
-0.9103522662256345
0.2727618985314073
0.5511017999064731
-0.9912954137087906
0.1714507723633989
0.16349080185581988
0.33292994766134365
0.43304104488095696
-0.528620364074142
-0.9665906033906932
0.5598137362788413
0.5023104731449413
0.2545380326423974
0.00902959433725048
-0.5909386296818522
0.08148201232992358
-0.46497770425355167
-0.9466286599479994
0.6867252588968829
-0.0987446105991514
-0.44789373757836803
0.6301889012856441
-0.3814026684951064
0.11867468097624156
0.8994609443960861
-0.8743544746690282
-0.10723661956108455
0.40013346745504785
0.8046218412242421
-0.9588851837515304
0.2353054249952342
-0.8535392672667719
0.9695711107067404
-0.744817532691187
0.7737180942668225
0.059103477965437135
-0.9591035712953375
-0.7703602076942972
-0.2589784089482585
-0.8370164796987687
-0.3258954897044497
-0.1388234829338919
0.83895915483518
-0.4664438134562712
0.42707576335181274
-0.6627671000974484
-0.6480383235854894
-0.7036630999923472
0.8406029011524339
0.21717664748200138
-0.2665970909544917
0.4257182088336824
-0.921740375402287
-0.5825771798446817
0.02944269449095316
0.5030055492402001
0.9353675729670106
-0.5816414655237092
-0.9946793466376218
0.16177092495145606
0.09268238843798993
-0.6787143902061621
0.8867704786030823
-0.6465791608735443
-0.7643586012901507
-0.41567282162794794
0.07956558598699526
-0.9506720758113347
-0.7410531411464922
0.5836131221496592
-0.18649816628953197
0.09762066854264839
-0.6799070873936173
0.8268079857240347
0.5785346977698247
-0.6244898143695494
0.5392895228539041
0.3419655812311395
0.13508245727935808
-0.6186547248883922
-0.11597862565174477
-0.8116747807986204
-0.29111105737372944
-0.1265303821759931
0.04349515069655108
-0.8967169919889297
-0.9257472226838472
-0.788109156946545
-0.0749073099897628
-0.9895951817667659
0.11051657232772172
0.2905498991313409
0.12921285129105775
-0.0782966287648077
-0.7098562985551777
-0.2687263672001199
0.3312238181731433
0.6231208105554831
0.2907990457347065
0.7112565842983927
-0.059305036043316495
-0.5357992383995469
-0.3777062793020698
-0.35772898838984624
0.839002189955419
-0.9304072129724521
0.9984936236839799
0.7141220131738124
0.31639397439800265
-0.9655397733784732
-0.531171850978331
0.9123380595483173
0.7275020041294122
0.8257994999966087
0.11864910756592062
-0.49668171250921134
-0.9705016217614324
-0.4515151502256849
-0.354347732285365
0.41120674753083053
-0.5107399974933013
0.32197045211757747
0.551509162982911
0.5662983679155003
-0.5209845565453544
-0.41272641533634835
0.7934596241645715
-0.9752957314226323
-0.23564083958047166
0.3437455192342336
-0.02029644020467103
0.24719149452900124
-0.7358490084666875
0.9602552593423745
0.3345622895123104
0.009818626180673418
-0.27535577625210617
0.9721556136429885
0.841178091263971
-0.9916510290796225
-0.4383239770701213
0.677506198378522
0.252342512144202
-0.7107134155380033
0.06188414669065612
0.47066693432274276
0.8231507601501387
0.04265539233513227
-0.8835721416633184
-0.8051685206808934
-0.8749548872343667
-0.19604613109310898
-0.06768852253860658
0.6848878014511837
0.8060441115291288
-0.620415725568985
0.24177686017176758
-0.5687308243300229
0.5896419569189573
-0.6361977724043764
-0.3146837999565102
0.14575346220043417
-0.3241603196590084
-0.6261389691241248
0.4371186697498102
0.41632740965442494
0.7721110867465846
-0.19480504836165258
0.028477568446829027
0.9550681800366654
0.7359264569175064
-0.6393720436060197
0.9993517747016687
0.8463066267926904
-0.4110074959381289
-0.23031338046804972
-0.7920007959483879
-0.2647986066122321
-0.641790949907947
0.7397840045852115
0.22588562473695606
0.35809429640298274
-0.18863048446758457
-0.6958391374622102
-0.3234964119365853
-0.027088629581224044
0.8430431573150035
0.9239214304694527
-0.06295339383027954
0.022846379717250676
0.05575251996647679
-0.8176966934236383
-0.7944382150400964
0.29980899372334724
-0.8262165141388225
-0.9997012009976556
-0.23509724816701816
0.403924666599903
0.5584696216284197
-0.8938483310700704
0.4445557995670557
-0.11407925285296239
0.17266254433038442
0.030915421642589758
-0.6642620633081986
-0.15467145964990392
-0.8375445686162757
0.24465083958538925
0.6473698295580776
-0.07062805236396552
-0.25240626670955546
-0.047533415482573504
0.9715334414338035
0.5512587433409324
-0.027220099501649386
-0.4309810176142326
0.11229835430446777
0.024595497753658435
0.961501774899882
0.7824508061973987
0.3156627907295624
-0.7602814573862033
-0.8445945704059334
0.920375660439946
-0.7660983277839513
0.8405046494222757
-0.3493128480555019
-0.5887333787311309
-0.794170832131391
0.41070059260034886
-0.174247628404548
0.7438279651531243
0.8202995313539756
-0.6672300534536835
-0.611950482155903
0.3620490878098883
-0.7505953524378579
0.23178195986331396
-0.6708016854989036
0.3850758667758847
-0.8039864775647338
0.042482722412935825
-0.2704546811427111
0.26103663221406914
-0.6808599996292224
-0.2785180841772461
-0.707768678620009
0.1540850951642827
0.5515311942967787
-0.6064000139539534
0.008839892744788136
0.7139752736975402
-0.15935252597334326
0.8546831042192395
0.11872309698263428
0.8162519923821172
0.5778242921304748
-0.3176947583180443
0.02794464571040378
-0.7907038597890597
0.6999233842213366
0.26997527242824093
-0.3396317647609246
0.36588102714549664
0.060545338297521845
-0.573045667392887
0.1309646139918077
-0.5247108437450179
-0.21864630197917334
-0.2576476663351088
0.15686829451640616
0.7949313925096828
-0.4274423162566314
-0.13626267952534032
-0.0933921136205429
0.476349445104715
-0.3116897658253739
-0.7143222273592651
0.5767893833565678
-0.9571275000593193
-0.9146760341751032
-0.17929915337400293
-0.7999076620064323
0.7505165752461787
-0.6966503632718215
-0.010247293516400413
0.5149481902647126
-0.8802091436356423
-0.009695366743866618
-0.1068173266018464
-0.699739450378529
-0.8573647315927182
0.4015140790060536
0.7213767554004171
-0.8029644442621444
-0.9804055738835828
-0.16289166573731206
-0.8661044572085046
0.2594358886719792
0.38707795664317746
-0.41141063311958925
0.6298601319591652
-0.4883440252903881
-0.4262420240984206
-0.031093976708020055
0.9092829605680304
0.8851901914495055
0.6808214159384585
0.2052418441935273
0.602734415071198
0.8456419187562723
-0.3373980557988343
-0.060086676251480675
0.13239695492736936
0.7811457611066714
-0.3320509941604093
0.6078798042317535
-0.598716588591327
-0.31890539037874444
-0.8298292691988198
0.015873015528419687
0.3852924795606085
-0.595248845170298
0.4730252356760163
-0.02145750556378423
0.33711347395066515
0.9672196083655153
0.35252537776765647
0.742706204612239
-0.8191739004893572
0.9948371592586744
-0.5315339839775872
-0.29052282413866415
0.9958585811962679
-0.6999666623372442
-0.18255070850390331
0.7042245444617488
-0.40434902711593756
0.6615971398824663
0.4980124461421045
-0.1427989658828679
0.9514419574900197
0.8225730668109512
0.09779340971541295
-0.16860407700567692
-0.4021745623821369
0.2752623570248778
-0.19569496639180528
0.9112367601777753
-0.864240158814997
0.9970488430008255
-0.9724582185631636
-0.7694077076455363
0.888044435592116
-0.916225532184572
0.3997383039830733
-0.993100823632008
-0.6815022418778092
0.1377862228209754
0.25369286698253446
0.7112536655371822
-0.10910734643022724
-0.3325009418273528
0.883913660656823
-0.7720349699346081
-0.6354677953080008
0.29795416042968936
0.013352543444987486
0.605531398642025
0.5859177040570491
0.629873546888303
0.7994898634081193
0.1666299924357637
-0.21444778783173768
-0.4944681023428854
-0.5292075631613711
0.17239179783584846
0.3137532398208094
0.6779978142319987
0.4805539854547556
0.25707705499008493
0.03836135533319318
0.34235366102035325
0.7494241225466858
-0.5852641251545196
-0.019439209933764134
0.7652809276085064
0.37609479780721533
-0.7333035311829301
0.07560504443675953
-0.2529685727586508
0.30614462713487667
0.572598021648064
-0.07748638031013
-0.5021700509146669
0.7821352588900623
0.8342790860029707
0.4846522662009667
-0.616289790513781
-0.675344805909956
0.2837503434119135
0.38654076086812617
-0.7800080987432629
0.2810548153400898
0.5704862400844508
-0.7988439325553671
0.8686239839850987
-0.6162693402883852
-0.1689524853673645
-0.639997256872205
-0.29869840137108095
0.1974916891863654
0.9260778391163504
0.8285024014036826
-0.15952390054555043
0.0905766278811353
0.5021130209188767
0.9796343839131021
0.8151595367699387
-0.8457684647550117
-0.9202062113750757
-0.19242148594551267
0.24392852725886938
0.12667552286243833
0.04764120610930056
0.11818169340661577
0.43958607927235627
0.3956276528838456
0.4695281402356317
-0.09077213322552025
0.8603381305502003
-0.8582430027439512
0.25747991999316744
0.8867141487604444
0.7929874764772662
-0.16437542532677596
0.7669483731404885
-0.1759080860389921
0.5223310369896654
-0.7316347622240926
-0.6390471588725934
0.196421583737308
-0.34119556651425453
-0.5606627965124271
-0.7792339488999755
-0.38282344291996306
0.5845825604259265
0.4536399688273969
-0.8332579158053872
-0.3252896422792726
0.9179691149086915
0.2276372166608136
0.42217350985660906
-0.6162883377729813
0.43724756557832056
0.41112771824531147
0.9574590716641629
-0.8515794811082993
-0.7462490668921449
-0.44681367603773636
-0.3482744778344826
-0.8513450239911362
-0.7853319888002692
0.6191530452964744
0.199671191244446
-0.5248206593824924
-0.8558727367440055
0.3539281788988151
0.4897206498259885
-0.535822263249681
0.12939212493036822
0.833617720557714
-0.2974539006704122
-0.35430388666232493
0.36210519509730843
-0.7401227173666702
-0.15308830536332363
0.6080597415611761
0.5972168937926592
0.32844256454661536
-0.009420663158753895
-0.07760387110963696
0.30472278185505086
-0.40038011089255554
0.9418093103245317
0.8161704674311216
-0.37267228104069794
0.37035317089453335
0.6221506025129291
0.10180639452844908
0.411882351153277
0.5856995442282695
0.741865432842912
0.431849278101462
0.39520746101376236
-0.5177652339298413
-0.5619371148656331
-0.617692943629575
-0.9453414645252274
0.24345300087786148
-0.24996692168929546
0.3242507456256707
-0.939706668157432
0.6110869213391639
-0.7263605432543017
-0.16667231511755043
0.08874897969194961
0.013931746541557155
0.12742657297183912
0.1452592066490932
-0.608147589332326
-0.08934474280017546
-0.12004294096776058
-0.6651641881579715
-0.5348029679365027
-0.3556164256116412
-0.47363133392842593
-0.9320807045270145
0.039987768854592876
0.7382034064280913
-0.4342242518710875
0.09162814809114828
0.7913554302384183
0.697255813496902
-0.29193137573600536
-0.32600547390726886
-0.7142999022757792
-0.06408481353473872
-0.48092502722346
0.8427167477903514
0.38875576738085105
0.9968210195103184
0.450278074405978
0.25280413418160474
-0.20276412098959096
-0.18086031675211278
0.7010099405424262
0.25357044528496697
-0.29982757395509907
-0.45261349814772367
0.007238286041393094
0.11517411031798486
-0.45799870987540436
-0.6428777036458209
-0.5701733522884791
0.007905809325728264
-0.6196496591922118
0.6909666826469711
-0.6015475508646184
-0.06344456425184664
0.517042191830773
0.5272370473612322
0.9560664438801034
0.22799953773545556
-0.30549905193770144
0.5659249857762345
-0.15922195087221014
-0.4186867045176448
0.34258396193754126
-0.7927915463095838
-0.06797521208343094
-0.7365177934443594
0.6349948395229303
0.6272572139221599
0.30535612617111196
0.2411325070884478
0.8633147480690508
0.773458199288839
0.2837461341839487
0.6170535728097095
-0.9206225537822961
-0.7996620174629685
0.15437591283408492
0.8086755394237326
0.9336546742654748
0.7143466670235894
0.2408096653152758
-0.5036059250850127
0.8705397017111483
-0.8849081152092337
-0.1516079348606605
-0.04518970997771454
-0.3605055349828028
0.1909788115568516
-0.9022066994758426
0.18529036184357373
-0.7764640327952295
0.35698177159173605
-0.11219251582507672
-0.09272612373743483
-0.8952431557731491
0.8923142846190588
0.4776863893376908
-0.6108824172885816
-0.29945638441853784
0.5206734616433357
-0.3128569256133724
-0.7475177727196365
-0.049499455677340265
-0.8349911985703091
-0.19615930077111243
-0.5771664995842394
0.5989356561452692
-0.9774361698884582
0.5439594981684561
-0.41707032577083436
0.9500586188108806
-0.2813856641986765
0.9335865709822233
0.36153046993340543
-0.8563431666538672
-0.2112859545840764
0.02518668627189702
-0.2057528336114509
-0.39836428455793405
0.011712260490535531
-0.02654639447520135
0.8633854999316091
0.26499477749144784
-0.4880390272269277
-0.880369454058646
-0.6627537943258623
-0.3705560899079321
0.5622670437172785
0.7940046375245586
0.8323941782853839
0.7944409046008025
0.21695594128597784
0.23189966841462728
0.7049869544073406
-0.14465844299882757
-0.910190727746216
0.4171746255996549
-0.7180063183357359
0.9590781638770518
-0.47001743053997935
0.23394821558076728
0.2477320162595673
0.10467260667825151
0.14472532265547167
0.9286006649018959
-0.2440990459651362
0.8721624432242254
0.3199503486364117
-0.49538973523677665
-0.6208243159372477
0.5861301671772583
0.4603557235872624
0.8295859778813999
0.02526966183447965
0.1682319457144097
-0.025634031837152182
0.31761541659691717
0.4257690308762687
0.4200478656022302
0.22969343832979194
0.26427700443671687
0.5240179841815231
0.3610252066811255
-0.4059772420107106
0.7422147512401989
0.810699199463409
0.7979014987539872
-0.021738882165255102
-0.1519464932320611
-0.8218516996676755
-0.5192068169222348
-0.9944717474280764
-0.4047799604157565
0.20080712312595117
-0.44558922988171745
-0.9219438918252767
-0.24174094215936415
-0.8150264864826025
0.5045063536952743
-0.5843340941856776
-0.7195300210206648
-0.29315584846422293
0.5004931606510858
-0.9503667302953838
-0.6593612826903665
-0.829435284732613
-0.638305232058543
-0.0794379717849596
-0.21279573976335509
-0.20869908488292066
-0.9473678090416537
0.060730058686090826
-0.40258803816683764
0.802965341923197
0.08720279947634446
0.3956793262059224
-0.5519849879007259
0.7038525545592331
0.6953857487665724
0.8067273915176689
-0.12897188161718076
0.22634628292360204
0.9372208702377907
0.4524209037153064
-0.1753676991250661
-0.9910933389128316
-0.735608854244842
0.9242106539275179
-0.5750717782684858
-0.7409572161738716
0.03907830765039488
0.013371950689028633
-0.6347036788245073
0.7478384233554549
0.12351051421188197
0.8988541099464504
-0.13197784073004626
0.614156842316308
-0.8433864668285387
-0.5172162768720536
-0.009856392528568847
0.6663074418489225
-0.7215268294067638
-0.09812181221737681
-0.011879042254548056
-0.42493760345152554
-0.8728854600080489
0.41788280153431323
0.591817395477868
0.9466699914523993
0.35254724743679433
0.21615289766516144
-0.5152767575738724
-0.5807418280094685
-0.4997365538602072
0.7208208203114828
-0.9836065340455991
0.062066766176926524
-0.6195298001396019
0.8649955992373566
-0.6247373961932163
0.3427088834893559
0.463113585139187
-0.11794846175859597
0.12273956330710889
-0.9661290828556071
0.2904454398595113
-0.26347340871445324
0.028137056427690377
0.3872883284222226
-0.901450682746729
0.15736031424056707
-0.7031200829352398
0.2684518480441913
-0.45952761589557434
-0.309063820298622
0.035970583464433714
0.5520112269748567
-0.29117673679685296
-0.39660847439428526
-0.43760234345508287
-0.48769523682872884
-0.6360439897273154
0.5182921079973919
-0.3949511125697629
0.7032718707327654
0.2521526894653465
0.2361019238351656
-0.6432268676218673
0.9061695983691747
0.026691932308626543
-0.8929994958261325
0.7288580236846296
0.2909081637926696