0.9271052524848189
0.5206114454593511
-0.3092529091291003
-0.6466521501831755
-0.04410802631188271
-0.872324357086363
0.5341799353600167
0.14234114408263454
0.8155894748262922
0.4677651583491669
0.9604941182026239
-0.34780029130151324
0.24798668319752437
-0.08609172701279588
-0.404606623411482
0.8278685641563093
0.5515420916583396
-0.9916931692002484
0.7622901365565717
-0.11960073474339628
-0.617321033955333
-0.4492662982531972
0.9613646998592944
0.4711155387060313
0.8215560006548566
-0.3764030164366978
-0.08248248028454386
0.47213049718469335
0.3693722222156144
-0.3182650179492619
0.5063426749666244
-0.06538853220349061
0.01074337786466728
0.244008228981468
-0.8235612803841046
0.5194499646338422
-0.9028097175310641
-0.25650107664239563
0.5811040416122148
0.6420455150486177
0.05826638073456314
-0.8482997748070769
0.2842245635839846
-0.45810722910031254
0.6185784574801645
0.18243731978947464
-0.20590952220734948
-0.9356118319202074
0.4146634401961262
0.22222203321569145
-0.1576779132582682
-0.8009962486933184
0.6801432296948964
0.07549726917665889
-0.41257972157527356
0.19838938174771226
-0.09748115247874489
-0.11834834028411367
-0.5706158759319626
-0.5096674881585639
-0.16350845966803296
0.7732956385853373
-0.6375818015721895
-0.47001592166479544
-0.7005011350443429
-0.07731594898287542
-0.1885860225037228
0.6435803300692167
0.2678989814944135
0.4841354095010084
0.6259781862396032
-0.09577294474054088
-0.4062133711485072
0.29422143975437787
0.15396833632427498
0.9422531859456715
-0.3313448684494733
-0.7779274228954354
0.22568461636813453
-0.534245052472794
0.9349609920218711
0.09553587895760174
-0.5402921230458302
-0.4036954776411401
-0.6766743010230951
-0.32696948351226984
-0.8871689208654587
-0.8931896254831531
-0.18607466545507068
-0.9636611843530596
-0.37790735812020015
0.09308528113305758
-0.20251219343250337
0.953527712622116
-0.7986839959658638
0.7948930043265063
0.8670143421263714
-0.6935328182477825
-0.293317905891306
0.6814052069811627
-0.9387527445260198
-0.8214733152875355
0.14744829972833706
-0.3706296260794464
-0.6376583583160895
0.9863219915066508
0.2921587495504463
-0.9879400189837826
0.8445220395148632
-0.7450661575465052
0.12626805422713816
0.5577559302407802
0.8983175927802802
0.25339111002498327
-0.5019546734875306
0.5269374262162347
0.3753679143609252
0.4400787098941388
0.36125586316022473
-0.3318215016901125
0.6640346961332906
-0.7806222466852129
0.1887792679651077
0.9513573244377453
-0.21319315762137037
-0.47545573505046534
-0.21921681622420097
-0.08184882219983436
-0.6587272576298306
0.4949469202344068
0.9803870791234397
0.10846549694046703
-0.5113171496333877
0.2214673787010435
0.18653022674823427
0.18164351432062187
0.9271984537923528
-0.40887114151132464
-0.9264871251104132
-0.6432397911497763
-0.3535599683157522
-0.9586943871204734
0.9447998561950623
0.8199273613163662
-0.9378737838238342
-0.7579781241935397
-0.23561843175703956
-0.23996647771180912
0.3135390698522449
0.43783955397827
-0.6864938332619863
0.30718624768071123
0.00040405836144175034
0.0005267173213070464
-0.23522805745373354
0.8214403224738562
0.20821561569729097
0.050707180313193545
0.37389004084584565
-0.893021697392008
0.8494100886381553
0.558157873332275
0.510754095990203
-0.788929087664243
-0.09660653934898278
0.18176788847038705
-0.9548440841451507
0.3862192107161624
0.27553632695434405
0.6290834369705722
0.5914520996771124
-0.857068286066536
0.56569086757926
0.23451055653314024
-0.8206015882816795
-0.9602846607100481
-0.7051994246417812
0.169193398681019
0.09248485314632804
-0.4460077280688912
0.5114472448556215
0.5449352047736822
0.5184207947657336
-0.9775631509032441
0.06325333790141796
-0.31587082471782346
0.3518397825179025
-0.09272236475425877
0.6920562296425536
-0.7312167311497997
-0.07364097491657517
-0.10495190979376856
-0.7030687997236078
0.3705191462975914
-0.6623465529408554
-0.5694615879118756
-0.7911290197318857
0.99559906922643
-0.9582702103038179
-0.16311821879800426
0.34842016778679397
0.43202773346427525
-0.27319497237762524
-0.4534357353243925
0.5069596149401392
-0.2967100809608567
-0.7940873620215168
0.21465359716584875
0.6693444772323216
-0.03917919051894536
0.751122643633505
-0.2578133723028142
-0.19420241204804833
-0.3266700459863521
0.9342420907113758
0.2422991049282197
-0.22055853320363772
-0.9524655426464397
-0.7379232611550739
-0.7629143403853409
-0.5939723233244218
0.4859712356964252
-0.8511928289413129
0.40048457106101987
-0.9133313816433586
-0.7618271249373978
-0.34160942039633535
-0.8658455501558104
0.19199845073675714
-0.9988464159793646
0.7086606951172376
0.5081955045861251
0.9292784400496228
-0.8919321925125892
0.7529740863854049
-0.9121076798509624
-0.5557184727161502
-0.6430819142677828
0.38210923952104126
-0.4475950823604298
0.30011151197271624
-0.780372947203875
-0.7983772764373054
-0.10536988193811236
0.7409557933155169
-0.006795596681753002
-0.12243439248976506
-0.9679423328248271
0.6438192456796099
-0.7459320863340424
0.3273377717198067
0.8196896299262926
-0.4725505070334184
-0.9881235527494894
-0.7509273788854833
-0.9603511895422008
0.6503516918739101
-0.7926954118709151
-0.15508021420106943
0.2725213249592364
-0.20820450803550328
-0.3969049350791276
0.3946868184934762
-0.3060069700168695
-0.5859330297755736
0.09688592965129428
0.36748311694870317
-0.8565059342471264
-0.5965297383357344
-0.5359539751911027
-0.969679554093398
0.8417823541616443
-0.1036782076629974
0.8800527697837535
0.6532087848209855
0.5841079679795032
0.40411736991116465
-0.7383876504689859
0.2917352407778584
0.9398369147664545
0.8914616276790603
0.17120862717076824
0.5889832942015942
0.17613373068121252
-0.31588694827906205
0.31609754048043315
0.3524970705728103
-0.5840466351046261
-0.20691871960618857
-0.4376102640666564
-0.4966577697279688
-0.36469731392969984
-0.4301309919655618
0.39469926766664387
0.3238848862544348
-0.9100017103702436
-0.15992974072691468
-0.7695231748967528
-0.5003366122599455
0.6888000209134586
0.9719053771078974
-0.001500617367521384
-0.016487419941682013
-0.20408852294933255
0.3301017321360007
0.4508808277341636
-0.12995821301934485
-0.42660599784646047
0.4264961947598451
-0.3615575591199047
0.9079191544585337
-0.3023092305505968
0.08743608560735505
0.5860293487232981
-0.037012523489788896
0.764362384213154
0.4821727006847045
-0.9883100709684041
0.38908740908080985
0.8161329769322596
-0.7829047424352003
-0.5751551324736432
0.6315129881699992
0.4822999131174812
0.7097525967970306
-0.5349570775874117
0.8172695847036615
-0.40585644171412993
0.549138813419918
-0.6759661029251212
-0.4801602762456427
0.9057795505297797
0.15809168470359114
0.9661323620698397
-0.798236248311532
0.07632265898946411
0.8227814873379133
-0.3517553267420186
0.4335249086341173
0.14841425429139443
0.9193054677811272
-0.17151667465115694
0.46255675418242737
-0.36160267837545024
-0.48332678369423476
-0.5358716604294951
-0.3564856989663401
-0.9721585474478636
0.6732963457096648
-0.9981578465281313
0.4071439859646784
-0.38013721652731625
-0.9843481975435389
0.07546951812768699
0.1984992241549015
-0.5890715152278307
0.17004488810465768
-0.5011189896586179
-0.11349836039174654
-0.1840072774560082
0.1896345080977624
0.594402035553534
-0.3994369188401117
0.8500831008164078
-0.1422778119944288
-0.2169939683767983
-0.5170376312049145
0.2868080090418992
-0.03016298918755811
-0.8669844188412923
0.7233083463801242
-0.4839632398962044
0.3632395385418088
-0.14364859623312598
-0.6480606115857139
-0.7804642162046356
-0.347867806346313
0.8470256879902252
-0.7529599017391586
-0.3349209913266602
-0.03927436932702277
0.41418940048755815
0.6007429008259237
-0.34363331481953097
-0.12475741908486948
-0.2824112787888591
0.6004186494332238
-0.5476412107970126
-0.04667573565173333
0.9645945610329079
-0.282723851952853
-0.10041338307973668
0.6468667097619911
0.012260071901694536
-0.4708594878544594
-0.5567126556980859
-0.4931085631498082
-0.7758555941897078
0.8962781899944063
-0.10667806130000468
0.0429951138269562
0.8937542423234421
0.665921171085524
-0.7619251858291363
0.496782779979144
0.8281658360175459
0.901122545474021
-0.8958493217822137
0.2452243854199312
-0.6058121196561566
-0.4499338015304075
0.8621857626925009
0.13220779430756058
-0.6377374384196128
0.43924269383115844
0.7497835458124922
0.22747808159576355
0.4459393775993419
0.4284094713461455
0.8811137352922054
-0.5455608493148689
0.22292231293841347
-0.2752333720755411
-0.39642793314663605
0.19507589175478302
0.7524036108183865
-0.30105492710819726
-0.9452745445875672
0.3707140200897254
0.7093865661920169
0.24970489413602537
-0.11449585473457446
0.7457049266637836
-0.437316222918378
0.34781395889358313
0.31088481472944585
-0.0722005875972549
-0.23811213189476121
-0.5045120789002593
-0.7893322948205876
0.4845553205470694
-0.9291015793396449
-0.256162088438155
-0.2950538362199968
0.6593141017724866
-0.7198504870146054
-0.1792109709682983
-0.48534403686534744
0.4673595648873523
0.9208196806720321
0.2954364262414828
0.23820326403054426
0.3983482047339555
0.6142988366759199
-0.46070241201202156
0.36951909149122497
-0.3728330237213704
-0.6355837906959074
-0.6871782231925518
0.6585705612827193
0.8645433759699623
-0.14995631824081612
-0.0787799051868956
-0.32046883323112474
0.0036949314237082476
-0.6626428486988869
-0.30630642916474216
-0.8022882011299957
-0.785916642266502
0.6591190813936423
-0.5936866314393319
-0.36263898425723395
-0.7937743972158129
-0.7944364853275676
0.6876298250856796
-0.8649258609202499
-0.18832769254033432
0.32508589008894573
0.7531848894432374
0.7389819700570159
0.09133165491830764
-0.6241223256471011
-0.05392794869876316
-0.63679176934672
0.7498517640322702
-0.056091887629406534
0.08317066847099253
-0.06271326759905893
0.4777443349916024
-0.40877536763943834
0.8393385871884818
0.3024535500234333
-0.6168765261407907
0.331590525031344
0.7634421477969213
0.8658232518421105
-0.5198538666529684
0.3703758712580998
0.4197293222917764
-0.1781980165940451
-0.579549414819932
-0.46135726168329927
0.7674625927911864
-0.005739860091053872
-0.9500478552183267
0.8692927971407349
-0.4369469549599856
-0.47380266820981376
0.959102079185421
0.5979126619153616
0.10887961553495851
0.7705540239835909
0.41990514975190485
-0.22149394562039726
-0.42362731088461025
-0.48754107978144834
0.1793116304352076
-0.643408184405381
-0.5338529920659918
0.36968924789199753
0.10506546717472287
0.7945530839091841
-0.03138868800402239
0.8969061699670446
0.15157140252063184
-0.7859820272172198
0.8607229015767277
-0.2074125769624091
-0.6227512481257613
-0.011903614897484038
0.39481685216726015
-0.003109812263526912
0.022779349146029748
0.05683333002446145
-0.1323654761922508
0.917280852714303
0.5661049021425035
0.9199851937468164
-0.8601855470650508
0.9853218947712439
-0.19984058344060984
-0.8103638238133026
0.23512343461760032
0.4794882329430079
0.8566296407209324
0.1807866560164335
-0.23413837373395374
0.7430386340428292
-0.08495319275682855
0.9924986099286619
0.263447482689509
-0.3135137186754786
-0.5789981534461255
-0.5241826960334279
0.5051433484183974
0.7480593749885807
0.6228593033450562
-0.6755455916206254
0.7865465430104317
0.7074487332698369
-0.09535506384048453
-0.4059222002168239
0.8944265282419603
0.9518098360947227
-0.3307064398673458
-0.3274967484955338
-0.02823647257863371
-0.37066719527896064
-0.7950340775295983
-0.663657215119944
0.1147732246722204
0.24913383822202628
-0.1292798955074954
0.5080286965979708
-0.012746085600137347
0.6871583739383429
-0.0869495793205699
-0.7461045446766936
0.20811062220084553
0.7128124350354297
0.33849248812415844
-0.24170579589054442
0.9549489141564023
0.44390744966599427
-0.5456980960817728
-0.3280317154272938
0.2847289693560917
-0.625050113728387
0.7802897250123588
-0.23299836637820515
0.08634934059870414
0.27299960129716183
-0.41154750342427837
0.06203713240068498
0.7925167590241347
0.20132390534557487
0.9664435242874727
0.6257766320747145
0.32389707639388243
-0.74252248697173
-0.8447720557209986
-0.6989689113955568
-0.5410571156299786
-0.03939298080778264
0.9448040791398102
0.7800966336149098
-0.5246955189320728
-0.5484181668855808
0.7065744972579773
-0.25771252623200036