0.30112754318207213
0.5709552699538454
-0.14116376368228778
-0.8527323902959192
0.5528851226531051
-0.8317403597644346
-0.830411750717297
0.8868764091695187
-0.9576694218686672
0.305981298413051
-0.37105737956856166
-0.31227016135599106
-0.33132008237863775
-0.4802270140741871
-0.2926868554987605
0.022790395462512603
0.5363601857803721
0.7994874325758852
-0.7313475977229218
0.7091056881299951
0.3996300224524372
-0.39833970492356885
0.2153827614392947
-0.06133085874338606
-0.9895128332627017
0.2400470924985556
0.3667199118872475
-0.5062976969567459
0.8387050407864745
-0.13564149452427077
-0.209234689585305
-0.903558528289458
0.08707294845179336
-0.7377494268906972
0.34788501131513105
0.33443181489566154
0.14587648954868393
-0.9602240469612673
0.28577770777381684
-0.37334305677301094
0.7937364152796129
-0.4842685012531074
0.18327085648140473
-0.05204034055718054
0.7753689658984868
0.7766472488664353
0.49702876900938775
0.8520234691200457
-0.45283194776837954
0.3446755857794259
-0.3533479037304572
-0.9866619139083947
-0.4526730045376335
-0.8904387458932821
-0.6101232590833261
-0.4333589653586314
0.8504049035298464
-0.9513081318351508
-0.7415738879185443
0.7917087726870045
0.1145650849833939
-0.740180880304786
-0.38135097131391293
-0.477072294963508
-0.49092039583881175
0.09287933826733275
-0.9509376375266148
-0.47419096264156235
0.3547466779211046
0.3903513815043702
-0.15808287073929916
-0.10942305530559815
-0.491156330549553
0.45354964420549937
-0.23732063752089072
-0.38857975326464067
0.8482392721129393
-0.9370010093521866
0.5418439142625073
0.1297971903003139
0.16321040885680738
0.9183016391303878
-0.9838293838022125
-0.6322800974174194
-0.22172595676057116
-0.9554684735411152
-0.6037916754856589
0.08656151223841446
-0.25441301338878963
0.5488963041064705
-0.9336834227416442
-0.46391854696572454
0.690535039517848
0.5582973040132
0.07716985404235244
0.28973816236112526
-0.17406411908589803
-0.5995926089105119
-0.16399075026487386
-0.21843937929106105
0.4062149975986151
0.9675954348865681
0.839418648475865
-0.622161897044814
-0.3841555225614406
-0.16890261731527478
-0.345955948378758
-0.21969722406537784
-0.837752912583978
0.574154126024641
-0.2342319110096478
0.14033553480151717
0.11770991017415611
0.7478332336812148
-0.5915821800638095
0.4946141728742319
-0.6130091726452234
-0.7499635476625415
0.12104835584845386
0.5461337169298861
-0.021128506440466932
0.30824550090714453
0.6390051010793962
-0.2596171024266578
-0.7063359684336772
0.9016091839499296
0.5469829304008813
-0.8579287493301835
0.2742101813007476
0.8573658723649293
-0.6828486333773023
-0.17802546298157562
0.10733432722836622
-0.4829691734744379
0.5163608884226232
0.06031762186231027
0.8017587706935791
0.7304277527659719
0.8783722259685862
-0.635502824468799
0.3503606970210691
-0.8036840430739702
0.30970902143391754
0.7928735199694459
-0.4518096934526672
0.22810991558444238
0.37433008884135943
0.7450212547402739
0.0569547183679362
-0.16607284496769759
-0.5618028753951243
-0.5228638495928453
-0.6332512968269608
0.7312648510736777
-0.184221145408638
-0.9852991690734729
0.06394717910395631
-0.18762241091580822
0.5173639700029529
-0.3007698941587922
-0.5965658222927714
0.13892648387163442
-0.4160495793592649
-0.9172725805123187
0.6632188447580518
-0.5305732244847969
-0.11318899309723163
-0.043219813410821706
0.6913653134513766
0.4056674659536925
0.21312737361215217
0.4578463071455827
0.25149746913556403
0.7775624228004736
0.8133834765440993
0.2774292230873374
0.1369826765034836
0.7792775745663478
-0.7254530957572087
0.5082174845901888
0.222608980577359
0.039951560846102296
-0.6345784312185083
0.27551390985233026
-0.038197088562124115
-0.443260205996286
-0.403953184659422
0.17977991272160687
0.1720133663141974
-0.7829149524357515
0.43290022110277215
-0.8571408820905109
-0.48142114553925586
0.6051859520031475
-0.2781205483626745
0.5144251725445688
-0.7945637694444585
-0.26838648888377015
-0.04199675666991909
-0.06695919822467422
-0.6386431117957478
0.14159078277559134
0.17444753580266403
0.8644620387991999
-0.6248796111291066
-0.49584729999726895
0.8431191025200311
0.8567978892463044
-0.3517509867178281
0.2837698457581639
-0.995994125725028
0.9269169424938253
0.8336276648894638
-0.09299816983441112
0.3632703072373742
0.25670540544416043
0.891425089079064
0.3525305769938649
0.4657990223843067
-0.7864488265763263
0.2562727858475571
-0.2130828946144332
0.5283389538479035
0.8390745380030078
0.7663038320288866
0.5716651074664807
0.28461572804060187
-0.28175140338161064
0.5466860846668167
-0.5180462116312088
-0.685815945603719
0.6479692379204045
0.048896520107267305
0.2252830906840464
0.3818666609836552
0.2548712371343116
0.8211246953262139
0.7893191762107046
0.30627550161500516
0.45355297112764625
-0.12052534756151556
-0.7510848717418737
-0.5637370492187017
0.45159183355692845
0.38057472518298563
0.37955707957350926
0.5668263233796689
0.5482494706530261
-0.7978388106729017
0.38406422021868303
-0.6039485921524517
-0.8638931436147885
-0.29846444079644696
0.41964022250982125
0.8591542114147981
0.052328937442174706
-0.8622550111715408
-0.3223504696831936
-0.39921194256260817
-0.519131168734206
-0.5080539196376912
-0.33962360854848095
0.9739286997138674
0.8802317100810462
0.9784319771285444
-0.8951826269303484
0.3784178955909343
0.25787968635292224
0.5437958431246699
-0.5548555053705395
-0.8694448266090491
0.10035675944119027
0.6940367341065181
0.15691893649043398
0.06444036996319524
0.8907506881843728
0.5263896686486396
-0.528007320814275
0.2350120147067929
0.15564012803951477
-0.7172862449036292
-0.1314672765495024
-0.053683433351623844
-0.45037802987131803
0.00271861665500861
0.32854940487840745
0.5274380567074619
-0.7741319872775416
-0.5094754022272385
-0.695650277665564
0.3434842534853515
-0.6381726194783004
0.6942647628154814
0.12761562099531787
-0.20522332263273824
-0.22273891978150395
0.4019029583942013
0.9268243394006814
-0.21705264606568897
0.08218071116907244
0.3242306732942932
-0.5546692612936654
0.5947713172793565
0.31915436635176997
-0.34814928808158907
-0.37677515501857517
-0.9096471599958682
-0.7667994328360779
0.41570097874406287
0.27227224531763783
0.20721348877668277
0.16105511966774722
0.8669966508793812
-0.8498275073300772
-0.18841175994079973
0.5314639236086374
-0.9401240119848113
-0.6347477065973237
-0.04538246796355461
-0.05781570854436335
-0.15314700515211954
-0.8437066738858403
0.33268645481037273
-0.37205546544709267
0.41287756872915105
0.3443437657208621
-0.4357225465309369
-0.3204620157214777
-0.9822807024593039
-0.7681185214946775
-0.5979866401310012
0.22237610449331924
0.38323024908360925
0.4080519562669225
0.9819163136401674
0.320358473345715
-0.7212445051942811
0.7811237664183712
-0.45482934655558793
0.17056465300123258
-0.8961788845819159
-0.29075606827372313
0.054089627687188724
-0.968308948990465
-0.9169149507700849
-0.4683714544819053
-0.5334638675758983
-0.3019839232033401
0.9832912427746943
0.27226856164853497
0.7015214939665007
-0.1899520573778315
0.19417431186001832
0.856395893937999
0.09828346670462751
-0.9671369969169168
-0.4027887855045156
0.9732473656197382
-0.7133832532289774
0.7683899489680643
-0.5639810025935097
-0.10232777213563349
0.14244093005295566
0.3203259744526594
0.24058241533051405
-0.7296150266210635
0.6162102828956237
0.26431291255538114
0.8711244975602785
0.25798611521374926
0.1730195698685375
0.5281486883590019
0.7856691711922938
-0.369708378276399
-0.8967593299360574
0.8004562002943145
-0.35776707347053627
-0.044461513871080216
0.8891240047659761
0.49557058698739276
0.7798628057356671
-0.9332682792126152
-0.21254383611601746
-0.9480367289201825
-0.2879475378698493
-0.7584709075583045
-0.7650715715044554
0.6758651022311364
-0.3533538452242506
-0.646975262362395
0.4906865171238617
0.669102257726901
-0.3759488448504156
0.5988889886855864
-0.6393522374391742
-0.44168283367156147
0.13109963500362332
0.28102366804101875
0.5319492512841808
-0.07903151608612102
0.8139092199431075
-0.9443759607464985
-0.616659355776342
0.30269173542192185
-0.6418937313804398
-0.786336217922883
0.5931890298778608
-0.5348127965032579
0.09113690777639971
-0.569328620176921
-0.5527070559887595
-0.8895523343491634
-0.8564940520623341
-0.47436180495466895
-0.9632833248391355
-0.025844788792380946
0.6285015382349017
0.08688350679282109
0.7022283312936648
0.27680950479615185
-0.7209505433904684
0.10412142934564783
0.9944780615733297
-0.6777808904757376
-0.6415400566236742
0.31567876634234615
0.22570951816206408
0.014955488985437304
-0.057336384346681424
-0.9092140573749186
0.7978159378770886
0.5486186715079704
-0.1800314725388623
-0.909247951889179
-0.15668846236826894
0.7287700951811893
0.36897480555336726
0.5715345517398318
0.8109755727177694
-0.7221867989167019
-0.17202929723742288
0.02180616900079224
0.47677645491459053
0.6333485516962511
-0.300042380117298
0.40557563947798836
-0.9888129495560436
0.21007863112615688
-0.5554534230863188
-0.9765247955085459
0.5311862502007885
-0.36152726374258637
0.6379524465365103
0.3048841075336197
-0.22122691778096626
-0.8387636339239044
0.18158471877505478
0.45436914696894837
0.1876918380410071
-0.9555861712576257
0.5698581779553327
0.1550965416160035
0.04813838765437772
0.6414654968483742
0.49851689351996264
-0.9548625532506003
0.3468686930703344
0.3748556466259012
0.9535101852823105
0.22768205922385198
-0.7682020534494047
-0.6078487865029971
-0.29403276477454776
-0.8361955283610905
0.03459611473981217
0.004613167823928288
-0.3311769255200472
0.6750196767660435
-0.480772510908656
-0.9118073866308216
-0.6594475850056409
0.3071529721934523
0.49454162337282837
0.8678369449220327
-0.2530526353961815
0.6723609321332094
0.08369950779806223
-0.3983905084030184
-0.9774502004401879
0.6719829331631479
0.19814628531958345
-0.9410808095013274
-0.7809090973299415
0.009118778053514465
-0.3652824295955919
0.6057978850622125
-0.05502796143745914
-0.17533528836493706
-0.435377084007758
0.8749056530164177
-0.3704220935583906
-0.12196077864438926
-0.21904991654495287
0.3860546218785652
0.7552807479863679
0.43910141072922104
0.03594327238550887
0.6151100779556373
-0.22668042578526348
-0.286824190526501
0.635233415695124
-0.18773710709304114
-0.4019633030816816
-0.619330590731594
-0.6655992700795763
0.06214866712165801
-0.9050686758452999
-0.08513832099908192
-0.9183046859512347
-0.35469990718582123
-0.6199020249378162
0.24602658913468933
0.07843241678389545
0.31358235787986977
-0.8685217086201085
0.04879821660229733
0.8640225583872714
-0.9667063266721434
0.38898232014405165
-0.11956230384847233
-0.9680051677033255
0.5783481831355972
-0.332900812746062
0.4690879978557647
0.6807813343434936
-0.9721233311044999
-0.7628494080887565
0.7431628454930683
-0.8204063368360608
0.8989590957298694
-0.06237447735801438
0.9697283317272005
-0.20129148834708843
-0.9613384572035357
-0.06106385928204294
-0.4838246831710544
-0.08633994972796355
-0.6323331634290243
-0.9835625482627457
0.3351381282732955
0.37419807102444214
0.6834181386347009
0.5678981139098109
0.632601113745995
-0.9817035460326493
-0.41803489472781097
-0.22866601334166536
0.37040597778386797
0.8088556168887164
0.2741949682614553
0.3821759033406904
-0.8247321599808373
-0.06904981530662146
0.11965974875895635
0.5936205486830055
0.1086718965536777
0.7460570900562833
0.4079015483123074
0.5860813886978264
-0.06532843351017159
-0.6846932551466518
0.996048651531084
0.7407258164197534
0.8549138246232002
0.622835995567885
-0.3556881773867071
-0.1955740918513167
0.8136140634510374
0.5468448485159425
-0.6266030022090676
-0.5185553852273925
0.9727038325974136
-0.8466353744453008
-0.9247657004678449
0.5669109016225806
-0.21576633216284602
-0.5490598533747986
0.5348217602270495
0.24002885145092856
-0.8974022602225065
-0.6744086652378902
-0.3926915480884756
-0.37987678761293897
0.6660987185481191
-0.5941355521343092
-0.31350998657804774
-0.3519527836751306
0.7201409087127129
0.8057516126555393
0.8791042402136204
0.7849703758455551
-0.07109587062615552
0.823395947987563
0.7854019811168318
0.8597826742961363
-0.6883722759254345
-0.35896179837518094
0.13792849750160174
-0.19472164660866587
-0.5099751781959452
-0.6391727614134801
0.0029230376388285073
-0.9420622421343097
0.6340867517320683
0.4464745243864576
-0.5238531055319449
-0.56137982706826
-0.015034718813538905
-0.10391728896483299
-0.846157317843683
0.5183499659341402
0.5852320565956988
0.6196581659961375
0.5525743834683698
-0.6182650013560009
-0.9938317294769452
0.06608690808160311
-0.23738399269081767
-0.34976146734932967
0.7227522438425174
-0.47902217128044255
-0.057116932828477074
-0.7083398853807461
-0.5018336276920461
0.04836637263093224
-0.03292913183549251
0.10895165667404494
0.497538554663018
-0.8584819877700547
-0.5645554012078422
-0.1242988120387678
-0.8406168055075092
0.17618827992181818
-0.35830602999031513
0.436743721204073
-0.1057786115627668
-0.5664822180657101
0.8865244221361084
0.024900909421862627
-0.013058697265402097
0.060286382382412684
-0.9735068455094606
-0.8573816820337523
0.8118256568196218
-0.03534950286440841
0.5067688666185466
0.9671086639532953
0.49873668614293765
0.7797323455483631
-0.5498540697302694
-0.6247838880566383
-0.1717021656015194
-0.7889126497724008
-0.8961823103925404
-0.7032495655173923
0.45581880267415986
-0.0339168310936202
-0.2139137731940659
0.36175599509783707
-0.5856674730034934
-0.10421266516828465
-0.7944011354098737
-0.6590188525487164
0.8261246012524879
0.3759406917467243
-0.8015488199857641
-0.026451581701268934
-0.19289053149021052
-0.040023771913852535
-0.5908625065539193
0.7578203246978639
-0.6875288174880372
0.4168923249568457
-0.2386626272776149
-0.5294844229377758
0.7188781221081224
-0.7245157815640029
0.6960495925101207
0.7831159521062472
-0.5865640966332781
-0.877554026891656
-0.7450449077427628
0.46700942331250284
0.29212557975353914
-0.7433785306113503
0.24068932964588519
0.8601915075157869
0.3446565165502511
-0.19070817662818507
0.8836457036921683
-0.349087266231749
-0.5809219498092959
-0.8787814065673865
0.3036759434990022
0.04445643719257886
0.13947357540260352
-0.04141252820839125
-0.8755600547074402
0.98070732246061
-0.22736396549119187
0.6368494070169897
0.6340975948956653
-0.37274645584570143
0.038421490414219495
0.33632569275317037
-0.003214742536815418
-0.5040166676228253
0.3325786695057773
0.2851518853435029
0.8781823041845311
-0.08116804170632186
-0.29311702567440157
-0.05384304362613834
0.4312607739355143
-0.17428293396596106
0.9346431740609293
-0.26347549691856287
0.31387665342210025
-0.6364099494052367
0.5967393967146095
-0.39154415990804736
0.5776663091969059
-0.06302907239142708
-0.5050706260859479
0.692149273325346
-0.5044027804676297
0.6314092997555016
-0.3167424934361156
0.6545775363971682
-0.2504619962072412
-0.5351679719320943
-0.7936292351549528
-0.40324469559006926
0.41238801188774077
0.3542471695190703
-0.5266023864368246
0.8185719677440897
0.6336985006747615
-0.6453294498479174
-0.555205577974557
0.7856593477793157
-0.12534753127186882
-0.9536832669346618
-0.894076609234165
-0.9415011468007133
0.43662675141299756
0.7455848484998202
-0.8874930281580833
0.1499363922104453
0.04558970382410976
0.23460240033590396
-0.4263444565134791
-0.6818214311849431
-0.9515910273739041
0.8841332856981727
0.23722510658923723
0.6690886094908755
-0.8232561485730308
-0.11437877258083362
-0.42326934649883663
0.28969075497423313
-0.20422142711573854
0.4394508604331535
-0.114074969028233
0.7263924599816387
-0.38983411857110317
0.2557166707542593
-0.5946024121512583
-0.024308283051387658
-0.4369701856677324
0.6177813791204603
-0.3652595288771505
0.18819165826585005
-0.17196799296664222
-0.911877314449888
-0.6604840714616662
-0.899024364645826
0.7873905714274572
0.23773260875639757
0.4720109752894608
-0.0019139925468232288
-0.8689159354739246
-0.140092381517245
-0.16020037736306358
0.046324580193037423
-0.19035734853406083
0.32228658147162204
-0.3625394795539463
0.8701546180656106
-0.7970499382426581
-0.610871812605154
0.415780244410366
-0.8135345321140606
0.13824667579772143
0.3007670798663784
0.9115696310903172
-0.23208990050547018
-0.6392524414389897
0.7524595635057598
0.9045803313956371
-0.0456124664170805
-0.17814513704361512
0.9449982051675374
-0.25476870162926035
-0.37646734466386556
-0.09634242880009358
-0.8127937559055352
0.4149537980334197
-0.4507914256095358
-0.274322123947929
-0.7479347466885964
-0.5373315824436693
0.4026483697051213
-0.07493305415446305
0.2653420780304889
0.31328761395771787
-0.024926671698349168
0.03937770490852288
0.04710968727693299
0.9931362961641708
-0.4233818327866039
-0.6694853025534586
0.5532437653532705
0.04419617304583667
-0.32176179360631174
0.5423323108902864
0.6454048840277891
0.198754912337886
-0.40334096447328327
0.9325078145044001
0.32930558101151397
0.5209076864730986
0.8071041315487002
0.24787082415425066
0.48955579954218864
-0.5805469793693858
0.8455435864822771
0.5844914164469939
0.690681450308475
0.9522150155897031
0.42454248177927734
0.33033507405657114
0.5763813544788912
-0.896159709710717
-0.6666171150417695
-0.5358397784006401
0.10860397596793958
-0.6095429837518527
0.24139218800197382
0.8097784979085989
-0.05013350280026807
0.00621186861293932
0.7726774908281635
0.15416929164011361
-0.5784942101174817
-0.37363261377935064
-0.4821378014318338
0.0412572782419498
0.07149840092514492
-0.7342057719143651
0.7793471163854973
0.9657263182980227
0.512731671191109
-0.1661085302188423
-0.024951267674694133
-0.63987252302466
0.8305062153551317
-0.4615185838316087
0.6130947372459903
0.9898791080735172
0.0264047247710526
-0.10228645775391931
-0.36869406552843187
-0.7363032219318688
-0.2309908579078297
-0.8224775054828781