0.6992524584329094
0.20904920209500588
0.6913127434410082
0.3444520385709622
0.09516273868961389
0.3698454631500683
-0.4554606068943339
-0.40379909150168825
-0.6272344106299745
-0.7368373763114793
-0.7296340455038666
0.02940597447752391
-0.4077310901030149
-0.15495120379378435
-0.8653711248461753
0.76777816644044
0.41084442825625533
0.8447586010567738
0.2794541366848462
-0.3658227421525839
-0.008202392555338278
0.22396059431086157
-0.19142373411615177
0.5824729359326473
-0.7974680221163057
-0.7592038630646918
-0.5267999949761044
0.8147346341130433
-0.4983989532085029
-0.06415932447575257
-0.16580352825669076
-0.8033981030849879
0.8954020101932729
-0.9145239024474454
-0.11117781336451649
0.0671454809692773
0.49309246925257333
-0.4176370351377834
0.38922432909473903
0.274358173070705
-0.2079329243827952
-0.40967943731830947
0.2728048233560887
-0.013639874657621398
0.25830566308281666
0.1303719589410015
0.7214822709638493
0.13021212738852062
0.9149815865595599
0.7601957692299008
0.455447549590704
-0.748719837107733
-0.7989066389905588
-0.6231607853246088
-0.7655921795991183
-0.4276485036501154
-0.14993864193363282
-0.6839163945095657
-0.9360707526446659
-0.9910456370260035
-0.3082379320502524
0.9657550780725939
-0.9433735744214733
0.9661332745076392
-0.5785885603647101
0.8519179409752284
-0.18908492972793334
-0.040328147339403264
0.7782635382997241
0.3706860122749982
0.8021520654353065
0.28685505403764666
0.6777610971433166
0.7859976432119518
0.7867926743009648
0.35469873536572116
-0.860877029728695
-0.6026465232121474
0.5072801706160519
-0.646024307992227
0.5632992487576884
0.42719034765461705
-0.3186141467047008
-0.6047465883733629
-0.9388685158483494
-0.19657777942892452
0.07823821598331637
-0.3195436017401465
0.22785440803545254
0.39842992527444987
-0.44423040187593643
-0.0643226132189687
0.040809115081331226
-0.741707725896191
-0.9472735581513452
0.0702107304999029
0.2156652850960985
0.19913967570603086
-0.5037352103834476
0.717128421840957
0.5858433955261089
-0.8512468401592026
-0.05082812935438352
0.2947606869916304
0.16397432394304068
0.7018936187595626
0.5681986876172453
-0.3320974429854733
0.4382716632687116
0.13307958610549298
0.3803294396473462
0.7296169195638449
0.14234853058382324
-0.2590801968587493
0.2713729947061514
-0.9594152017047208
0.330118627326619
-0.27640272030192303
0.7614298610099619
-0.3057443231741592
0.6964379580931512
0.27477121318977793
0.971496671138244
0.6983704709818261
0.13527932207754523
-0.8270380719360271
-0.5778269953775355
0.16820117040864213
-0.4792182749883469
-0.37275877945017144
-0.5914440794291895
0.9344048424961517
-0.5025774676953301
0.05393333669573308
0.24533930325446973
-0.8368416249073694
0.05572025680449322
0.2703205815753702
-0.4260170033829447
-0.9233974711348643
-0.22252028216562847
0.7038687717303589
-0.5145066733987229
0.6097551409219071
0.5560157171477007
-0.33198909772747487
-0.7227655685792547
-0.9117614372237106
-0.7751698089207797
0.8605707709746304
-0.9440334907980767
-0.4692463079860263
0.40449567120640895
-0.9549325015359191
-0.6076009376164773
0.8733750823842308
0.21133507958825204
-0.8007960918397858
-0.18193315726202086
0.25562769280829745
-0.9827081117381875
-0.7497020358485693
-0.6525293190731232
0.8714270766686294
-0.9351580110873559
-0.26755557803799257
0.0772824380915591
-0.6903084278550831
0.0650030190649935
-0.16859211201480395
0.7412114299846118
0.8696682330205023
-0.8807039939465742
-0.24534558146406815
0.9584384138268651
-0.9702864183877338
-0.2379397860768997
-0.14089024520149507
-0.8903814200031972
-0.5806161132640182
0.7260892378485964
0.24678805846340635
-0.5164067748726158
0.9800172552002668
-0.6007932079634184
-0.13904951309214075
-0.2797337424993789
0.38332692602525653
0.915416636462661
0.18484961845506231
-0.6011628622250837
-0.34227789425949595
-0.28565355188365826
-0.7581748709175791
0.6870057119486257
-0.004721898469884467
-0.6780235389349589
-0.7000048592500467
0.5899215823024586
-0.5827323275251364
0.06872511289502681
0.4101477930692512
0.9852417741786652
0.36806922492986516
0.3027166256276552
0.9359221598427989
-0.8555027236836541
0.1456033353610604
-0.6379224786582125
0.9883766452748557
-0.9845425561608239
0.8565412736372109
-0.7130775016587216
0.8258074242169182
0.8137598200162037
0.3087073886694707
-0.8690041367368999
-0.5228088697822655
-0.2524631220715663
-0.2329472914437707
0.8888447623565203
-0.6360106232739271
0.09220963300717488
0.9510437394300986
0.5791574386059053
-0.9535469245362309
-0.6368469258912319
0.19470432758918665
0.8889657756653315
0.8455051880571027
-0.7563158535632757
0.722846620188925
-0.4896862328445091
0.828198065638486
-0.30536608946688415
0.7297565392787204
-0.3777516301283934
-0.8450343589382803
-0.3933907861734678
0.39485157752655287
0.5263599464817887
-0.3782788730037785
0.6299673259725385
0.5966550632320211
-0.3971630006170044
-0.7986453053784355
-0.7807974276047498
0.08991640740407636
-0.9157293805645041
0.15393571351014113
0.4185821260253553
-0.7249037626287338
-0.14157456810444802
0.31410207405504953
0.39357777361389923
-0.8288246410024769
0.26724366774406794
0.3925213105306382
0.9910212653521966
-0.8930031190629082
0.49591832738187125
0.22928951434265188
0.8054826995670192
-0.09637449312565205
-0.4264738199954139
0.9701742184030651
0.93326789884844
0.46380522181450967
-0.7593237854094235
0.2742018641428323
-0.5498117860133664
0.47814908234399
0.4717593712242649
-0.673042380990315
-0.3582375639859319
-0.8348218598303283
0.01441075770603284
0.13485715616545169
0.6636348408870234
-0.4767841650488096
0.8986463295960125
0.18962631276040165
-0.4666994978931165
0.6744143962533924
-0.13275818498084657
0.8001471313520645
0.39651803055707835
0.8200213273634365
-0.7358081291915564
-0.841867684043849
0.9292852852000062
-0.2882859440965837
-0.17859222937619168
-0.6388815190458343
0.2209996276451116
0.6833714287414592
-0.47262823435937107
-0.47000152969667663
-0.05695009851346455
0.5345285822124344
0.45723457437451365
0.840795387408722
0.42561290011588393
0.7342809088910398
-0.8595108600820023
0.9098013247820027
-0.36556369342325845
-0.9854610288604728
-0.7906022449538916
-0.854887171360845
0.21782486293283454
0.1325242483707758
0.662243931627361
0.0920113188128564
-0.8243775093938182
-0.38735895013568067
0.426523786759178
0.28489125491365175
0.7566697818294275
0.7132055699307935
-0.5724535455975337
0.2306553497713244
0.9811541975774567
-0.18218578815421949
-0.274436453804066
-0.12851353013409383
0.6577667059913541
0.7582471852730395
0.03907593113893282
-0.03735264626395951
0.8372559867709881
-0.7622585019607411
-0.5224051215524042
-0.3110321780770289
-0.4533001157991654
0.36272698347062704
0.06968152503563219
-0.329439491583577
0.9676484099791083
-0.4625015293500485
0.7517477955076564
-0.13535835224581416
-0.031787495828347945
0.09153074462429833
-0.5699028585527555
-0.8749772548354366
-0.36206390425857027
-0.7721815010891293
-0.4406320984399459
-0.2379791578503132
0.256399374657454
-0.5237397270243649
0.3894707680138323
-0.7580636421046789
-0.07666758274620111
0.27258940277102517
-0.31872563659235364
0.00217537004730306
0.03427110588778581
-0.8111628663238957
-0.6677394680758191
0.8516887648269584
0.6094793896857387
0.9529706683556893
-0.6556194148339418
0.23307141302567524
-0.7306357816581142
0.4380327027626354
-0.8901332005570637
0.9917311798704151
-0.5474698551955168
-0.43087200067789344
0.2618805457606963
-0.33274317752083893
0.13021884575734877
-0.2454560396132497
-0.2315018265801403
0.7556747492216742
0.7766887187981222
-0.7124318282203723
-0.3259599439307814
0.8229299796530294
0.5415924043942746
-0.8441310728242277
-0.6363727246629121
0.6608744309261134
-0.7496030135815652
0.12822418422370618
0.378399628784879
-0.050794589520682054
0.9562376016769261
0.6864750513693796
0.7930881730601578
-0.7041622257981333
0.23952186651261753
-0.10679471277196839
0.5889178549650458
-0.7733657689722322
-0.18954676429590678
-0.5390492174474069
-0.45880416190662254
-0.634649374086766
-0.6282935037136006
-0.3164691654486438
-0.4843833348949209
0.10333968711663633
-0.11262085747660144
0.42465576409715444
-0.6676301249836105
-0.36099504688573103
-0.9421168772003214
0.2356840164269507
0.12610858675680148
-0.32350833095341525
-0.8961575987999291
0.31366859699788385
0.1502358368693062
-0.11298827155747038
-0.5428249890794996
-0.7704575963930704
0.4397875096574151
0.41539588068900235
-0.9871841409652364
-0.6840917939062592
-0.07229799811813553
0.2185255328678899
-0.19589827925600578
-0.5130235493240378
0.7162288511887518
-0.8548344452005951
-0.8494627273660635
-0.6480752183737355
0.14816333972723084
-0.4559655427441205
-0.6361753816220688
-0.8786675421511907
-0.9786436135877921
0.3357494570933217
0.668433603662363
0.5103937245020376
-0.35331274840890226
-0.8926461486504067
0.21095489421133728
0.18082579022178868
-0.4449011672677594
0.6814180741606795
0.44716915131518653
-0.6493623698209712
0.6448011378082334
0.18245733023637478
-0.8574214482145635
-0.334807386530642
-0.8272839374324672
-0.5705917200132771
0.5000463134019892
-0.9336185059315893
0.20200438598203707
-0.7810861109177487
-0.8818854641776559
0.7110254716249338
-0.15165372158208879
-0.41283235318866285
0.565332646139469
-0.9096409461875516
-0.17819290067779092
-0.8127413833668864
0.3346568683060225
0.8445894598269001
0.46853191962225127
-0.8492873833197863
-0.6302204853325899
0.6043329467953591
0.3012402703124504
-0.5635191161359998
-0.4748941258831021
0.06567354977939255
-0.7134791238657581
0.1852605138943959
0.7335521311814501
-0.5503592848307384
-0.4193443669936978
0.1309861065420428
0.6043007597252847
0.3990191746702274
0.6621375750206091
-0.5075723048654346
0.6304627486665222
0.9420784549842385
-0.4006278865967665
-0.1539575888698368
-0.19839754130432907
0.9195640487410754
0.1562232893838471
-0.7716037509201441
-0.7523493620230788
0.5207032546106976
0.6673164828790064
-0.06195439804959446
0.7467725394900007
0.9263564275766203
-0.3596883524160941
-0.2051468642571419
0.13657909457489792
-0.706858741511944
0.08858190416232614
0.563921329551252
0.1680600888058723
-0.6303773700179061
0.08825931338475956
0.28269886786162335
0.07385670545756251
-0.11729345993464557
0.6569651434846424
0.6586196386286345
-0.7647010407520227
-0.24953604443081012
-0.5498323573295616
0.04765969942840642
-0.9455519500606853
0.33652466827413163
0.993971172597603
0.8382430037341606
0.8663842072362227
0.42085138491912644
-0.7936241135270821
-0.46630898528816855
-0.2428615627949351
0.8512155910338
0.7249066201074832
-0.6899664165883632
0.3349698255488178
-0.7496548380236814
-0.13256528517564847
0.6987048791897947
-0.5330658144353109
-0.3505771645709195
-0.6805570157462546
0.7295302683004061
0.8027397696047593
0.879584738439132
-0.19826974997253077
-0.13945758251605356
-0.8080563434097296
0.1748981766159483
-0.6677010622781303
-0.6036546260860214
0.18656776306046452
-0.4585220244948658
0.020691471972388742
0.525508634878673
-0.8566428746388155
0.1411641546241258
0.03214899813937433
0.5948191699447101
0.6630615895568397
-0.004056899683818838
-0.29659909264158757
0.09802304663428907
-0.5098290861904142
0.34664861454529294
-0.760102513681358
-0.999815866540019
-0.10420965787710879
0.24275773442219517
-0.44653466772175787
-0.5117220785708922
0.3676349058944075
-0.04031576942587356
0.6557616689593493
0.8555432858317815
0.7425330456001367
-0.9027024311446954
-0.02669439899214443
-0.9172657279813754
0.14393630755070985
-0.08325551556584632
-0.7214831590607915
-0.4280574032115423
-0.4792480270646524
-0.3761340292961881
0.9127273508540206
-0.7843396691980693
0.3457129722481309
-0.13763103217344508
0.7879910751824941
-0.9615976924074481
0.47448712983594854
0.18499763103470745
0.9148874886927889
0.7778227066478653
0.8674321632959339
0.6499339251476532
0.9100834133232607
-0.7388477781637857
-0.18925325392358716
-0.3946561942743021
-0.43565274095639306
-0.5115075403233529
-0.4759520088454665
-0.49529430477929415
0.6280542333537269
0.10556511122362999
-0.9820499685308013
-0.5202667083057353
-0.022066735553651906
-0.11542677574194893
0.004761167226821961
0.9294898083142007
0.11235624357467278
0.801929086195724
-0.728070387100612
-0.022156363368864618
0.01380407442601439
-0.02828225841119436
-0.7300217044917854
-0.05585593794639587
-0.7006739060980185
-0.9445801718942437
0.8481351732450506
0.0069995830439602
0.7088934048121229
-0.8747512306609626
0.44136398939681354
0.25651192783980603
0.6502223808203742
-0.14624597232971137
-0.34736952734668036
-0.5131231704080532
0.03322591260927399
-0.46172921596568806
-0.017535791035922177
-0.1710188770500647
0.6366039651363995
-0.805695250944038
-0.6878790660024356
-0.6164974145054631
-0.5055666360264162
0.5257782482864273
0.4277756952219196
0.23243580451905888
-0.16644928044938512
0.4889552036858693
-0.42929811995774747
-0.9666808255805734
0.046282327496231845
0.0384068825778765
-0.7207192848715238
-0.5555729431612775
-0.5816401097288109
-0.06739525247753053
0.6377725338273312
-0.6470723074469065
0.21135811593432474
0.4000424580786599
0.559955587444313
0.1849309926432594
0.20257142623911717
0.9194372790674634
0.3529319934892521
0.7668802647850452
0.8228654280033103
-0.5573417913832606
0.056899678080816196
-0.6960821434906763
0.32613180923400686
-0.7936901925051325
0.6118644191211631
-0.8635501962746388
-0.12493559016373013
0.7051530233667915
0.10699429332684551
0.8294778254452206
0.5257456215506546
0.2153180716239771
-0.7680024370313459
0.17817757694337621
-0.3031469079718436
0.4384144254312823
-0.2552065905841301
0.3534189079722898
0.29688986501987924
0.02662319076381192
-0.5146499632230053
-0.4722634962337444
0.9674236687459263
-0.42296394501025314
0.6505786565147069
0.07859226082244897
-0.154549531075036
-0.29947875735510876
0.5389290114341512
-0.575326630314001
0.05970218172531161
0.03220295615750679
-0.7547571725750122
0.7439027847027593
0.7974118255352705
0.6194811617614309
-0.5514878395098313
-0.3699550236853304
0.03755768845194507
0.7139352572944304
0.8782856694490822
-0.05413884877230357
-0.8221925438504551
-0.8323285589483878
0.525767989053368
-0.8129914859764047
-0.5320909129038813
0.16033551726929018
-0.7905920103977349
-0.8142088831827823
-0.8394798040265192
0.40602272790412264
-0.9303828688876763
0.7224909857945938
0.2793368412050361
0.825431458664428
-0.4485894603250098
-0.9474703347172257
-0.05702130323701371
0.5456949217146516
-0.24702584092949675
0.6859820506094831
-0.5767532827838551
-0.2995595792672603
-0.1248087722901825
-0.46689644323538837
-0.4483990371761548
0.9535602686754814
-0.3142459522873833
-0.602979370635174
-0.4483102756029591
-0.3392116922264692
0.006818777082394423
0.9669050001338564
-0.43303389803862435
0.5258928412530894
-0.4157653235745884
-0.4390001695620471
0.5982982526182528
-0.8895450691081435
-0.29396114950370755
0.41649790061909453
-0.11113788548130699
0.38305856822518125
0.5936862898382302
-0.8306907962151775
0.7880291501566234
-0.6816442263479561
0.979975176303296
-0.5126738462821516
-0.5924232596629062
0.37120613408343606
0.6019695365138837
0.9723971204087061
-0.5079055470496976
0.8566317205400487
-0.13682983244516778
-0.09804912320316883
-0.34171675286517034
0.2743317901444089
-0.24706732415560295
0.9586833457843422
0.1394107573562824
-0.11563160798385996
0.43433037942257746
-0.031204596020964592
-0.6908084594759074
-0.0034448642697011422
0.8088306402071614
0.7061043077146409
-0.19031659761897823
-0.08154604178177238
-0.43837734563145503
0.18050215290249816
-0.7027420646815972
-0.9006335194200825
0.3908027116259085
-0.2133091998977812
0.2080432615659924
0.5189742002045639
0.5755220817576157
-0.894249654785922
0.8997392056676639
-0.6114161184371805
0.5783028666126222
-0.013943719933579901
0.7460734606802921
0.4318835201438289
0.9912360675152017
-0.5243710268173569
0.27882945418340577
-0.48379374308209644
0.9070547021278119
0.9092457944460075
-0.6486377129944423
0.7233277592392384
0.37467785762521477
0.4206692413672697
0.3273583172109982
0.32187383521855084
-0.07092628057645745
0.7784817025391007
0.42017257547902265
0.6974253958392975
0.22281520007247035
0.049001354920882534
-0.6655766606439057
0.6020428231069939
0.23822301259202328
-0.5248631624287206
-0.4674655358349711
-0.18867944259933367
-0.4431102840999055
-0.8187988194265683
0.04720703081905642
-0.8942236252827069
-0.25812713914949525
-0.4336832557630146
0.5107193468592557