0.485458056110603
-0.75106935532652
-0.29054095672386326
-0.10354882983992031
-0.13804296248704873
0.5684370692328586
0.3032518724556117
-0.5051527137476131
0.795088439594462
-0.338552941874138
-0.9626811515015461
-0.5825798037297356
-0.5127076600776033
0.22599494914094498
-0.3100906158818031
0.8825995756743448
-0.028551035091304966
-0.7217923226873004
0.9965600337197715
0.20915946544788255
0.2529313267579181
0.676626666069986
-0.7538705488220698
0.6260853719939403
-0.08243966608087261
0.472935674353947
0.5072942016566468
-0.4571478809694245
0.58013100930647
-0.11545145957476244
-0.8260506732385096
0.40035703822733515
-0.03783551637169458
-0.18226511094544007
0.02107856613762893
0.2234201465136647
-0.4454262530279076
-0.6467659562775052
-0.9674438949312925
0.2616743630237044
0.0238388262129543
-0.660123538977305
-0.7894401195121892
-0.6812027329802861
-0.14690778370563473
-0.10264981091608028
-0.5040629979176301
0.06521193744418818
-0.5576776402560744
0.9151688779045395
-0.0986571571607513
0.6898454181352796
-0.8285289143060837
-0.028958816598776638
0.886111450291692
-0.3096091219402084
0.2528566593473176
-0.924266204443688
-0.11057538540110223
0.7345692777783788
0.457103650955474
-0.7109948228970353
0.908500621699853
0.23689893300719578
-0.09352461045087157
0.6337148821554015
0.9624512227031181
-0.8023105005403299
0.16005478394909667
-0.6125380030905325
-0.9505982826956907
0.7755654878672917
0.5876981770744847
-0.4049299364885828
0.7027467129467175
-0.8572383045890715
-0.4247076755685153
0.7685722786807532
0.4815353493069703
0.6758233289047793
0.17777067155337734
0.6781420298764538
-0.22345102138420514
0.7145866210769212
0.1263558205483839
-0.522132577943011
-0.13072458986509394
-0.458385896298771
-0.6067463778907851
-0.4174264627207198
-0.4709955106870465
0.678178528394836
-0.2673455223641088
-0.016958661614921766
0.7006534296728248
0.7268867532385834
0.8839282606871379
0.004761126536697802
0.581249298107126
-0.7774018493564328
-0.6952439509944719
-0.19305828378532652
0.03103825650852765
0.7615421473269184
-0.5843348084339177
-0.41517425453953494
0.071232158007966
-0.6272079952758007
-0.03322841961925316
0.27381676698100255
-0.07293097450165553
-0.34090959371432916
0.8173044321486544
0.2854340103448034
-0.720203586884349
-0.19494790437410092
0.4402796280015566
-0.318723276021017
0.4316055150956859
0.9946450067125219
0.151627290187192
-0.16535138040621944
0.7972980681692385
0.7748721947612547
-0.4376118816830419
0.19846699227504283
-0.7152602856943648
0.6535157621711571
0.06316984509029044
-0.2132571346003811
-0.5948700194998673
0.5345928114308127
-0.09382086003972212
0.8252342088059537
0.009413696383359982
-0.29122737942770516
0.956552030920284
0.926048145326575
0.6643000034220385
-0.944369591222193
0.451832051064448
-0.5722403161936935
0.544509880648224
0.6868433719395053
-0.7537499270599783
-0.2401839421722476
0.0038638407975086775
-0.11834043768738889
0.9346413666489046
0.7844857492455952
-0.08630488116197688
0.5309325409425805
0.21391145094944863
0.691603329715736
0.847951133940799
-0.6536843360821882
0.41007823093017803
-0.09131980760610325
0.424543432696586
-0.9785810099058154
-0.6054791098630115
-0.4594619043173256
-0.9621983053756711
-0.020624629773601688
0.888912947033603
-0.9752945343980752
-0.672980277281868
-0.776640008058572
0.12563656645678223
-0.9863827856012337
0.568320912521429
0.6603475114325106
0.15288330502734415
-0.5530992919956372
0.007121475739141125
-0.7556149733273934
0.7004539275930566
0.5228120197300219
0.18665395888764458
-0.4723040737602062
0.7365222722279232
-0.555506131664318
-0.19786139723214968
0.8227693058460328
-0.43789118771642066
0.8375494678648587
-0.7947824123573468
0.3388387949357674
-0.6729862826191808
-0.9713478043540693
-0.4417091689169965
-0.4963301479155253
-0.14766963994711224
-0.9968750262357007
-0.05251432208129092
0.27099137107780624
-0.38745686635334375
0.4845265140125541
-0.7339526875268887
-0.6957077248371961
-0.2208633331298986
-0.03132963877686912
-0.45802190046535385
0.26003135672986577
-0.680222509571428
0.028228419687400308
0.7544400818357961
0.7907583408950152
-0.10801431844822629
-0.03590469185263734
0.0033756026345681533
0.17823583324369063
-0.5594255328266957
-0.07810807198473424
-0.8456236332772971
0.4975564441612026
0.08829431637343799
0.10654086206987445
0.6229422413248733
-0.5732906347695557
0.7038585719078336
-0.22316679138284679
-0.2228559490983124
0.3163350494872321
0.7986489009441986
-0.6476320433694478
0.5085190682996659
0.12128513665622331
0.8907127819329121
0.9171822454976437
0.34180232603830585
0.8941150928505179
-0.4555043203716995
0.9370392282737245
-0.20921307386709986
-0.17248129124651235
-0.8649526450020533
-0.18162715304565147
0.5690360953521711
0.15018392507041356
0.3450736203737941
-0.36940745546551623
-0.25271998705322174
0.39577302339932263
0.7624281232249157
0.5979683156976483
0.7295839199872076
0.1293778098064997
-0.9550841081938191
-0.8226162941667852
-0.40827278383315857
-0.3000553299916293
0.3152526767598851
0.02497193516678964
0.5474290364604795
-0.18974443098390825
-0.5656921939096851
-0.912736541452251
-0.22602728714910647
0.9066400180419847
0.5429444950151701
0.9605853692972606
-0.9017019990049897
0.9679502638667754
-0.8092811683326739
-0.2888304138231228
-0.14253079229891807
-0.7875515690443817
0.19479359363865156
-0.2490897194980708
-0.11333576465221684
0.42281978988553415
0.563403748936913
-0.5757453891254944
-0.606192081881407
-0.3067936869788499
-0.2558142862838766
-0.5523094752693614
0.9156186002944262
0.355171679519414
0.012989558326620188
0.5335251512476828
0.33800817235898606
-0.4954946742842472
-0.7034310466623175
0.5988691541706181
0.7667714718598959
-0.6226099720624487
-0.4864763509217369
0.7277700979247124
-0.83533207142712
0.5766620252237862
-0.06086501552768975
0.1774464804738234
-0.03816633156113047
0.41370598653339186
-0.7641448522280678
0.3839837894414606
-0.3384831881545516
-0.9533975074434622
-0.7093561047578498
0.6071406419683205
-0.597337461285558
-0.996040208782327
-0.05053535916573915
0.2957894114999211
0.5240519282903007
0.5886581743232937
0.6257873602845196
0.9431509453284097
-0.927911393303618
-0.727970067954335
-0.7721316640099056
0.6884173036940524
0.9539600335091047
0.8973866605988603
-0.2874530205059749
-0.04388790478247517
-0.06635780592017526
0.48652552600149224
0.3149628864155658
0.7626973049447769
-0.9549810043206575
-0.42934572987206
-0.4811685741335856
0.8002959833350736
-0.5925979477280159
0.21880000194432814
-0.2877555079118099
-0.1666938660838595
-0.12774713921340775
0.5724962318470279
-0.7033758262262646
-0.09385297727394049
-0.8077898641359573
0.08532818982048407
-0.59816330935838
0.26731342243525247
-0.1074315577103373
0.13490702713114744
0.7358768207687219
0.06566851315835542
-0.061744098889128685
-0.33863331994347057
-0.2341661167122846
0.5897529149695
-0.3654136630118825
0.3319307855447915
-0.17238823694069882
0.9654112802947463
0.08315799952232306
0.08499908415848578
-0.5055688198466408
0.38562257802154143
0.23065787072759303
-0.7263834470694104
0.22793470649331793
-0.5193050853025707
0.07409969824220064
0.3643628638144969
0.9517253080555443
0.2098704057030394
-0.9131597829248186
-0.9514115547179063
0.6591249081883537
-0.21274603218799193
-0.14456373793975108
0.4703570736602489
0.36236752226405833
0.5930845041889401
0.7558349592078342
0.3232824672682115
0.9847575730018743
0.4110916667725959
-0.28644418498093893
-0.6030734425619926
0.2959950397300284
-0.9433072274863619
-0.08531255092115808
0.0022268137832521795
0.6353239678877776
0.826629137850057
-0.15719872685300196
0.36825027290789336
0.5052282618891488
-0.31206113633055566
-0.27840212716667545
-0.7881615399365591
0.29058150443100783
-0.43723831225473586
-0.49796352414005085
-0.6646475729126371
0.012878105583663535
0.2537419426770804
0.03926251762705313
-0.11913293075514719
0.05662641549966896
-0.4671702003348892
-0.08703511035761458
0.29487338626804505
-0.11188946212766582
-0.6419105706847079
-0.8842134641784323
-0.3260102664021629
0.4311610115084177
-0.26124646191469547
-0.4427123938739177
-0.26188888832910084
0.1907567626005764
0.0883239991707161
0.28450912053489397
-0.13393805813199355
0.10654741938586954
0.5485155565135738
-0.5372778060738788
-0.23520087509661658
0.4463257133068794
-0.8678332999022629
0.5643103904416729
0.12766995167502748
-0.663664734267126
-0.90200515064531
-0.6176808776789422
-0.44877116611171375
-0.10545420851302745
-0.45277141221505635
-0.5493799185438581
-0.051122108462010596
-0.7997550326156924
0.168310306090504
0.43826879182811873
-0.8243646621102219
-0.3988314963517816
0.15829447027812305
-0.7254284752238613
-0.15393229512233653
-0.7802117949613345
-0.5664062457096735
0.5731339297752645
-0.4240953472864528
-0.4186969925254991
0.7480412937888312
0.4025000000729524
0.5746252777684253
0.22013079183575135
-0.5872509256100111
0.3002818118106243
0.25209265972210604
0.20182023791402326
-0.9608955888249657
0.09891313371256039
-0.3880654988250205
0.07045081206696402
-0.9855404269908734
-0.3429649864241979
-0.3876175490916747
0.13329617046954123
0.6499423905387518
-0.6854427293719985
0.5102933575418218
0.1662215561672542
0.2391190788704718
-0.010521117670197366
-0.9124789862701697
0.11859451346264649
0.5219712384879218
-0.9929985389177576
-0.8520434560597077
-0.7493387555050477
0.15991007139136015
-0.5635769731762215
-0.904258892008621
-0.7846295354283841
-0.15509847122632303
0.1502206298399531
-0.8559845565017237
-0.30300419507032883
-0.05310619208671885
-0.4244900627766357
-0.9017951786535789
-0.648078319753006
-0.30686220380973595
0.3525660608712218
-0.6059142083453914
0.7769860939773836
-0.45939575716819125
-0.4324266040323963
-0.014840025291127823
0.3650868910426808
0.747897993459117
-0.9671377791781393
0.9785917741328274
-0.8899338074976395
0.3297933565020721
0.21277497972319126
0.7820214869693696
0.32839321924017795
0.5172938252775154
0.1278749512963504
-0.4692758010969016
-0.40149384918387376
0.7957148561175562
0.6091995395605407
-0.32540868596535977
0.5726645644520318
-0.7179060267590092
0.8432050948319283
0.790856430858184
0.6346971255655454
-0.32400819310883033
-0.6707430536266483
-0.3822333655090777
-0.6647505640520448
-0.9617322560078501
0.4869177420095945
0.5677838126393622
-0.4238175341278261
-0.5360537269505419
-0.6220075229760658
0.27752155563727765
-0.8870981000207672
0.8450968549798339
0.8943467494956117
0.6683702234517102
0.9818158985057954
0.4502551060959117
-0.6645449653517452
0.7737987379798752
-0.4539006057417978
-0.6632521203723225
0.11440984786875874
-0.9890239939340957
-0.015718677497633227
-0.1478261821961233
0.24821404188130747
-0.20167442565874394
0.9051959747098715
-0.5214212686099664
-0.5259512955559067
0.09556826512025163
0.9904614902388191
-0.19225305031571938
-0.6222022236837812
0.1125360008714904
0.5341961947672562
0.5713446603039207
-0.30939356160887854
-0.44979061834968137
0.29841893465907665
-0.07314157499644858
-0.8702527601332222
0.9999158722850976
0.3074530732606391
0.6198136779691303
-0.5259499579220488
0.9102235488052652
0.9010628381770975
0.8673957581141949
-0.9083019438035149
0.9792475715943763
0.8925834511504287
0.5106196385252897
-0.9182550698364551
-0.08659989875689522
-0.0675348089356278
-0.22374926018181518
0.15451701201605172
-0.4603183816443195
0.782011506271856
-0.5982774710495746
-0.5401147361005747
0.4853353670925107
-0.5123387377489743
-0.43107488893662027
0.7431118989126901
-0.8114015339010789
0.6359995545646704
0.8977232298927362
-0.17269841232569383
0.41928641401510736
-0.647302781100854
-0.9015039631760096
0.8352953945121973
-0.677500404422722
0.739533027954403
-0.030616374509101263
0.9281457384543048
0.9969341836796279
0.4002556838481406
0.886203816697916
-0.8182604158080256
0.901802119761357
0.8111775366768501
-0.16147576546477937
-0.005469886684262404
0.9439604834971331
0.17193622373313877
-0.5931851028601505
-0.4402953683736448
-0.3871839943106876
-0.6090686688744509
-0.8969941989692753
-0.9627602786796248
0.797439878754955
0.6783085178315775
-0.4643631139618729
-0.43739838618087834
0.5772814131284585
0.08375629485909197
-0.0073963735806987785
0.2069007199942332
-0.24726620619163775
0.9312476433806665
0.36566644283922756
-0.6386358354563366
0.5692506889949116
0.41115272435081773
-0.7761271478727969
0.892820304008419
0.30604837080573777
0.7234274200047452
-0.2235728732101443
0.1542138444026131
0.9888637528688393
-0.8983941458475719
0.45848427303985795
0.7786260740922035
-0.13434025395980354
0.5914938245772299
0.7817842514104805
0.40428075312623735
0.09761824538386166
-0.11936430290276645
-0.9069723534345295
-0.9109226998536009
-0.4151180419742242
0.8301295431017197
-0.2560702551516898
0.6386334519777672
-0.764772064339057
-0.5434119175658787
0.19766514341642183
-0.6350395244315667
0.4647053586822718
0.22223691232347442
-0.4005681355542081
0.4486499359279186
-0.7485366443865806
-0.5411972931786679
0.5304625712102833
0.9191914325389521
-0.651548726886503
-0.009301806381964095
0.581267937334778
0.636531026737825
0.5287205838117155
0.7632327834978525
-0.36486139275241825
-0.1801868972483871
-0.6900174852684298
-0.20714086609614446
-0.46936494264595807
0.9712127627770866
0.4718156242291587
-0.7928969652166156
0.3130418216671804
-0.9148263508966601
-0.19140152750053563
0.05646063741474494
0.3320595370395176
0.7132994942502655
0.5944567172398196
0.6338445159631791
0.4604485999961556
0.7667885767520635
0.0032382404349888816
-0.46024285830966316
0.7639236048736044
0.2283877093101072
0.359914674528665
0.8886674011655606
0.7010765903466991
-0.3034264762590242
0.8982246084833052
0.2823503367550271
-0.036382637243267846
-0.20849254509952564
0.6645568084494566
-0.7372844954027094
-0.7097456393246806
0.8543389148982712
0.3508806905123676
0.8605499258713303
-0.012814238422190538
-0.8998395147350104
-0.4101096850758694
0.05852978989922075
-0.017224257656702102
0.11825667437991494
0.5325919933784573
0.04819959006080676
-0.7007479938946104
-0.7989803321221023
-0.5158711619914536
-0.09057508330208774
-0.4026357008235224
0.05000304070197914
0.05828591329362309
-0.35070635540203976
0.6631906026658627
-0.895063911021323
0.8278292332308992
-0.06456924652822904
-0.8442013835478437
0.7724976523938551
-0.9114783716938593
-0.5791932437355489
-0.8765104416348928
0.6375692642988653
-0.28207819762412645
-0.43272358078753115
0.7109116855646809
0.6230476002420937
0.41229505102354436
0.3079719234205269
0.46721436769090174
0.5533952736008301
-0.7675358256662739
-0.8554850382116683
0.5316267737662237
-0.5325409353497499
0.6702424487456675
0.2294847996812972
-0.4008156784628134
0.5388962938064155
0.4810132437060215
0.0037165183940270907
-0.37492021320785596
-0.015188509989719545
0.2388474941817611
-0.2429281684445308
-0.9009294055781008
-0.2825425262839405
0.00767540909660025
0.950943476457212
0.399051154913199
-0.47308390433321845
0.32001334438948037
0.7034579094277071
-0.7735413573948626
0.2157962031020062
-0.02989345627453255
-0.6899441475061665
-0.029276302480600425
-0.4693504000112334
-0.8032413251146406
-0.7152849616578982
-0.38962337960829707
0.37613982573851823
-0.2927258307795406
0.45633144059950337
-0.6278930988142488
0.08659441757354225
0.8850738783709375
0.7541447254717484
0.4041759278599686
-0.033295713026527896
0.48558529651623417
-0.42453936594004227
-0.13259605974951794
0.4291496249564626
-0.33401617083656143
0.29995183942778514
-0.2065531846138402
-0.2784206171674284
0.8694265809367625
0.007038914455438361
0.30277320726604073
-0.8862375803131335
0.10339364855556732
0.23172390940648913
-0.3011568122181816
0.4470452512645855
0.5295400480374473
-0.8225503877588434
0.14784280479819323
0.9698086630664349
0.7732475721005121
0.5610605332017324
0.622493380056018
-0.705016521051258
-0.8065116246513679
0.46215365982524603
-0.3211212368765255
0.9147104995904549
0.12660227710397454
0.10192964038502894
0.10145213268855757
-0.9220174983661882
-0.0649039840478034
0.8465830283785842
-0.6544071675576904
-0.0387632387788206
-0.5372366357437375
0.324252839356709
0.6929227377825575
0.96497397107222
0.49334325528962975
0.9040775060301087
0.545672483970491
0.6923172522345737
0.9431809703539527
-0.4077080094501624
0.9733012277769861
-0.07296133288155704
-0.6245827603166314
0.04725403683123042
0.5534772601223048
0.6823174560827914
0.16193755084644268
0.7597376079581568
-0.30384231684773644
-0.2606704706776368
-0.2129656039954282
-0.5130210052082784
-0.4958342262892128
-0.0850449829852491
-0.013205110011281551
0.14604495392418082
0.1230607269606161
0.5441095070642001
0.32580228432605773
-0.5486089989033818
-0.05558209393424307
0.02713310902308841
-0.3056223287334019
0.8290629312606492
-0.17788162623361758
-0.34340687091700106
-0.4130178827651654
0.865613782146905
0.478980006194917
-0.9255655776018676
-0.6149583363288433
-0.3860908977333075
0.7142841280324563
0.2472115788048972
0.8983092286302521
-0.3148275791636046
0.6636983726635914
-0.4851339859674242
-0.10597827910738866
0.7467732912037222
-0.9533846969436501
-0.28754578629610417
-0.33088086223840296
-0.6894293356985468
-0.8690738711990385
0.6184849890369388
-0.8913658668198865
0.4509241847669223
-0.34130423147442324
-0.29436786068449927
-0.012046690702283591
0.5462565716915622
0.8742555130863272
0.6775178881046244
0.727966333203879
-0.10751544780200994
-0.9801837610451323
-0.3968407079861209
0.5633215888298346
-0.6033083805090143
-0.2328017390464685
0.7399586833707819
0.17082116777561906
0.6269814535689213
-0.6967857935268487
0.7453674616608854
-0.294091280100786
-0.3157937565573581
0.663502947387276
0.4779868026375873
-0.19767807975321516
0.2760499428597787
-0.5504629293987713
0.3129307464324338
0.858718970445199
0.5147783769307452
-0.6166246497036609
0.9276898390300905
-0.25957761590166895
0.4914682656659166
-0.6633467496792831
-0.15980459294192695
-0.09769287694444562
-0.74572033310407
0.0661296437520813
-0.9721775597478883
-0.8169640382910799
0.1445956385435918
-0.46507318809038733
-0.10086166616364944
-0.466045349079683
0.6816571181689612
-0.024009080016789586
0.14576259186367602
-0.6642826689282586
-0.9018513147518001
-0.8959744488523786
-0.05666370359357642
0.6169158153181369
-0.6545804641399315
0.3379698415644625
-0.5047136762713054
0.44833912519374697
0.32801319738205414
0.7160466587139864
0.498587048471131
0.7791829824261458
0.28093688337654554
-0.9814152846953446
0.2587702378921919
-0.16356706605176896
-0.8777096866750951
0.7467884418306194
-0.6131373322411235
-0.9631696839473058
-0.3281499145615321
0.9459288249381537
0.5081049330320153
0.24001567617445052
0.7692429673299224
0.6430328745668721
-0.607141437829922
0.1656357330819096
-0.14495674127793534
-0.8325941636962226
0.23676726958179195
0.9168300553752482
0.0023333420309501474
0.4750082250968639
-0.6037987691765512
0.5108943620574271
0.3700632604696228
-0.1259025710859354
0.9561064737039766
0.6788226345255914
0.5046600117243905
0.22542451348664727
-0.5507961872620617
-0.8831316140498204
-0.46640337215761773
0.6621427015289907
0.8555903747924056
-0.5283941492990774
0.48552418648108175
-0.7115041219727161
0.8773285582422534
-0.9080217210380968
-0.07553530169614264
-0.5855775570769668
0.21851183481161307
0.15300766697513057
-0.0316103602870097
-0.7134207396116179
-0.7323821667535722
0.24905805264310166
0.477833147462114
-0.6517344403264229
-0.6427507773084555
-0.8931998635633049
0.11803126134445252
0.1336177188626546
0.5617128366545034
-0.2154876429130479
0.06572422285354462
0.47947623090410385
-0.9309278485912658
0.6537074875585729
-0.03036078582249102
-0.24014278500614394
-0.6261401482719551
0.32494899005195954
-0.347805267576369
-0.753410142583328
-0.8846742428551577
-0.08801358370655032
0.023541738049337235
-0.39031852689601854
0.6747329028595785
0.6695585888519588
0.21044404412201434
0.04101023984967633
-0.5098415552640467
0.8417653671053564
0.4440538464124262
0.6797622526384453
-0.9462380992541142
0.9786548737725052
0.8860435794741592
0.5939718211410647
0.3312750351175897
0.7321512274037194
0.6413571433286791
0.5679342685347373
0.9532770996150521
-0.741574357860439
-0.7167848009481597
0.931696322485321
-0.6894169831182266
-0.48416763838528043
-0.26283962677128936
-0.5444412636361369
0.35540692685358977
-0.8175335616840251
-0.9566799265971639
0.6989071391379773
0.6111466666151171
0.024313340412797313
0.9626604001649148
-0.3329361458230349
0.4182373193333895
0.0394208200136732
0.4593912406483378
0.3772964345734213
0.6233753532675461
-0.10567749442692675
0.3851111793098052
-0.643125362405359
-0.4268873375026363
-0.9159609650481402
0.4171869322718671
0.868148190661306
0.9755204827620256
0.4408220145190809
-0.9386426360781772
0.0705271855564722
-0.09993158900351906
-0.1356819934230018
0.527514290563827
0.6253308158457489
0.6209447797740133
0.17452664541044993
-0.29255751407515307
0.2788019028528741
-0.36435402258848715
-0.4420107147586487
-0.25782438850492206
0.9540439436616843
0.0641483867921866
-0.8851019430204938
-0.660306646574145
-0.826883515411319
-0.8982056326275292
-0.7672215431753353
-0.475076340333642
0.18240090390170738
-0.46484472556366363
-0.4971650135528125
-0.8105556004548884
0.049462576416917425
0.5223157639369032
-0.3968013089349023
-0.8803174100434239
0.6755255447561648
-0.8488777374720382
0.5891624925241881
-0.16139235364319604
-0.7619252683356783
-0.9029176759579935
-0.4675413394455463
0.9002971603784173
0.003544430289179834
0.4090698491703386
-0.9620476510128513
-0.9717686916173385
-0.8038545374044497
0.5021750351795322
-0.49493178676500227
0.7701721661689351
0.04269748772338122
-0.9716757668662561
-0.21477824009629876
-0.026795043506986582
0.311019901793008
0.5328274996994473
-0.3716092516550713
-0.7473132909468712
0.13219479704073156
-0.4752398390628332
-0.34870337258236295
-0.35195695777319624
-0.08655598939255982
-0.6107107569245394
-0.15898198639507144
-0.03790407282958497
0.9850749316794924
0.024641153713081287
-0.9093379601227283
-0.265945465768189
0.07381329013513716
0.528024046151766
-0.4090964873780094
0.7206308547234721
-0.3779618190009473
-0.2566716060160352
0.8718620146147458
0.6072117322766377
-0.9284591284654982
-0.9998545705266171
0.6338063892606136
-0.1258850810283827
0.37331213717421385
-0.9404084691881336
0.07026313227925751
0.8850318206686054
0.1878587324744816
0.642962840630833
0.8287991286720173
-0.61300508464271
0.4032024825093199
-0.6444354519172371
0.4162190729426669
0.11660833769363488
0.7108112557509196
-0.5936225551312626
-0.2468135726553491
-0.6534465955942579
-0.4308171005010686
-0.10437552288870267
0.00017938229269676143
-0.4205205390280502
0.9883892349409067
-0.9269504712952563
0.9235642235422723
0.7951337809289867
0.9660592897077407
-0.8433328785081935
-0.08938921061542127
-0.28735071134006085
0.6487780475012905
0.7502449180589006
-0.3365682252964066
-0.8318065084788451
0.08420593802058818
0.578333214244805