-0.7835371451185338
0.6589769187380157
0.0781637140986784
0.79700272355575
-0.23342191107386046
0.032430457209230434
-0.32004945036277266
-0.22173976590265898
0.4654210628655642
0.4456943865361256
0.38723538561991333
0.44919771961942456
0.859061310904893
-0.021023262320692515
-0.8764222300179152
-0.16476798764792844
0.11723321057476732
-0.27352041236955493
0.8800854354935481
-0.27480336509428027
0.33869108530887626
0.08417461561434991
-0.627491557426175
-0.01159871042135241
0.9826047832564351
-0.026904708597256688
0.8369483844583221
0.6767122171010445
-0.7420838570720258
-0.49834748327963485
0.9410865512105862
-0.7446568653356638
-0.5033499812202089
-0.2052354185656835
0.8649972297404762
0.18512076257384003
0.9083457504057735
0.9018803853515731
0.3300000569323267
-0.7500143193838469
-0.34467900727375755
-0.7291695306265391
0.346193940016281
0.3998222632784978
-0.8729698629703515
0.2265224251941651
-0.8491969623170363
-0.2904561073331504
0.12106300218624133
0.6981738746467709
-0.11852231509116185
0.05845405529368586
0.22104911828534246
0.6368256371487915
-0.6577757073398987
0.9230882973216694
-0.4776336008041502
0.499969040143057
-0.4628376015852038
-0.37741164056313026
-0.7962094497512542
0.7559976205785233
0.7133925474915686
-0.40785728964878154
-0.813921391329073
0.16782085005464542
-0.9632438935404148
0.303845149093952
0.950765575421658
-0.11871026105860727
0.9476306828842089
0.35665221671928093
-0.6872192064477762
-0.8601211579279964
0.6146674537871144
-0.22377212155714865
0.760939291686676
-0.13323518251070343
0.4427368549669981
-0.8755678175097257
-0.6655457569431509
-0.4732287083450648
-0.3561508297262779
0.5553322410033961
-0.7215871135383338
-0.9055157679026364
-0.4608323621217596
0.17566410708320856
-0.3255825808574073
0.6571285598666785
-0.052245139657429496
-0.38065429827908526
0.1210178071579342
-0.1367290800152412
0.12651127824652475
-0.014971528522667699
-0.9774458441192715
-0.1811640017755083
-0.87368933160098
-0.9050696967088379
0.6276224200479454
-0.4687409809128755
0.8060577927851797
-0.05186822330199892
0.4719189950581264
-0.6364916792425959
-0.5156024222133002
-0.8738524517803092
-0.6524042487353863
-0.014957275808820558
0.19098920526662644
0.7037898311328183
0.4267640789970357
0.9255923341484296
-0.2953241600114216
0.6684527911808911
-0.28681829311946383
-0.4540271205184456
0.43077972795985175
-0.7710543221474107
-0.2654746198863698
-0.32076719263671527
-0.8445649731846192
-0.25630272485528915
-0.6944944588375215
-0.7704421077599433
-0.848439574220502
0.28571232147666037
0.2309533215580728
0.7527449888961251
-0.8808916527474089
-0.9036421258253002
-0.7594696409403996
0.7929509724209614
-0.24943511438996113
0.49751950062673345
0.6616678584091251
0.9546890202312186
-0.3456917484418456
0.7868741414031593
-0.5846542426346244
-0.6336795000955602
-0.9470279884497184
0.9002460158617547
-0.7613776230645732
-0.6292257062900013
-0.8548484100598861
0.10194850495327823
-0.6698797961332186
0.9794071713731847
-0.4683084306856755
0.5974142353304277
-0.11029060384374989
-0.5349620709041107
-0.13239014829160567
0.5510935986513068
-0.5971417240259211
-0.091892353717971
0.0008383887588505612
0.1401038614541361
0.8536485707233985
0.49348994383446576
0.36162867493341966
0.17063005988916746
0.8659526798007415
0.03333929615852704
0.356686246306507
-0.2243552115555929
0.7996724419552323
-0.34396926122204263
-0.7150159176841047
0.8079069651265125
0.4892763296017235
0.6945580024976992
-0.012354572197316838
-0.11161554661148343
0.026926032254870558
-0.058551829455649074
-0.7286231225696143
-0.8415535712206093
0.551653233496938
-0.29764636886059326
0.632177878804959
0.4860305379078902
-0.4693253403350408
-0.04685651454146034
-0.5905358863704655
-0.709353845132356
-0.318979476029273
-0.36499522505224236
-0.8825130511640535
0.6732493930624057
-0.1377139378823926
0.9549372138549042
-0.10124568345554796
-0.9835016220725523
0.285508073142964
0.8186520059032185
0.0522047199536142
-0.4025510865112525
0.2026547601779498
0.9101314048126925
0.06015164855412736
-0.293358472671424
-0.7046733064856037
0.19735993157750986
-0.9535035041756066
0.4058886339055685
0.016369793352540407
-0.3725780081033647
-0.5455795508967267
0.6201998392722712
0.4072011252170482
0.7962848474306965
0.7083973692411805
-0.61872288784683
0.22548254992531125
-0.10093181725061462
0.30273086242436964
0.682662034586321
-0.5461536864059557
-0.8193875414072198
0.6197556677910816
-0.6783908525697482
0.045765385313146556
-0.3898937598667027
-0.8605887996984394
-0.6112073293891362
-0.6812586567541019
0.14223008572469964
0.7469688851321172
0.9704518397055846
-0.14183480286564887
-0.12269406931318882
0.7689923837387425
0.07223206773298152
0.21822280490741086
-0.023728624020385336
-0.955346355533738
0.45797229631416725
-0.5625545361740278
-0.18401749409953494
-0.32429249137330074
0.7596449404533796
0.054570622619937836
-0.5402725877397712
-0.6331261542796245
-0.7289888609332669
-0.41446278074265863
-0.574791327340487
0.4222437982034535
0.1340634595177974
0.00679665609454827
0.41411865607217146
0.5959695376322569
-0.43177041363632607
0.3953542459033903
-0.017484455772738716
0.8902308362910589
-0.3079751208145365
-0.521660149409414
-0.6324041228011776
0.4134663365667579
0.8226742114813013
-0.42337069437493846
-0.8669300131312969
-0.3166599844222766
-0.1457492812441119
-0.9939697657914963
-0.36770392020666764
-0.7371471037635273
0.6782616451808159
-0.4125180810756577
-0.3222827726088835
-0.05902409258290353
0.017670509212345697
-0.04115313010326993
-0.7466335979918917
0.1601429253149902
-0.5829182478201356
0.4225089190624236
0.746175192214761
-0.7441669222927882
-0.6478818533235724
0.03186567989045197
-0.863950196227012
-0.6612193840542397
-0.9188013453892525
0.15219591764621665
0.7916362468648053
0.9417529235017181
0.8997403970607536
0.8280779692177631
0.008041935615376916
-0.5013563144635829
0.9488769081124808
-0.23826784672920232
0.4688174162146459
-0.5400244000346186
0.2647227625062991
-0.13464570141540944
-0.6464629162665825
-0.9717557680477946
0.6042599415376282
-0.6717448006576761
-0.8664717007738367
0.03628886663551589
-0.10155151392101192
-0.36488127966401773
-0.820804632584456
0.6124308982867006
-0.3341992447953601
0.6319892528584503
-0.5912906872011248
-0.574277324333937
-0.0542266660863826
0.6813548884887881
0.42503090009034517
0.4378238162826391
0.6599565527000815
0.19741393211185843
-0.5806210562580538
0.29931751661077843
0.6921650859301443
-0.7033142401275216
0.1603367837884797
-0.8103476980364999
0.296550197137156
-0.09387174905451423
-0.5130298608351884
0.25096574154889106
0.38289708772485187
-0.31398824485614063
0.06393498302861444
0.09818219544166684
0.6063864366916101
0.81415961600078
0.5746206845511337
0.0737458977959391
0.9356535673038855
-0.8415961066864639
-0.8908565611876267
-0.6342700546983222
-0.8211490477584082
-0.5278519228476868
-0.9431447048391701
0.012787145025520585
0.5631706882534988
0.1250722481697799
-0.2754782935018114
-0.3125151716262049
0.07153027143115476
-0.6095731545532594
0.26428080652024066
-0.27342017370308436
-0.4424169590113134
-0.19891246218952374
0.2128513535081813
0.8482782253977144
-0.6320334921725592
0.9379351038414159
0.23817763376697787
-0.33765124447042827
0.7474976311716108
-0.21757355814469626
-0.2338699595511613
0.35348430064756164
-0.06539977083982418
0.12567686486125296
0.7451344399713862
0.5046498211419743
0.008368229696601892
0.030501865240791792
0.1737023667517663
0.25158541946453084
-0.21543450462461244
0.39498540295649787
-0.5214714423203681
0.9350636421089313
0.5362393385372743
0.32717544963136524
-0.47230449332931235
-0.7557099793367665
0.33553057795416996
-0.3787379764018204
-0.8197746719783086
-0.7299189962951391
-0.7123705473733615
-0.31311365715404915
0.5828146213680345
0.8166595814304101
0.37254095939206744
0.8087810229397068
-0.19455916268699647
0.8844192446207251
0.46902041157142405
-0.10358670215466836
-0.9565912025902321
0.44660005624994326
0.8625553377513961
-0.07743424742281069
-0.8180296950269785
-0.647911063119939
0.8677846339865218
0.48265904154952355
0.5685179549409134
-0.9841472410859688
0.46306795224601416
-0.6478007160514754
-0.8652785735748392
0.09937189837418825
-0.7171250561817775
-0.9398737964057264
-0.06724994142491103
0.1894218573481603
-0.24938515731820354
-0.7548181613324803
-0.8078943400317107
0.2457071681831775
-0.5596240436958795
0.7598999113546911
-0.3178127645742812
-0.6588914421339638
0.28352937193278827
-0.8094274736042897
0.2069010746854547
0.43407346875485153
0.6526985567010612
-0.07921491275479475
-0.20710623785406912
-0.6253497966100281
0.07633048178314206
-0.12424399847469347
0.04732764871009332
0.9309910514701059
-0.0860633385598033
0.20437572568993456
-0.7860246313409025
0.1471449292099447
0.9073833867796
0.07834728443653094
0.07835839387478827
-0.1969039868153606
-0.9727668109397225
-0.01510565419084009
-0.9087211385430194
-0.34298544645143614
0.94502070940227
0.1432768386151133
-0.29803045029012054
-0.11759607596203048
-0.5318598797874008
-0.3654659821207893
-0.5080654071387616
-0.7523792823558213
0.9190304104432219
-0.4249815706987241
-0.6869544455867016
0.08997594087397487
0.7372452532352767
0.9412530051258219
-0.5438727074038547
0.6904140711530773
-0.00893620409581164
-0.29326746972265294
0.0302636952440114
-0.5492756110958059
-0.9681798549234413
-0.6104044369135992
0.8111696862698774
-0.1358661513831525
0.6030053215934716
-0.09098483216662134
-0.6073680751490627
0.9078499599798653
0.5620077741257008
0.2658480661078215
-0.6723764116257924
0.537324926891485
-0.4462476247341105
0.308846966740181
-0.5181453995287171
-0.2840993260400271
0.713075868161418
-0.3846224213599223
-0.8595864488803546
0.5077483695332046
0.4174361257806507
0.007910374950989008
-0.7774883236626933
0.12446036557824036
-0.13321279375959993
-0.3467213389252748
-0.26015722537624253
0.8258111904937415
-0.17068860606032565
-0.7727042943323994
0.19871338749589484
-0.3160449696868217
0.9497020615148608
-0.12427864946497369
-0.48630496117315714
-0.03431669256201486
0.16758189521942124
0.5956379597617636
0.6045347364145706
0.8952269998412654
0.3347593306567458
-0.5153107526605123
0.14140501068424616
0.9324269473021161
-0.10965358019845639
-0.13842794437995587
-0.14457518328901142
0.4196460794749737
0.16359596439338242
-0.1462614415114638
-0.9181469211192497
-0.8725808365774939
-0.6708346936728153
-0.3958274693586594
0.37319944232323676
-0.2634940305679674
-0.9359226806663763
0.4567628953353404
0.23462737151476487
-0.8385826344202927
0.5399404768725613
0.2517073101156857
0.746240667699466
-0.41732316416955895
0.04780589076439523
0.516768712331023
0.05849029152146934
0.4998962475561841
-0.9649242845722472
-0.26516311372051504
0.6917586289161737
0.011646011185801441
-0.6616234636305918
0.8296050084784763
-0.838841271030146
-0.8921935722173202
0.6195566972497719
-0.3999188851040687
-0.3295308029053836
0.22335965606946573
-0.037740122660264275
-0.7594239510681793
0.9538063439878754
0.7457076727086884
-0.2547044714339961
0.6379848533130441
0.5663272430785291
0.445011998714806
-0.7268867484844466
0.5107299736097866
-0.012025748971283168
0.9686700317574448
-0.17808059325729664
-0.6813621198911399
-0.5972553454630449
-0.8246186642208635
-0.602493145611813
-0.4693817676868486
0.06486537861095609
-0.2805633285703968
-0.40332815750416295
0.06011079917665718
0.20629577596402693
0.8966439809316071
0.6180686750055309
-0.29872645594298386
-0.5078610388545226
-0.34725759444144844
-0.8909909929050881
0.9661348293585317
0.15383177094462064
0.07764741737493264
-0.2854604270719845
0.9819012398839748
-0.4804499281789001
0.06279709286670698
0.7489163741834461
-0.650773043990611
-0.18554797433387193
-0.630079282172705
-0.8148522763399308
0.2403739503971809
-0.8527104529759557
0.2402220632320815
0.0074287582343341985
0.5408120669715486
-0.33990774932009993
0.8031610758476575
-0.13156550282382318
0.16144639973343278
-0.6355124659026639
0.92305297304102
-0.4362388361405787
-0.29880215369759133
0.9804625830635463
0.9687755057072283
0.8955133311396839
-0.5922298017251328
-0.6639317077128997
-0.8139424386502603
0.5571169070737723
0.7903041043223298
-0.6428032743472392
0.25157394014921564
0.35161940170129813
0.014520959466126637
-0.8716691969760042
0.968850719815423
-0.46464325605514323
0.14423646917884625
-0.35955641747630396
0.569137394069078
0.9436042052349711
0.7331862576298578
-0.5439246866496519
-0.5223223378802306
0.9138218348936551
-0.9647220093040589
-0.7563676763992833
-0.7646839826151102
0.41439360052224994
-0.5643390933950712
0.025742519043675305
0.5678137522575555
-0.11421878779290351
0.19812819567009532
0.36266712279884206
-0.4692553269384865
-0.7927021785147372
0.5954569357468096
-0.94390572223198
-0.4702525286265964
0.8931132769278824
-0.8870836785537597
-0.27425593412720817
-0.028878780487474387
-0.21652100316767497
0.10506531217409942
-0.06297436900122588
-0.6805167829464267
0.7309140767035918
0.9989103504659786
0.21255503442403167
0.3472910564104057
-0.9636626985665298
0.39943475289467645
-0.0966874481424691
0.03291005134268454
0.16647318844894365
-0.47038533494139734
-0.858821954309879
-0.7517769241275976
-0.28515634768089804
0.19962912539435052
0.22990986767616328
-0.6906938411568584
-0.26905403060555244
0.15185059601161988
0.5766649504685417
-0.6124415648105361
-0.18246886389825434
0.8768023304894172
0.5837873845863739
0.5357072383662145
-0.9848718101083691
-0.886635665801029
-0.21147877162326512
0.6635283566200505
0.07241816687250324
-0.012784861303049011
-0.7389950299545565
0.39664071889559804
-0.08524217557557168
-0.9707778904351803
-0.24270056101527504
0.45864632088349766
0.0011043483572004131
-0.2491572201773231
-0.9993150970569487
-0.6523550748139364
0.10739716926399545
0.6373627519988789
0.3268641672980366
-0.8380065589131684
0.7140712959712634
0.05403669240154407
-0.2177920245436138
0.8038919216437861
0.6611782069761969
-0.7016257993160737
0.6191134174393778
-0.5156265702430185
-0.33573589873319554
-0.13931253241488162
-0.29695448026945526
0.32287964119806256
-0.2452548002392807
-0.996244085299153
-0.9557857807315098
0.8203114645889455
-0.45922170949381624
-0.7314718821339927
-0.5259115300551529
0.027268705037851282
0.48372961209594467
0.2565170296577086
-0.12733863208247542
0.7028487269933041
0.3179567842659692
0.11057347483159097
-0.46723072714342195
-0.15383416920483017
-0.03882000878732961
-0.42239976152328973
-0.877044915886819
-0.55350121400854
-0.5973697335254051
-0.03886972408517475
0.5900912945544257
-0.8288666548981503
-0.2260818270815821
-0.4205209844995974
-0.8934124177813261
-0.0005260299073255315
-0.8082608353645968
0.4222508450172662
0.22006587017772428
-0.6514759136035517
-0.15469927212983858
-0.5579906809871233
0.1267999879640722
0.11334406028153832
0.619381780312525
0.8838179204109391
-0.36423628822174736
-0.6086882143147496
0.04841836368356445
-0.2599667236097596
-0.9400170929021701
-0.5890725398677237
0.17180147312054417
0.4962889844143856
-0.8865115328490993
0.11567124484382707
0.21847556298745885
-0.08665320469593452
0.065065797342164
-0.726846987479306
-0.9611823355906715
-0.8650297958025772
-0.9275566608254691
0.8377364798115479
0.715569307097156
-0.12076018817763501
0.8599706669029321
0.40055712395763177
-0.8368330999863911
-0.9337511915614736
-0.25561250914903577
-0.9211056974257146
0.2970171033080886
-0.47758835430952606
0.4149158576805021
-0.8166919607269856
-0.8841199963161395
0.693110406410465
0.060580938107587246
0.12947584696479808
0.49668804885543816
0.9916861560012444
-0.459470792225958
0.729962914542533
0.14698351297567513
-0.7015113675412528
0.9241985912791459
0.37254077888499193
-0.176979306348241
0.26457191857120943
0.4632449063239126
-0.589458241105582
0.8097900998610859
0.11690064909512299
-0.2221976423800638
0.8598323873895619
0.8714691695467129
0.10297835535799726
-0.07343707970466506
-0.6745014891858574
0.7962067889463142
-0.6935191948997679
0.054462928502367
0.4493780755493284
-0.7753580957819974
0.8546551164909812
-0.751493073839349
-0.3534349412231248
0.7811345829155552
0.5210852299367059
0.45407437626167035
0.6046980300186777
-0.015394763350900176
0.6685719157655816
-0.7069215098301107
0.28122211487058335
0.08389761796878625
0.7409513696202075
0.527718590169094
0.6259232935055108
0.8297829610908694
-0.039170335074171
0.6766687411081045
0.29068236641537504
-0.4279138064006174
-0.09232897626373826
-0.35814894864467983
0.8617073174075245
0.17909982117068357
0.08756712240041886
0.13797221631908507
0.6669840976663852
-0.04106735069313583
0.028346837463842256
-0.37028241045248
-0.03866251679095001
0.5621689164814669
-0.19654714954700303
0.536440284407711
-0.48604281313909015
-0.42958711503196856
-0.5174639940532133
-0.5612986999306415
0.6789820383848211
0.6308348079323371
-0.48577657879814673
0.7725214585906841
-0.741787442220871
-0.11284414473253701
0.03485842412803475
-0.19310702348277964
0.521745603010209
-0.546193567435078
-0.5240092620996883
0.03895530348669629
-0.00633060832635457
0.7220074927974156
0.23876485448169227
0.6881042042827119
-0.06761153897380123
0.5626869000522616
-0.5006536378969693
0.14470755045736072
-0.06713443527475826
0.5617344914382085
-0.30203016214382394
0.4500152312698884
0.2627939639879906
0.658703865132122
0.8004983157661343
0.04407707424848861
-0.14006240330798736
0.383972087415251
-0.8297058255588141
0.35049250612826643
-0.5753750806172211
0.2754942527880375
0.9830499732732128
-0.7362203795222264
-0.41850811491052964
0.15767563486795688
0.7750467889703643
0.7815912444987045
-0.737989026773747
-0.35476152654832904
-0.9693471263041042
0.7184489906892626
0.7504718112307569
0.11075007653242586
-0.19115196981068738
0.912388777903385
0.4728634692439575
0.14605148308153226
-0.9858070465217867
0.6028993347240821
0.7699206071363249
0.920303075617209
-0.5590716987422568
-0.8789957184460939
-0.07837455526171211
-0.9984195603093249
-0.34141642377500747
-0.25336154394348886
-0.42319073699833765
-0.7016922152934837
0.11357072396751633
-0.5323123645297876
-0.691997140744754
-0.7178650642161277
0.2351939203114355
0.2712790017844162
0.01986501412429509
0.9816260231476794
-0.176912704416319
-0.12889727852402455
0.8364900782150217
-0.5318126100205482
-0.2755991490499885
0.5525515275890507
-0.2995607292855833
0.7640082358991345
-0.3745456950560462
0.891735696480429
0.5374305112772828
-0.8656580556789462
-0.724221776167675
-0.3398582402152053
-0.6225570726108758
0.11975805034031861
0.564833380118277
0.3860163984303171
-0.25111830592211826
-0.8134352731419519
-0.5742072448307542
0.5180243376268969
0.8367110682653367
-0.5929137062712839
-0.10708890467734666
-0.9725636365357309
-0.4214292757362732
0.4155969576030718
-0.9654912695049402
-0.33101244426485343
-0.7421206967662175
0.4108728281748941
0.41881356367503186
0.7809696686923031
0.13125219869553661
0.3759056747538563
0.6196727913105273
0.48320787109212815
0.600705591129876
0.9368907018113173
-0.9872968332763774
0.6193574927605296
0.7897807932222642
0.5615518005107782
0.8315989119471061
-0.4590892135402629
-0.9506539315143665
-0.05933212774226715
0.4254166248240816
-0.9779734683286376
0.5644712202051909
0.40114935649136974
-0.5542174356085476
0.7088678814138256
0.4749973567684458
0.08080347949234312
0.5366265836801791
-0.8988813665853297
0.15308656245183294
0.5977932847554006
0.6816971079214265
0.7759704580855205
-0.025030679483186935
0.29498374332494315
0.4899596355458513
-0.7938716728878714
-0.1539356025200822
0.7630559712478004
-0.35249617429706004
0.8148779393743832
-0.877934640169945
-0.6327883491313682
-0.9770784038843148
0.05514756369651419
-0.3592525207475077
0.3486809642308417
0.9533250161701432
-0.7343459222771556
-0.5757402650643764
0.28988349005824254
0.009609313079395498
0.6212573087842777
0.1983105576412565
-0.10728315052156989
0.7139674950550381
0.8330005876591637
0.9811212400303879
-0.8264091739074981
-0.09306387232430602
0.47536152847819113
-0.4993184208435977
-0.45633394484541445
0.12254536579012898
-0.3097520425339879
-0.8563888359043483
0.4170885431303588
-0.37662064634548664
0.15976179027534254
-0.7901227616085207
0.3695729876981497
0.0023958994844512915
0.541348815758091
-0.4477090910712189
0.7063380262017298
-0.35847890217727363
0.09120276368737668
-0.7138800971347508
-0.14602921040845906
0.24610170947646415
-0.9949577967874055
0.045309152028852884
-0.22521453756551968
0.5522891927546218
-0.6209524780185858
-0.29979033635087426
-0.12003701557733804
-0.7518796123896336
0.25309619993876953
0.7678235000056262
0.6099087227586277
0.9148455501488997
-0.5691182359020157
0.754214015564832
-0.07689094056455792
0.701911412901109
-0.08225077850936291
-0.8688040175275891
-0.6267497001255147
0.2655615089195722
0.5920786838935641
-0.3991223455293007
0.35206579122625925
-0.8570017272270509
0.38832925483778835
-0.9892745469107438
-0.09095957129715071
0.3864271849796366
-0.41230276014679124
0.010544840899688879
-0.5835907815607086
0.024845700304388707
0.28642431134191026
0.6615408536411094
0.893149543405245
-0.1266991547340881
-0.5907242577058425
-0.26088539800481714
-0.91880750218353
0.6483923335789263
-0.30318756313526296
0.25309286789565055
-0.2094575731095587
0.2705355341414013
0.392772438529184
-0.19913354126715266
-0.5360748234312982
-0.4672252306298945
0.19861097979905584
0.9544948813264025
0.5682581385918588
-0.5857366893030549
-0.7428196753743326
0.635557388479552
-0.7733005535857949
-0.035626491070964716
0.8084470455917416
-0.46884834855185487
-0.28780747328018497
0.5520950083106753
0.5296518274594213
-0.6459278325948425
-0.0008569918144276656
0.5156006499098453
0.21389609813204413
-0.1877909646627165
-0.7137769162182852
-0.3155094526220348
0.7176211743825343
-0.4428447298644498
-0.17211740788533092
-0.4664740620489767
0.7202055191963805
0.5405678056455847
0.6207482003985896
-0.8545846749082464
0.670576917815406
-0.4705851173668809
-0.5066067273211208
0.9611130140677169
-0.6069382772911955
-0.8858208452553837
-0.09484150124703183
-0.7848598609757913
-0.43715503760769403
0.051061474061858236
-0.02853277678307009
-0.042546781170040626
-0.7941995366561141
0.3034540266008712
0.5888636397289999
0.037496001452138605
0.4555843987595636
-0.8336005077563398
0.9369561112456077
0.27387803801786204
-0.15874836908342105
0.7872922399927553
0.9275207889787107
-0.21415105749339114
-0.0891209617582196
-0.10686100351700745
0.24798436029266568
-0.35698630274904586
-0.4128071730324301
-0.20403317100826124
0.12886477545892538
0.22834873511088039
-0.1402251420935845
0.09153948033003112
-0.6344618622190552
0.9448715278128921
0.6403116306329646
0.8759919586323286
-0.8953513381753462
-0.18134241462888956
0.01822757124936336
-0.9577273778153368
0.31882308966552464
0.3890323250296208
0.624196297490043
-0.23443984440940957
-0.4991619446231417
0.8207956907999967
-0.9582708030682998
-0.11731237415959539
-0.2519902126257918
0.16403417422961653
-0.15727141274666878
-0.3113662271069382
0.31215915210941425
-0.28402363884043935
0.04575218612552834
0.5956210291460662
-0.41832793657119804
-0.7076197076352859
0.6109907359739395
-0.8821980357563026
-0.16356676429532002
0.001331778398047101
-0.6639520703132344
0.3774728015049311
0.8383817007025247
0.3997152938994868
0.3447976132589088
-0.4213024969606174
-0.5123487140792402
0.5875239773009979
-0.6900763200023847
-0.4477013110687005
-0.010723543263260416
-0.017171540319952383
0.1981143316389915
0.8716568657173642
-0.9008315052011764
-0.4116465796416984
0.029210983838958038
-0.7066853930839616
0.8445647267667329
0.720760273145929
0.4978124043293497
0.7681332933004155
0.5176306387208935
-0.1604090331595096
-0.49781202607966457
-0.9242964088494647
-0.2921618935538044
0.2666588028589747
-0.29056438607861645
-0.6371274318490803
0.20227071790208906
0.2368853702675473
-0.3164524068523633
-0.09537308885097073
-0.5194938353675342
0.23998938882364462
0.9252267159242604
0.4293163606143613
-0.87191349837728
0.5219705638549617
-0.6619708726567604
0.6118793778271137
0.7023888010980792
-0.3315427562316786
-0.14913742241215422
-0.37996090954819106
-0.11841494144858666
-0.3263039595790438
-0.7802829864968464
-0.476040623587074
-0.5909845295013696
-0.019329750189245543
-0.4740830924028343
0.8636317090612684
-0.9974254167051735
-0.6264449680694708
0.057720918933440224
-0.17565685461426095
0.6935161885604262
-0.2607249396021032
-0.4870613705761493
-0.5951948745435611
0.5772250111737802
0.8577919640313358
0.32845423083217606
0.12151358495619924
0.8517218089053671
0.8178586637708423
-0.5517838908162138
0.04321160210705921
0.011802460115290847
0.619228872109822
0.2659698766173766
-0.6210513515575826
-0.19415850253664724
-0.9771617435625213
0.12040768587630568
-0.8838057974262585
-0.9488565551051975
0.9615441710866053
0.5352573963474434
0.3122386211764694
-0.21491843939434974
0.5357474558627231
0.6530813191805616
-0.4248437155913003
0.7732948467320302
0.5931084014715722
-0.5174579026584623
-0.037760476572108015
0.1946515420661099
0.16214093202146973
-0.1067185875674368
-0.10168322545378738
0.12794345542778007
0.8250528102493802
0.31536986378222354
-0.6235320689033936
-0.7347557572079695
-0.22952936890121212
0.4102325458290641
-0.4781790012818976
0.9568339249700539
-0.488491077197144
0.1960472148818755
0.9112981577091999
0.01853055801280168
0.07948118722760311
-0.6280139981418891
0.35266528218541926
0.7265243989584227
0.47445031273504923
0.6791432987273971
-0.3852831790998097
0.2669343077345967
-0.12263562093149183
-0.05585780444152366
-0.3700540871126423
-0.3635944695062583
0.4953881725060514
-0.7620851563100091
-0.2907334156025969
0.67449573582702
-0.8347962003666884
0.34638520257487504
0.29676865612092396
0.5409191699361147
0.6661283027567306
0.02881213938220295
0.43526126878135796
0.4516635154719808
-0.28540411316838354
-0.33790902094316455
0.7116312597378611
0.8900299455274991
0.5270044559381466
-0.17672630371221953
0.7513823434427755
-0.7660522621253261
-0.9936117567885279
-0.947303305917206
-0.9571349870513612
-0.7577792057454498
0.9268211217142401
0.05766712868652113
-0.3916802352540911
-0.7176638745120072
0.22393653815597148
0.824581732027059
-0.7683107899929631
0.8200625142503914
0.40303631191168465
0.8189366124402992
-0.6790633218545181
0.6668177791159979
-0.41268548634874236
-0.4127953059733971
-0.638133399405431
-0.6987917049575674
0.10233204963099429
-0.4004481741966823
0.18182125660723547
-0.7943222237944076
-0.5368946918310777
-0.46586038265333274
-0.7603635686540047
0.5082953850597445
-0.08580469437133154
-0.5230261520767521
-0.00027587537616846625
0.4827655203761616
-0.45520066753623944
0.019313546908665824
0.16124619821456854
0.5433641860598135
-0.038913827632654385
-0.913845708138566
-0.02501062252538322
0.6708679740531067
0.13339256300590785
-0.5633858720990506
-0.6048994307935345
0.7882051395723468
-0.8310832876208318
-0.9244196044041226
0.8618747001734772
0.2014899744856058
0.931640289489641
-0.9509501186577218
0.9600119447926263
-0.8885176596209023
-0.42576105756595384
0.1596361390426897
-0.5916297273080824
-0.5224838598740662
-0.858608200118961
-0.5899178986543065
-0.999287009337269
0.04191741564077178
-0.5249629106779623
0.2876069688242655
0.881078243893485
0.1430393834442354
-0.7416759664010153
0.19502355711142116
0.06355324241532423
0.9834660037835334
0.6137649670990968
0.3020067743396886
-0.5614448129078149
0.01532877538512234
-0.6520373191056241
-0.830971801388783
-0.8609108868297828
-0.8622840601641613
-0.6338136572913549
-0.10159462231782168
-0.6172191630184423
-0.9918020592927075
0.44773657867801453
-0.9892773683562586
-0.9074248063370145
0.7739076026739886
0.4481690214553642
-0.9454639012039245
0.8531627088685381
0.062402752466635514
-0.574189328894448
-0.8398092155216446
-0.30985659310939484
0.0013781577658433797
-0.30433697307786156
-0.3491504125590197
0.2371006241175817
-0.7874955585402834
-0.851982625972199
0.3713348312540883
0.4815121614756739
0.0803176829029526
0.7419085618781849
0.6855797646396589
0.5583265458817555
-0.29411200960725226
0.5251903130726903
0.5619927400534088
0.8423211979266154
0.7597778863471101
0.6620436957831766
-0.14493518730670263
0.20440000172004447
-0.19168979439485945
0.6995066773810856
0.43611778803173995
0.14519546528831584
0.8374791429647583
0.09262468195179396
-0.33531312155585935
0.7048670610074719
0.7255402428707094
-0.485043115285817
0.8477427739943681
-0.7519695561120203
-0.845825631453301
0.7488234916942158
-0.7582724802906857
-0.40061959673877023
0.09686998631646437
0.05543335062756394
0.685672955340163
-0.08271445004867384
-0.8125382156282484
0.38205479949330345
0.2991147344657181
0.6420298650544292
0.6010422510099267
0.42552083567239785
0.7990312941694349
-0.5961662888953501
0.7585130922112648
0.3333464346451509
0.9061345462672281
0.595579774439055
0.6766740870566768
-0.8407189343959038
-0.5956334572500075
-0.9933292471718667
0.2680377933929776
0.5913392252919343
0.08981443559694835