-0.40389586079101636
0.14006967525660818
0.2708883409472205
0.6977848831244751
-0.9045632188576236
0.503814368836206
0.03428918476261744
0.3441149663470042
-0.8392158328285106
-0.8536614474056861
0.8067785339125326
0.5781705780201849
0.01588900734462184
-0.3220356006715215
0.8570401883075776
-0.5480577278753218
0.7978484446305705
0.8043534457110313
-0.023844311761117343
0.34934465033761963
0.5522664728198612
0.4983790176568512
0.5243328616014404
0.36825838087630247
0.5458065113155941
0.5852091942224786
0.5182693675395504
0.18483062485582513
-0.19611145912308103
-0.33631851257728207
-0.7330527394867676
-0.08944654488107773
-0.8031341138676642
0.5094199073927428
0.2568663119673733
0.5921700019336347
0.995440800640744
-0.6112017391483571
-0.7010413201303289
-0.3490495534804787
0.3538200363408923
0.3077329091265155
0.30656364006947
-0.31824055791002137
-0.07566747923242145
0.56653451328043
0.7391844546780386
-0.0151594297349531
-0.6307633916385378
0.030678977019297005
0.15054024894910878
0.07453254924658115
-0.09954040783240137
-0.5238398942383706
0.0002551456863704171
-0.3216566287291769
0.17906725371196908
0.17490342553644234
0.7352239694196065
0.7831037675002477
-0.12952315707668594
-0.9835237768121989
0.6333650387818732
-0.3191368389778255
0.03406343639970211
-0.4993308459501635
0.8950070288259488
0.9322589495968641
-0.3401192288217647
0.5175708355515913
0.9438640839113015
-0.35024735364620163
-0.10644522320735939
-0.4995118408088246
0.2603729857496695
-0.417266587349552
0.16918548259155464
0.5690045266836936
-0.6431395525004886
0.44438559738509187
-0.026323232570600874
-0.6286966726815348
-0.09076464753981273
0.3369193611484509
0.14669025216288967
-0.5004315945362585
0.4219953546327193
0.01887813625165835
-0.9103353535812853
-0.5567893412286486
0.28329407021990227
0.30180197526552077
0.7243456948070424
0.7484828968644528
0.35361901700615883
-0.007469670416555552
-0.5736756172794031
-0.7485543167940294
-0.4246334133876877
0.032169302823358725
-0.6166994046240282
0.26365348986457127
-0.38825039974369013
0.3651618178277247
-0.2601644767522271
-0.5336515480742634
-0.4597741160409359
-0.7816837471950531
-0.6227529475267368
0.029924693309767214
0.8405249181439358
0.2631026843510087
0.23467144133317452
0.7996733042878736
0.8583601222577117
-0.2771424269980658
0.3946804389422347
0.2933697557118271
0.9580081787910089
-0.8393467413310212
0.0671232574910996
0.6153360432613839
-0.9560034459544227
0.20168239917592112
0.11814779413592036
-0.43564923230650754
0.6830013425354666
-0.5460463881056603
-0.054867750927089176
-0.17292892460513776
0.49731342707817383
-0.26822893682421367
0.3081536776064442
-0.9323540729893869
0.9139301883229445
-0.8200980783924652
-0.6136889918751183
0.6334841213643689
-0.39628464643338823
0.9500823161681526
-0.6595898880386857
0.9402447042659983
-0.4772866215654996
0.8010281518683362
0.38096105261109914
0.5516128422160365
0.6157033826022495
-0.3260567311255227
-0.3349151337445604
0.6364315922151891
0.6671487307114274
0.507142115737812
-0.17635401576218523
-0.8110614429639584
0.36827208979934567
-0.8840269456402554
0.026481562100341804
-0.8669169737145384
0.6064553692727694
0.39480218100119036
-0.19473023385146604
-0.8233171260913832
-0.11750690662140029
0.5887027516397167
-0.38700050372104045
0.13817383453191057
0.5147906161101947
-0.5009172961852841
-0.7349863962692536
-0.6131850263063274
-0.6158167222040056
-0.5735953308100243
0.5071396656915961
-0.09521423264807582
0.75472312315312
0.24541901091715168
-0.8486228520414858
-0.2852733308294344
-0.5198148761608767
0.8995860113602898
-0.590548896511288
-0.39726633340036765
0.3975460775634301
0.03742044842146486
0.882038662722713
0.8937461807521572
-0.7759598026264605
-0.14676162827475614
0.8467355958677381
-0.3543566631072901
-0.11340670388353602
-0.8163147924046481
0.6772122489886614
0.889930169118679
0.7120127392654108
0.8912241803063017
0.24616886344612854
0.977036264988087
0.7551718171560726
0.43595793056616094
0.9150851080204014
0.09044982975841309
-0.015926710064067207
-0.3389416607499649
0.14336436672967312
-0.148414604214965
0.5305435396615592
-0.0762434482037726
-0.9134234543722177
0.1282571529288925
0.06347596033669034
-0.8235345887619125
0.1541046984797232
0.8304155148494263
0.4086753023896541
0.5521749275686243
0.8956929088894083
-0.22708791860327415
0.1437826551226391
0.7234854966068487
-0.12239459644271178
0.7318687697749215
-0.23883201318328795
0.561080824302602
0.0005525136380346574
-0.8654489121499414
0.027416180862792627
0.13005110276732235
0.15585006716135252
-0.5978173537639031
0.40995277300913013
0.3079168197592266
0.8882013759381149
-0.9294445189917093
-0.6243548388509836
0.09090020080973216
0.14160302035986305
-0.47909807194888043
0.42888487358858285
-0.9231381435822292
0.2531954971115271
-0.9027529561920553
-0.7444091205325425
-0.5577761565207231
-0.35045230381781933
0.6181871530188745
-0.7740002548683975
0.6403663212498434
-0.5331260552588941
-0.46477732696919505
0.06273799168378003
0.1525295592176965
-0.8398401783492513
-0.060249727749775994
-0.9128923082339215
-0.07061543854105357
-0.9060748035987685
0.5076016748430909
0.5959285858412648
-0.7355364835406897
-0.4427880759994167
0.9560364042759057
-0.7230446731306779
0.09501442333829835
0.9154046474433235
-0.7183024132897553
0.31915224775378737
-0.3017295252331307
-0.617035444950077
0.8005326693757038
0.720807016073771
-0.6897102350839426
0.7633302867842404
0.536569060678721
0.647691146862021
-0.5920123677256262
0.25609222974279366
0.8316597458436841
-0.9642381191116569
-0.417199530835932
0.5770384328227962
-0.7659005416007971
-0.870562497828258
0.7214047404131168
0.3565434810801593
0.42778537302645736
-0.5449840747923307
0.47621372988797517
-0.16727603435784744
-0.05433120246705281
0.2670337312736679
-0.4370393015067531
0.3425534821641112
0.014683079394023135
0.9843463918243585
-0.5256780937618735
-0.7512933182022583
-0.5866232880575721
0.1248686672362922
-0.21902620781800142
-0.32150553420106087
0.9399768407455258
0.3867459606449024
-0.78948075237035
0.22386406510569534
0.5292075305856696
0.5229367559786027
-0.37304213929832386
-0.07540492596839599
0.6981786562676073
-0.9495507412522277
-0.7327183819307235
-0.47715335284604565
-0.07757513753069811
-0.7036085733705506
0.15835095986116343
0.579269596540503
0.4541669484288835
0.41615354633864365
0.5883794834393008
0.44441629543103134
0.6106866859976998
-0.4692408848332157
-0.6582124598072165
0.5039385543840516
-0.48900927002261185
-0.8211189909869863
-0.571755612564945
0.7360782724306452
0.894522035327872
0.11939506754895368
0.2778420392721124
0.6251419183629618
0.8391539968017945
-0.4319035320915332
-0.7387240498308523
-0.23746820827465465
-0.015692270460359925
-0.737518882521589
0.5622875582795093
-0.24459046419302144
-0.5268659368666577
0.8447406302036728
0.7183624732842346
-0.47197687702239777
-0.8790555039591186
0.8887876891273871
-0.05122321798354568
-0.7091226875600702
-0.08016948530194301
0.35360288187709954
0.995728250987556
0.6453754901917541
0.9022650287830474
-0.45849237259498965
0.44351225124056026
-0.30327404076666986
-0.17922893675333507
-0.7353118436000174
-0.4826722750211061
-0.8762890250612896
0.7675238670282514
0.9438026564048767
-0.8281824253797669
-0.809491346034763
-0.2762783880439368
-0.809096407463531
-0.7046149823179482
-0.751452928924444
0.6299394738583377
-0.218381959599792
0.8891503385529
0.9669700745828371
0.5636076298717339
-0.7663650238240429
0.862700778271529
-0.45745517490694154
-0.34626524812832127
0.2027005696263411
-0.3590228563483764
0.9224737966462224
0.7352734329756601
0.08616566023953731
-0.7342274068670194
-0.6070836188160635
-0.6689528092067292
-0.06663316557892518
-0.855006206593782
-0.3353190350385129
-0.2809367728059262
0.27288450751888615
-0.8221478339598369
-0.9318235446973973
0.3613784917967984
0.7647961138145796
0.5502385053538537
0.6401051089080205
-0.4035120435280819
-0.40873602540697695
0.10351999417307356
-0.9698856826018496
0.625676240405802
0.5322612526061712
0.37621940366537365
-0.1666138119331193
0.6854717697352763
-0.7666885786519404
-0.1959672904970995
-0.5195744085515963
-0.08608628942663543
-0.00816861418584014
-0.1165936282758584
0.3371077690976123
-0.29481019027141886
0.22145456865860091
-0.8782603060906213
-0.5141960491701052
-0.41925495177938665
0.4079468141336251
-0.7397814237011044
0.11083227399543083
0.6522297637104846
-0.17396756557791493
-0.30030673852397016
-0.08306673081879001
0.6191219743398919
0.9977788827977214
0.0317191207693126
0.7308408271916309
-0.682650935806979
0.7869746298174658
-0.24587701573002563
-0.07919336787154041
0.9752355648318618
-0.6962115847694659
-0.24239279885964682
0.675582537938139
-0.6851442284219307
-0.5712876226634183
-0.6742446088034688
-0.8465521351244192
-0.3733523711484714
-0.9035828434890765
0.24345498834709267
0.17403817553582823
0.6130998825719705
0.638910695364824
-0.9590418905426081
-0.6518378080013081
-0.30765621461041515
-0.908635364166857
0.4237445749591333
0.6181039402375104
-0.1366461834962076
0.237553129742603
0.4698062221541828
-0.1835213572974752
0.6405421446409909
-0.651268472196556
0.3077830528904033
-0.932219164142553
-0.9507795150516378
-0.14877329393971084
0.9812140335364012
0.7886327603003291
-0.8154645778111547
-0.4406569401380336
-0.46527326695346427
0.4121621551107968
-0.2074152972247192
-0.5382450503139631
-0.8506983279156717
0.607269312176181
-0.6378378039667179
0.5813420054310858
0.7316402588732047
-0.9684779357437192
0.5406923933824559
-0.8565992737855725
0.45092494901811486
0.12614577040172636
0.3260990521850642
0.117343590754863
-0.05203170367336285
-0.32126185900185233
-0.6222750600036304
0.41018276702210876
-0.4890403379041517
-0.6116221663038268
0.053621303919002994
-0.9792863915562788
0.6462684616199035
0.4724480850277355
0.9093410217282754
-0.44002712850205694
0.6146297273484933
-0.34839536342627886
-0.5257640239685015
-0.6015326950460163
0.8700526551460257
-0.6120636375829149
-0.333470700397813
-0.03960121926413951
-0.15349263971869886
0.18324184965925805
0.5447656657477569
-0.21326245310355318
-0.1834686812884696
-0.23117880340859154
0.8783707436024875
0.8292404846620809
-0.6016560733688079
-0.6909035510591561
-0.8201833614007055
-0.45524613840730543
0.3068447634015028
-0.7461725063763116
0.8777584865680352
0.11799348671741172
0.36222468634530736
-0.46772213870597446
0.4854322231978403
-0.7372028113548272
0.946248489056926
-0.06956657710273717
0.31095564417333965
0.9615076939082123
0.1403589795001221
0.5611039565802707
-0.19529286666290724
0.6764486134932537
0.6758483425191253
-0.12500898095288204
-0.44372245658943466
-0.6665258044431945
-0.20634624725639394
0.27655789552733023
-0.8926443008639797
-0.72576386130074
-0.7140885748083643
-0.001863476657280927
0.8012628263467663
0.9330066572726645
-0.03338912830273255
-0.31422418702567567
0.36648493813199545
0.375923355128454
-0.560739331543658
0.38658797283365254
0.07564250810849504
0.07675429144845669
0.9650140595974865
0.1995085222283215
-0.9855645070922483
-0.3839634741738245
-0.7563021295664041
-0.22969803452405002
-0.4067126812385986
0.6902263565855171
0.9246266472624605
-0.6845680039895992
-0.19071761868060833
0.1375683520947386
0.7763281933732897
-0.9900087383124576
-0.47043335367056205
0.2550315808891914
-0.5084181762954876
-0.8936242846361233
0.3942890014084415
0.0478145687103233
0.48704225027271475
0.4364590552938945
-0.9549557647251437
-0.35666689515510663
-0.08073486802721774
0.2058399868884846
-0.1944711979037037
0.5205351533563403
0.8978870359866351
0.11461972708221668
0.9835445738290447
0.5788086565122694
0.8131097337937998
-0.3789413906398482
0.400240774719677
-0.8953086881009926
-0.3419611585326914
-0.5166875499030439
0.69014154355029
-0.385453035577054
0.9242690749957656
-0.47930213786642595
-0.7315429679779857
-0.7030930878086199
0.47555616729491845
0.04463348949688073
0.7350843026933509
-0.9691810890198491
0.7138650941473568
0.05216650076459528
0.2894275877949579
-0.06041470457072973
-0.03158022230921431
0.6679540669862807
-0.23030300861572073
0.04628256892771465
0.7488129888029826
-0.7015807967127261
0.5254030035156019
0.9593064526607162
-0.8218331578257541
-0.1763595065033381
-0.03969343419690774
0.15240546144893163
-0.16966609830053359
-0.36241646019293405
0.23014045037166508
0.6043022463363072
0.17851674944206342
0.14995428419674095
-0.2073909998434833
0.061119452958924514
-0.9783460840609031
0.19714291905379833
0.7871285872901157
-0.9264277151475924
-0.5854230456727445
0.6382995637503543
0.4566430139426956
0.9806295154645162
0.5732636118639647
-0.7153177046980286
0.902073462291513
-0.9442272289711118
0.4327702089105874
-0.3972179059138603
-0.7326955714188688
0.3918846417449673
0.9597301375105822
0.021851268110686606
0.142300534781306
-0.6035954797080412
0.9708898471425469
-0.08921379266252072
0.44476494906847175
-0.23258097678307776
-0.4010009255537459
-0.6957105321688302
-0.3041140702485401
0.9444825308336018
0.5382106856421582
0.8107379217374113
-0.4513457418887381
-0.501697138270137
0.7376641374691562
0.07008342167176518
-0.4346301354867095
0.4471197408622096
-0.4490432131174178
-0.5626017697586303
0.6274538338685136
0.1873750784642989
0.06793270196266987
0.07418749223793264
0.48547133257270936
0.6663821778173107
0.5585146007182229
0.659752882088654
-0.15555422215272308
0.8231202775715192
-0.7711158391864272
0.8029974579264929
-0.1348463128664008
-0.9276790043422813
-0.30839923371520483
0.14221803950351375
0.33103889314387835
0.728900983768799
0.34924045749608656
-0.9599713965232404
-0.954385861108602
0.6701339241002386
0.04992894205857601
0.20143779600110467
0.1668642559244582
-0.7077286625804207
-0.2605513366558103
0.8414251569700659
0.6499316312460166
-0.7054112679395086
-0.12411549843608549
-0.9097847517582691
0.38425653029917073
0.21892842781001076
-0.7343823496414028
-0.570601020684822
0.49363894663270935
0.752517542191208
-0.8678874577455773
-0.29333331851838484
0.8696922563796241
-0.4250516465299661
0.3528766405282191
0.6091549086127153
-0.8879467611812959
-0.5368098805153774
-0.2589164357210134
0.09975357474100344
0.8279463864374692
0.938043913835694
0.12794696125249505
0.5708310141860156
-0.01744829720812091
0.21097081807911344
0.005750894906751514
0.42646945407998715
-0.5357610298221052
-0.14395009825808813
0.4071131740534313
-0.8564862559673108
-0.7969049479361292
-0.03501883788643423
0.6627671675263787
0.9897300624454373
-0.7301629904943032
0.8866890240139249
0.4830057220364845
0.9988017012575989
0.41951713533704216
0.5568253888367971
0.9559120878961149
0.6688418900530944
-0.7552105893283236
0.4928662846664713
-0.9930184747302249
-0.07355660547865162
0.8049763015859426
-0.20240505848595136
0.6809214290783718
-0.7739954502262076
0.1778831372348395
0.8745849402452761
-0.31201223107040477
0.169623264535546
-0.0500439679751572
-0.12819894393163667
-0.2369332392481298
0.3872716135904224
0.44916577351279807
-0.8825663831819459
-0.11978954213945614
-0.15094437674833583
-0.6907739103599828
-0.7964748462266622
0.4339262513882105
-0.34327542634865704
-0.13785229672291277
-0.1940374766124997
-0.2909387972156783
0.4305266554990055
0.7586217385808132
-0.17499679646165234
-0.6154185698614527
-0.674416576401734
-0.24235898950263612
0.24891939688301523
-0.01958058494685666
-0.2901081805810868
0.5440157905326575
-0.8474490016791565
0.23240186839364063
0.8734079057432447
0.096833414713978
0.8327367878172698
-0.8520787373019649
0.48670115655039425
0.6676451356057553
0.4903575245574514
0.22004743477700428
-0.7425849908000264
-0.9782690507924501
-0.3972827391463656
-0.2637325537505635
-0.24174828354805689
-0.44969782870540853
0.7506963188335725
0.7207671077712923
0.18864481992197635
-0.7867928997374631
-0.6849226133004471
-0.9196064032055342
0.8371800021155957
0.6195129250638225
-0.04019243765238856
-0.8149611872504468
-0.14179543907668202
0.5256319486489966
0.009219336276224954
-0.8730686126551208
-0.14845026969957642
-0.9937808701507378
0.33631880424574745
-0.8154765299437507
0.7103719293758284
0.8833015371265314
-0.13600642831208987
-0.3150081050360456
0.009966075764844984
0.5480649198977745
0.1363097145344685
0.660899738512541
-0.8242268033267077
0.32015318677057425
-0.2996451860675964
-0.6103206652852311
-0.35175409532387936
0.14547746019602958
-0.13540182810641332
0.39266558041028143
0.3069104831146221
0.16958544868035363
-0.16481185641870777
0.7312983246958149
0.6426167075022562
0.7010009818122065
0.6866537921820448
0.010974683841855404
-0.23445438936090768
0.6094539422623764
-0.38155341189984093
-0.46227169165251314
0.15344789715761809
0.9448515072820496
-0.2920402534828077
0.9176581495933649
-0.19535567787194896
-0.44690827294032265
-0.33846050732871036
0.9597688542258056
0.8060488426226935
0.6741514289378432
-0.20340135033169715
0.5324379760196227
0.04236629711476114
-0.32928141266507116
-0.12678199476225105
-0.5601792246897359
-0.9041332174163785
-0.27715332967836104
0.966624696172713
0.3750245708007709
-0.42243459525216953
-0.12083385587679296
0.9319490848985441
-0.5130148400034631
-0.5650072366436298
0.6429023239951199
0.5190511367594453
0.14627981098074283
0.13262336324936785
-0.3302180082819186
0.3057672975294903
-0.5129743364126196
0.2958374381245741
-0.3285928502672717
0.891220577629829
0.3752929972763568
0.6096117957694331
0.6956904049686412
-0.4445383292323639
-0.3938438078263473
-0.060350086877096754
0.11644807525143519
-0.8025784981129982
0.463883939525247
-0.15409468003166094
-0.6509633904844336
0.3175995245213834
0.7244458085854353
0.6876338784254468
-0.7965027653876775
-0.6226774342749857
-0.743830524975067
0.7289852674012047
0.8626477410372868
-0.5491077955506283
-0.02181644601716415
-0.37600946864452833
-0.04799036000594348
0.5630645011904951
-0.8469705669424585
-0.07778444533484197
-0.44024833861368373
-0.2895129288606495
0.6920284859678376
0.7833991042985899
0.5768508178455987
-0.39269452246775605
0.3556787952581473
0.24643039248764853
0.4897168779857237
0.19575170497114525
0.33411221411362657
0.9930211315086148
0.6598346751489106
-0.850337813074665
0.5069297032211963
0.04440931158577022
0.23439998836530118
-0.5961359213258872
-0.5372657267567178
0.6742297845325795
-0.3673053678986309
0.7907550783930202
0.5834497671251277
-0.950542973692998
0.6565136739447346
0.5431500921110539
-0.14831206937972974
0.8758614575352519
0.4294166893442726
0.6624921987247396
-0.3711033707458318
0.4868490647978212
-0.09846519681948429
0.4211246153580026
-0.10991916972964444
-0.07180263437546652
0.3505594915247523
-0.8525853695818713
0.2130605124740219
0.9301006378352026
-0.22562988401398698
0.13274870176070008
0.7111767481950646
-0.057310697109561826
-0.11624253153611641
0.6959378689159843
-0.23886969253424595
-0.7832409278244783
0.825147513014078
-0.051757353902153413
0.6361757434272255
-0.0910616499933874
0.19713801046877588
-0.07108273672663179
-0.26133858263689236
0.936985746855862
-0.5242726970090694
-0.6602624529223737
-0.5249178085015884
-0.03503421090943104
-0.7714777508602078
0.1787021853065356
0.5020761301584378
0.43594209627935077
0.8435747752013012
0.7395795710493511
-0.6592000631707993
0.8013010320656835
0.7514894908079557
-0.40855114586006924
0.5228505519948656
-0.20261542355184559
-0.6742068743636411
-0.6991636448371263
0.29368138669181487
0.4851541600047917
0.4750396333366218
0.33064033493976797
-0.313323500968965
-0.499467279063152
-0.9126578850353688
0.09122570956371434
0.1314818141865135
-0.013458563845349492
0.8711696207627724
0.9414168553018059
0.15399820717646917
0.6652606704793353
-0.2540475693430515
-0.8200550430143043
0.32680080048238014
-0.9071943870977002
-0.27984659002444245
0.11525368310810435
0.14934613322513668
0.8768065340146971
0.020964270964582754
0.49082380693362815
0.5870620793476715
0.21610018661677466
0.021157764082881503
0.33890513374457143
-0.4343865035351917
-0.4800888760238724
0.31305089650183193
-0.3835520368202934
-0.7743393101667189
0.04977888112448725
0.3790684774786819
0.05804698812614384
-0.7992944297770297
0.5805053456745699
0.1766205670463934
-0.6848981594129833
-0.018968311270851856
0.8883997161859292
0.07570018974581871
0.7029493325081315
-0.5266671420387061
-0.4475994956135816
-0.449718510329179
-0.07350780159536963
-0.6667945076233415
-0.2698833017037907
0.8796198189473388
-0.9554107637964759
-0.012574081496560918
-0.41081318793507293
-0.2991469383045908
-0.23611397194742745
0.5100374965258974
-0.7805983246650745
0.6186678356973236
0.7773682771507673
-0.12209025214842062
-0.3495042212295334
-0.7188081923768981
-0.32974080229540004
-0.01873904940764537
0.28830326906004955
0.990261405265005
-0.3282229175338336
-0.08716890227283991
0.07499738846142545
0.2182125003311619
-0.8653898406843799
0.9507266491993482
0.544973114445171
0.3859062572532841
0.2752872512878135
-0.860365866672897
0.5204167424677459
0.3031408701574514
0.7629992060561266
0.7227644082964904
-0.49253841970976975
-0.5605562653973177
-0.30284649978837197
0.3871843872305678
-0.20159951700910383
-0.28690291807544277
0.3155163017693481
-0.24207957877886432
-0.018646090640486612
0.4201976266768852
-0.7187418874076983
0.994733946865481
-0.232572839564404
0.6773401962353252
0.18273394190077408
-0.767217636908968
0.4191103939534768
0.6161568309097423
-0.5846875427638227
0.8107728992559844
-0.5423136076197603
-0.675488090535926
-0.07992426612916259
-0.4767836221667938
0.6077364883340628
0.723764044941831
-0.9638654262582464
0.5602014934962378
0.9839562651207876
-0.09554504343056824
0.7104257861853716
0.32573948384010687
-0.0689926009347992
-0.201525890603784
-0.9060339739746932
-0.31693737547580825
-0.9762234370447269
-0.6428820099256869
-0.5966206241917371
-0.5549004549558345
0.2851539630019253
-0.8829077249040362
0.6042357604651467
-0.19688117747403489
-0.8269683808671819
0.3524451879291479
0.6680558197803945
0.7652683330410102
0.17705293930309574
-0.6372369341807116
-0.6593835407153565
0.695670327622357
0.9953186566808301
0.6156406810846629
0.7164578713216057
-0.35069055936768745
-0.1662508716987987
-0.18973573798963228
0.8226828111095326
0.20149409964622866
-0.054126713144740046
-0.3176066564594977
0.9723152336036631
-0.900831570056285
0.8525974548751674
-0.8394181684979722
0.0927379059268214
-0.5243487587517621
0.8557911278564041
-0.1970955067271738
0.5812476814074059
0.6574468843396666
-0.5526862965241848
-0.1667998946344036
0.10099341731137357
0.922569465693712
-0.2971681630179144
-0.09109043808118922
0.891645809479708
-0.9265376299564667
-0.5389925437322232
-0.49665974026262205
0.13580758122080971
-0.6699039440465104
-0.29796531499626866
0.03962424240586593
0.9971207046624566
0.6265613041571578
-0.32274724960441925
0.6850859958075217
0.6832857106440642
-0.7110798558043063
-0.008873103807294447
-0.42835845224726676
0.7579630338277603
-0.3961960183127875
-0.7642611692723633
0.6294672212492991
-0.8108627511961992
0.974469900082509
-0.9151374652102795
-0.7526537662886674
0.8837608699910666
-0.23100500448836492
-0.8806288878487489
0.7865614172135151
-0.7639725999718487
0.34393229420192584
-0.3080192441301288
-0.4614746208963365
0.28917007987582855
-0.7227868605559706
-0.9662724963649119
-0.5179360205081691
-0.6827231909256242
0.6847183805664465
-0.8260643711994515
0.8817148289101377
0.5636817449863445
0.034402603392450715
-0.935166437672329
0.6641359265568398
0.3834107933116302
-0.6177838489081287
-0.1712618834048154
0.6781128886294281
0.7049011129346903
0.8220661468391495
-0.26259221984297776
-0.4291756364285457
-0.300441575785376
0.35643822261575187
0.20633509512671755
-0.12843952626615818
-0.4204745707378357
-0.7594203000726001
-0.5329786623622248
-0.12441194907234476
0.10273806472405012
0.5486402804171673
-0.036831917827344185
-0.48443752374220894
-0.5535152632004359
0.3962224016398639
0.9565259302174103
0.17114262501554323
-0.8374437089223437
-0.024236560213979574
0.6232091367578929
-0.31095172461530685
-0.6925472198265512
-0.022458380337016637
0.6819082155506639
0.050773207168161916
-0.10611310558273757
-0.05240588743878205
-0.13305785813840565
0.9031019767785164
0.07497647626920334
-0.08373991383764756
0.8646454521992486
0.01676175525410728
0.5551187207116484
0.5599419277027429
-0.1937472581585966
-0.6058011150045359
-0.0669498506739794
0.7731764107785521
0.12676246353147902
-0.6411550622860764
-0.9145055604909047
-0.9613218935368466
0.8615663938817588
0.4215269053551667
-0.17240520591165964
0.38208104445863
0.07624670971356617
0.8397341882348459
0.06898831747582923
0.3312472682649661
0.33517543508075653
0.7096241874090439
0.20971758295515475
-0.6252690366276008
-0.5053819552876702
-0.6610041707597571
0.20854440612102376
-0.902527671540152
-0.6433641926260654
-0.9696858040665781
0.49831569973036993
0.7525471951591913
-0.25799216804105796
0.7198584769189256
-0.07144135342538371
-0.7900742118504691
0.1436216486053432
-0.4789838634902328
0.7492047579964354
0.8519196232795907
-0.40007224118782125
0.36786984494086106
0.34584260448373594
0.02068661225046098
0.5939357155967002
0.8823499105215886
0.77500511527718
0.46421839477439275
0.8708628973204149
0.7851899309845498
-0.058276243034076414
-0.5410762013558936
0.56068067405566
-0.028569183330768633
0.7097259218301553
0.23493497425249754
0.9078316440711023
-0.4411411181442848
0.966017963335317
-0.12043061986024917
-0.9118644119723607
0.1701704436192628
0.5240854616748951
-0.17697809149704136
0.26695242045229883
-0.5921807354171711
-0.9593605952945568
0.16220681322250408
-0.6882283750657783
-0.030812692924157448
-0.3562156199311106
0.7818640966966051
-0.45232383625359596
0.4599460356411593
0.28270879885056166
-0.4496994552505438
-0.9062985896774851
-0.43700756875970304
-0.48208472926327905
-0.4473063156995787
-0.9774084201319939
-0.1407491326777912
-0.5067812399483711
-0.08376491627698224
0.2896225127912786
0.8291249201243385
-0.7851833651963167
-0.2956126109422348
0.8939419147402841
0.33001839949317846
-0.028998844251105105
0.6471052060603506
-0.4057267583587474
-0.651688639702084
0.6219644422412975
0.9949941028251632
-0.267973411956522
-0.758332059896959
0.7707832322426689
-0.4114456786445233
-0.2888986761016539
0.2066246149461346
-0.24789901617614318
-0.880821534204149
0.031494939891814955
0.31872073763499964
-0.8351630571346171
0.2035725076246735
-0.9237461067876434
0.02974602224598244
-0.7082756054834158
-0.6115541595955403
0.8520081091951786
0.8785872731584137
-0.7199506543515848
-0.7501118261480495
-0.9321116475944409
0.5140306394691734
0.9628746750745176
-0.34004165817448406
0.19470157045715863
-0.7422266411094187
0.6684671086670186
-0.3248465418148043
-0.034450014139099094
-0.6866308181701473
0.6454666450308264
-0.7620892184896952
-0.6692296176712893
0.7807115309225805
0.21452029405830553
-0.8287677286668405
-0.925722817999665
0.30814362597707823
0.6318833863749926
0.07160758321599947
-0.6760999217285808
-0.3810545752411405
0.2709437100219152
-0.5718763893109473
0.14275932707216432
-0.39556269629174357
0.6321417353991501
-0.09802235822054794
0.4477964938398826
-0.41232831774679357
-0.1524898902345273
0.9788307217378918
-0.8405166499911498
-0.7526306005251095
0.6087055680853419
0.9962117015605578
0.845305593680501
-0.30578066911975776
-0.8427870549451277
0.11533003101974315
-0.2868506379354878
0.1302629750944746
-0.7967841829039786
-0.6505683641935833
0.10503120630578833
0.2655001576035496
0.44887101250726125
-0.2243523325393082
-0.3562069606690157
0.09233928582230644
0.7896118779538406
0.8924750854609087
-0.5739326382113337
0.8486867033096617
-0.7663786605542877
0.12232309021902799
-0.8138719790037521
0.5648479742413242
-0.9863547491995479
0.7033763807344515
0.6717905267683806
0.9493861103140333
-0.365162565877273
0.6728950633913566
0.5805278634265199
0.936959323995147
0.570666031814524
-0.227114241156108
-0.41209532762053014
0.4344638866497619
0.7580274654920482
-0.835860337315657
-0.3551306335271631
-0.3298822642985042
-0.6339526466590413
0.7858108569475211
-0.5662375895897642
-0.25838994185278685
0.34920830089735166
0.24984687660945104
0.2679963997261037
-0.695492955931595
0.3169508337921856
0.1912073878958951
0.9689475083543788
0.9193397673154027
-0.04870283599884351
0.799616278712401
-0.9935042146335902
-0.28537046029814483
-0.006822107921100828
-0.16230048871710268
0.401133154651808
-0.16128437252827865
0.24841973739468792
-0.4448804826593571
0.8759904845918849
0.5394141466103943
-0.5536873770569397
0.7292090481353399
-0.40346376258855576
0.32676439829922654
0.9425474473450626
-0.1771579302652535
0.23242089272405386
0.07146769625172045
-0.9208227091570553
0.8701013094019665
0.18160744576627663
-0.4868845043130594
0.6661956953951123
-0.646294991149573
0.2528688438664455
0.5197569478646724
-0.45133731815804135
0.2743411837951566
-0.5181719545067187
-0.11460929929150265
-0.9382192794223927
-0.5119853176372717
-0.2200842848169393
-0.6878466297670309
-0.22371128416481767
-0.5595576386391949
0.6214000150249146
-0.8940841665168042
0.9279902326321023
-0.12897333628489438
0.6167151160850264
-0.9871377383485027
-0.647166863158068
0.9246085630202996
0.9785774680414716
0.7446387535175276
0.45226900688881666
0.8452818596360394
0.18314195667560673
0.4557216375805764
-0.9818929782987591
-0.532688328472186
0.32701914774570273
-0.5081633196872539
-0.7919177441928951
-0.30375473220029203
0.6844657583706508
-0.21449592474840218
-0.5241153464142236
-0.9674451473017744
0.26423195944329647
0.4433105982851804
-0.8709422077506588
-0.6659927069262068
0.4326136250738355
0.5608087910312749
0.4303498941239625
-0.4568861571089533
0.4283515955480204
0.058175972719191504
-0.9777715337343846
-0.1624305693096244
-0.03833075822162302
0.42016969333751164
-0.48372804694335825
0.01437326265501948
0.9451143302245517
0.279004540762672
-0.9640569889209749
0.6637861680456387
-0.3819977646590096
-0.8884934155243454
-0.030971551987942325
-0.1594447399187522
0.6790185580697266
0.8695568350553242
0.463053360032722
-0.07815589806627599
0.12612445661644256
-0.47423728309471347
-0.9016750401035218
-0.7437372878765278
0.9895973266571743
-0.7680780574687347
0.7040573164688773
-0.3673606949283341
-0.6056147546895267
-0.915577349103128
-0.6190742339094182
-0.4287471160293179
-0.5859938016185178
-0.47036672083590436
0.7152366286677263
-0.12032787311502435
0.3319915580171473
-0.47498990953541487
-0.17711988400184486
-0.3068186356553597
0.9049029467695149
0.0956950181824876
0.44221743921166756
0.03615282701093547
-0.744522720255619
0.7413145284199711
0.32192391173818646
0.43973079284038574
-0.2311421668968776
-0.9222590435486948
-0.01382395004144188
0.3009686248284775
-0.09881365781217788
-0.37406566884628023
0.24322236293969057
0.3844285673063492
0.4862056162763493
0.8283895427301482
-0.5869936989165974
0.4566027416868861
0.03493918907659066
-0.007687016753171516
0.08460647070856697
-0.10617950666917997
0.14526321912197626
-0.026351758678555548
0.08309434813582195
0.35437384456991117
0.151420929467313
0.9278350275561276
-0.16369272626123377
-0.6412938622945157
0.5407106786278457
0.8739983165538279
0.18351339239697428
0.41233421884021193
0.8149933923677772
0.8459852608729552
0.9065394698631108
-0.79661009012356
-0.589009770049578
-0.5448733923110598
-0.19459011405906246
0.6131637174483922
0.9913266885611887
-0.8646693864383801
-0.9576886390815103
0.4006735094421079
-0.9512606224319391
-0.08598091140348751
-0.691756466980225
0.6256398321205683
0.9936316684159705
0.16553988990338375
0.8813999958770529
0.19243752547566473
-0.09268994519626172
0.0922992281695667
0.9372011143972543
-0.12648285635244938
-0.7305662639324744
0.07298912116045564
0.772707631913762
0.7221073626015124
0.027743802961464947
-0.44733064642281417
-0.4166319234637361
0.09769795286052818