-0.6403626107393012
-0.44845168823373194
-0.5741382893099554
-0.7555218191607913
-0.9354227272857027
-0.6155090537460437
0.4377545312127735
-0.23157592134466154
-0.24342298975651389
0.2583840904457222
0.007197717075681842
0.6631069485137511
-0.043922635021125034
0.6354118923750172
0.08780850251681827
0.3214789067005033
-0.814185881580417
0.6904925158540467
-0.8256201971594066
-0.8868000594712999
0.5198826783525121
0.07021124627556263
0.7530180054284707
-0.24404563752686426
0.08937759595605832
0.9496646355094867
-0.8225940905826206
-0.4172653582100334
0.7992083168335797
-0.734183097183648
0.6408140929345445
-0.5645079734118943
0.9912973181210176
0.5876570426695811
0.054990466520491665
-0.5672140702217934
-0.5191212246639938
0.032438937578644245
0.24990809466180108
-0.12221143845916616
-0.9311756669536027
0.9564226180355884
-0.8498746699520303
0.9410102809324696
0.04062229429398467
0.7237633089235982
-0.46247809300246767
-0.7302276421766178
0.12915510985715084
-0.33136407408934954
-0.5113636217512783
-0.5275660385470484
0.5620152745180154
0.8325392580597262
0.35247692554155585
-0.3103412969006767
0.924765108087032
-0.7074056867513392
0.7790539148215947
-0.22012657672025338
-0.0816610517352867
0.9981825163573026
0.5806195665145875
0.7010628906288183
0.702698735949504
-0.9323153485704507
-0.7776090826963034
-0.7932542589545721
0.9574627790451726
-0.22769055197879706
0.08066365987851598
0.8457935493940576
0.40249027136650817
-0.5132329623391758
-0.7055503024050767
0.8237664014366772
-0.3209888483755794
0.40634861144621137
-0.3152722133152326
-0.27241079723506667
0.5718008962421006
-0.6000682046470929
0.7114489622685747
0.2592751095059511
0.34812064885526883
0.2483055422896676
0.15323749082431481
-0.14821203504152547
0.12489730040324165
-0.9589543422487345
0.38501810638292544
0.416731986197004
-0.5274440968973797
0.6294961452985028
0.642203516450929
0.6198416432806888
-0.050906851361644856
-0.4387549357795557
0.05698986794516414
-0.5450236263784374
-0.6398468016912136
0.6771790216163227
-0.7411482986608773
0.6112771632954084
-0.5780096802655514
-0.38633299647661334
-0.7244349733094098
-0.7864784564159286
0.9556614169219564
-0.6251494380240057
-0.15487839435643158
0.044197897541475406
-0.5834696943194899
0.3381796635193093
0.013242742837538568
-0.6374021060210477
-0.36332561610721337
-0.21560429583750285
-0.2588186468730185
-0.6662601103416046
0.2901299721369093
-0.0008536224988844321
-0.37623924639252726
-0.8873292499634735
0.16245888595728886
-0.27563874600256266
-0.2940202401583958
0.978239387066993
0.6419645101526377
-0.47272848280028956
-0.1527073429727508
-0.9760682474460218
0.2726149682597414
0.17663134346266363
0.39693380093350616
-0.6605281274727481
0.4264861293837605
-0.7743315565334283
0.1600850723872087
-0.9216517704231897
0.7163142642031941
0.5963419933234804
-0.8668009448280616
0.6285653758011926
0.8897964950967641
-0.281878340383513
-0.6822260535072397
0.7972308341207999
-0.852807802339542
-0.8587886529145299
0.17850879012002419
-0.8977241851745785
-0.5822215975469258
0.8598374749428432
0.7445678871221637
0.5921590933124501
0.9522406407449007
-0.77083232754936
-0.6100466576040626
0.9003607751747367
-0.4591150578272649
0.8361897205088265
-0.7663755795703857
-0.07178389979883071
-0.9269988885966287
-0.04017180782963403
0.6095497671095025
0.631798822424336
-0.9212537861758727
0.8981768359181781
0.5383877033923468
0.0854212401380301
-0.7009618961530704
-0.44465697838574525
-0.4688842326352769
-0.24702085931463968
-0.2072935262027633
0.9572752920297039
0.32865859545901643
-0.9601634520702698
-0.2885178424124548
0.8187809333197436
0.5039739850793308
-0.8408326934034902
0.03796480088585885
0.9678213192096077
0.3284184389626419
0.8713645080705374
-0.16578597038319942
-0.8383331070003524
-0.930423868573077
-0.8935777438871002
-0.22031513630649946
0.24440180421971958
0.7438924049112172
-0.14247190252597353
-0.09835955189290035
0.002049724427007016
-0.1005658406998935
0.01393245860215142
-0.3943035515917055
0.053109899808714056
0.624229297140221
0.4829098588036329
0.7687804839921444
-0.5856748460761347
0.8703310876436487
0.008686079967935356
-0.5606940659924877
0.8258865383565588
0.5780746328399071
0.53736497042646
0.2153377678217714
-0.28912819478452545
0.07874762569055682
-0.5370276333229753
-0.8889440968569473
-0.3028988242090813
-0.8283878347830682
0.1366918310566081
-0.33123109026207054
-0.8271306767576991
0.6061240370754766
-0.741252144707206
-0.17904359352287447
-0.02583263095706001
0.9640017088182049
-0.46015584412881183
-0.5512593476194732
-0.3611619447613177
0.12839689882642213
-0.18491356160507944
-0.7646315006195019
-0.011484659499974459
0.5484599135616093
-0.8987127449812597
0.9679249251150934
-0.6396974060617926
0.7434114622595791
0.6805224633195686
0.11020247451323995
0.9099263187491291
0.8973200491320936
0.7115364030379294
0.34809226850106456
0.5400457167367314
-0.5794710825148615
0.21762481662848243
-0.07595793247284544
0.4057532042229195
-0.948161969053533
-0.16084320845515832
-0.14635685862931802
-0.8531092919842596
0.8433593346546782
-0.3412452587229291
0.7312095120770856
-0.6811817939206832
0.6659626636834535
0.950598326653824
0.9228459482327811
0.3141740930829058
0.38373327352047015
0.6358935059582007
-0.37525842174896407
0.02193273673185203
0.5204689641959996
-0.31225676394450663
-0.715003650294266
0.4812111646031294
-0.36268668986271213
0.32222537940087315
-0.7464667913822574
-0.20404996992106583
-0.6023375165448701
-0.02440842037828772
0.49201360804061567
0.9441585029310962
-0.20216927984094335
-0.0030259456164949405
-0.4803728470522819
-0.9198944111022089
0.3056859944728376
0.4339262053457327
-0.6892767831144693
0.27109215368437667
-0.5697824377664575
0.34008093021633945
0.5874448040075353
0.3767170034168186
0.20308004246946254
-0.7481738597543197
0.37589727061900446
-0.5127495400025983
0.4288136285249198
-0.9406221244463264
-0.11054928051318824
0.3180298298110047
0.29525899144653733
-0.17202521189471542
-0.002221393534222793
-0.3981259525702192
0.48385915667853774
0.0664965359009917
0.21218345334322697
0.7897784270237354
-0.2268671811359062
-0.288635529005663
0.8236448497220938
0.7746690638628067
-0.06786403614423198
0.9003053265116319
-0.08749859855502895
-0.4171179168949133
0.533026135492052
0.8102906239990051
0.2614653438800072
-0.7176090853365864
0.47745014009531617
0.5833679430515109
-0.6374061853371067
0.08855987217199668
0.18092356981439028
-0.1605524498249784
-0.7769307513297765
0.13075151661928053
-0.4213900580043364
0.19135561961436975
0.05682714751903961
0.5356360055598357
-0.19838228716978445
-0.930457184710809
-0.08488758766870386
0.7057603339189198
0.48827042306702584
-0.1067548364918931
0.5448114001615179
0.6390560820935103
0.23476018724700087
0.20363660021364005
0.5439941277472276
-0.6000879334104117
0.810037203017536
-0.5922727626642577
-0.1785021780071958
-0.675365595560321
-0.03377059113259895
-0.39020767652244626
-0.9212164253714421
0.22674128281085149
0.5759518354559969
-0.14617501113373788
-0.018773644182206617
0.440834941125936
0.5236303488361396
0.5177831198940286
0.06252008140905585
0.5766458164839416
-0.5766829557683018
-0.7906082302973596
-0.10200974132375928
0.6940955773809032
-0.3839961102207239
-0.4645966032772815
-0.4023079108311973
0.9020396151337438
-0.06207969101499233
-0.6134086690012026
0.3628820617158304
-0.9509851222826173
0.7130694797512329
0.44302515533660336
-0.8667525609871092
0.29705602910629403
-0.4708018733041912
0.2781921295175436
-0.3141273254122474
-0.4400012809881697
0.5897697491753218
-0.8510523745935088
-0.9477304251860896
0.7386338354311299
-0.15825989832849596
0.53380182500648
0.9133055442390423
0.2800928912251044
0.9242535887916168
0.5429084171535217
-0.9306191076388
-0.16054102755483046
-0.6111616513943878
-0.6009986235838902
0.7810834237615998
-0.2156137171497554
-0.7395197275656527
0.22032687631603065
-0.26465092998370143
0.07045009430299332
-0.4398633250681665
-0.8533320303133085
0.29053050710319317
-0.9092399952692365
0.8936482643369181
-0.8258015811646693
0.8099313729870632
0.03580399595261197
0.9661774010457451
0.9519124143800379
0.7958418286795335
-0.31776094444076075
0.30000405228437454
0.6041388104098533
0.6599827033424273
-0.4550608328926151
0.545921592582004
0.7700252596064245
0.6004601357506762
-0.43977094202114464
0.98458167896711
-0.5633174361500632
-0.7635373896318842
0.8820721412895096
-0.214996852487515
-0.8403143073773001
-0.3231791393992791
-0.33674056695991084
0.6911163785039436
-0.7734460537445176
-0.004841538346992635
-0.8430987420543194
0.8950974140250272
-0.8493972565429382
-0.14224620852106407
0.03872236683250119
0.2521919560302379
0.6777473087677068
0.5797913238860464
0.9576188640724246
-0.7274523187278763
-0.23265425932751027
0.9231888952259424
-0.9638744669441108
0.5951222864192971
0.8860653862133889
-0.19477101095622107
-0.5991013784589716
-0.7807634077618524
-0.9629036263525714
0.015832975469093125
0.004026552707006026
0.21727187173766693
0.4576300919761527
0.9993338250649824
-0.5908324142108177
0.3329653028515549
0.5374636966079294
0.9986932304005935
0.012125293759951639
0.5069573514722876
0.1930571615427401
-0.44552431313450946
-0.8494507411322996
0.6381014745214624
-0.39328083182204465
-0.7364542059595707
0.2778348668972066
0.13121865519435438
-0.02418917002940768
-0.07942957576102372
0.10665946668909099
-0.9763680571617428
0.5298889621768774
0.8769596954538843
0.5467974980672312
0.7356703721740907
0.5549795536843267
-0.934884310209104
-0.9580282401965146
-0.969455853206109
0.971468874918558
-0.4741726772488615
-0.42883879300412064
0.19442664228200646
-0.8669160024614273
0.20217130538203976
-0.7850736677015067
0.02081488981641244
0.06685416655031995
0.5463430211854217
0.1586857852378567
0.0069339365074161385
0.44736823722414254
-0.7282198200527235
0.19073558022047887
-0.7328554667148628
-0.9899009045223419
-0.8874712841624768
0.440168124262448
-0.28471942082631907
-0.03501100002149449
-0.036783038301955395
0.7982693551461197
0.2503683960970349
-0.9562076988940764
0.04655081773569281
0.04918949167988007
-0.11157595626667227
0.6533027511584288
-0.36006697311973634
-0.9809851702792931
0.6291482024616326
0.9406635006386634
0.3172996687973355
-0.8535709238976656
0.14532041252593553
-0.8645945102944919
0.5923746012213793
0.35597174644974383
-0.67471246102998
-0.15696549000987248
0.8571213567595841
-0.2649831335315094
0.82744180883742
0.7869095309585199
-0.6920619446420111
0.27884350049964035
0.8036402265171341
-0.6646698002830609
-0.2050359236528787
-0.4894326587133795
0.23412038608694008
-0.7643294438243
0.2559685792987343
0.5285061430421114
0.6073544534492443
0.03609674489143111
0.3578087233377021
-0.7229331434679764
0.278323419485244
0.6472766379797721
-0.7137478375043025
0.5634455481800826
-0.5929317803886598
-0.09289897915082879
0.9129649571787308
-0.5311061448965257
0.3351700670881177
0.5663096105591436
-0.3584433093268167
0.24619003042414045
0.615471082956385
-0.5715989177512513
-0.3013814037353193
0.09991286166661295
0.527093991673719
-0.8426548938814651
0.2935589736071791
0.7301291395274299
-0.7630862793995208
0.6830457214623205
-0.37904730087038674
0.05280234895778135
0.5403998190644892
-0.4426942217194818
-0.7552566038669253
0.36404824797149504
-0.2619072981657433
-0.1462233284022021
-0.35107734628761045
0.570640611256249
0.1357970223421021
-0.4375737653168439
0.3435790757705599
0.8029781851642483
0.2182234433189143
0.9174240694178242
0.2857657159102225
0.42950271347405433
0.07807782110176498
0.735081150437044
0.10400568566098678
-0.729982707839617
-0.2538661717070887
0.35008602990558324
-0.9497716670637495
0.34465807279100513
0.5757872710740475
-0.42114439721864816
-0.13339544271953874
0.04721093911123897
0.3540353324148433
0.742140500879352
0.08213573580482403
-0.5597633374481636
0.9906950429571935
0.54978003944256
0.6328620824801885
0.19881651716961324
-0.047884934077470964
0.4474661600140055
-0.004551312285201892
-0.9835969095272714
0.24809867796006468
0.5156478856524014
-0.4622268627802766
-0.8366739463924564
-0.33192118810255145
-0.8175797024763476
0.5459089035214062
0.12658142181886833
-0.23335138066392136
0.6419268899637816
0.28118817770410653
0.7384602655803247
-0.7264072393532712
0.48882400881366106
-0.2736153118313709
-0.8664757192228676
0.803681573141509
0.4315884097827656
0.1474122445495496
0.8300215650086893
0.263457079418997
0.9263748988700664
-0.2414786257445256
0.21269418679012841
0.30891893246154867
-0.01245267076345824
0.8125792604784823
0.3964636592147479
0.45251893484425265
0.31651732599096905
0.5660556038837301
-0.7367497452055132
0.1313017769001419
0.13878695374936312
-0.22573793120976338
0.5441929890848307
-0.35961859365997717
-0.7200841097950998
0.919967515078356
0.08740499019752379
0.3642642100029738
-0.40068274771927537
-0.2723926558335983
0.10116226643656057
-0.21685167962877205
0.817807085592626
0.3607133164270493
-0.5595345087590784
-0.3063171008673724
-0.9175016663191027
-0.8451774448882701
0.7488116753329968
-0.053676196799827824
0.21971904153934685
0.5455393711227161
-0.1608934363580119
0.3065795789441268
0.963512298712657
0.19550137605624696
0.7846212297255897
0.28195083148123956
0.08740468478556696
0.5017120863248861
0.24275162526239424
-0.6439618858948739
0.1408791773168887
0.9660864705868806
-0.8178195366177823
-0.9737743672801495
0.9126221124933303
0.8035791975056408
0.46747435058388787
-0.13782014128264297
0.8495791234500265
-0.01542697234528867
-0.7960578792200599
0.7274378595814885
0.9780514922326129
0.28331813745280465
0.8676319212804222
0.26433426769371304
0.6561250972945551
0.02883175984835451
0.7727971532045808
0.54341920300754
0.8892282403572072
-0.1691356616406814
-0.5718639925636217
0.8341892615394499
-0.2844582282951955
0.19690287521713157
-0.8938862262235918
0.5537214881484438
0.7651298033277483
0.8867357311268758
0.3275781954068504
0.4518253766789051
0.4114023282640136
0.09718261831578023
-0.8302533256736879
0.5579589289095117
-0.376263704754882
-0.4500740157116421
-0.38894812346444296
-0.41598151513230097
0.6318184755236873
0.5973945741686066
0.17457201089714203
0.4165761297849524
-0.8498712345223223
0.33335874085008355
-0.25486850474710177
-0.8627982717712335
-0.20438895878284202
0.8230898184108288
-0.39284688533410805
-0.007726537537967593
-0.059156715670638294
0.6796164238529141
0.3777519642195015
0.8873053055358935
0.4095931596579878
-0.9636336440916828
-0.022725569221823783
0.7528592164881105
-0.9106182821482733
0.3433459120229001
0.36919218312450597
-0.8005579778006637
-0.899709585076494
0.870179221645037
0.10906063726793391
0.9951291795628185
0.02115865214079271
0.4659927719357315
-0.43007824736681055
0.6643318486549161
-0.25318059163108986
-0.3456198178927492
0.5058371776413575
-0.21745824446439377
-0.3320948537034232
0.21918446370699352
-0.5165091121059266
0.003831342759366585
0.5488649397043326
-0.6436564543753305
-0.024143458512533078
-0.5874873539294705
0.5530564624588468
-0.5046803049037976
0.4559623476820591
-0.0008746381392437108
-0.4818434100635616
-0.3301562929788344
-0.9068865055485416
-0.5569685282001446
-0.5853593793554808
-0.016950787884588925
0.6379767553141751
-0.4720784549639774
0.6973102465232548
-0.6403121192947632
-0.49486170050791367
-0.8281660261367241
0.4283591870314074
-0.2350663842354117
-0.9103339562650252
0.14874770035451745
0.03286889165737561
0.2526724017316171
-0.9292483626714207
0.24310350238167167
-0.9938666352840742
-0.4540761564925375
-0.9294237567040762
-0.849719365417904
-0.6655039036464259
0.4325148050626597
-0.23827153707386328
-0.2093840805352496
0.3721921599046951
0.4354708417405584
0.06902489294382663
-0.6337583614252209
-0.0031381579962275197
0.9554151308088681
-0.2932636101461654
0.6336985801362016
0.23041198846676036
-0.16170326481604902
-0.9770828714869051
0.8379737716155979
0.8905631161866501
-0.41008851791653167
0.752071695107922
-0.8860048323063063
0.08029610270785881
0.2623680202072436
0.7079916258192804
0.6722861572651191
0.03689601421800481
0.5342052905889472
0.8511186288880868
-0.6320823602696171
0.9950866826372404
0.2869613656749195
-0.11702081043142432
-0.7542939697072293
-0.2977958663469944
0.7392242343656852
-0.6313350185870485
0.5489357720579566
-0.5362442621412946
-0.07402467869053231
0.3969487370403293
0.05263301753292415
0.9430854882343613
-0.5937361110847292
0.4367291776273077
-0.9354786029832345
0.7253734184614864
0.7677946464119405
0.10618223116104653
0.6081825434961712
0.9714809416758865
-0.9548704384038851
0.12484624983012549
-0.3851031893065553
-0.47623843291903567
0.14351056625755798
0.8925932919861852
-0.6638997496533472
-0.48016681877022127
-0.8564893729676379
-0.048880211138521146
0.5801795368724805
-0.4544358695201023
-0.8546738521212538
0.4521306101049418
0.17034429010607188
0.32879643993547436
-0.834214618325543
-0.7554094897147292
-0.8446161581071057
-0.5120596109940889
0.4719650056682394
0.5442714503352901
-0.3333319545817437
-0.872919658552515
-0.43189499398638476
-0.9970213839933659
0.8247354715242246
-0.4473396281903972
0.39568047299217946
-0.18606023267906147
0.9980933106844581
0.03860261611873317
0.04312984601946401
-0.836910772713441
0.21538909131248074
0.17158134465571817
-0.5724654216226943
-0.5443398719534536
0.8932367228974916
0.5526326409821904
0.8583298353393081
0.47999046355212815
0.6767967473047725
-0.47232207952417515
-0.1443284513769454
-0.38759592038813984
-0.7319462857724113
0.407358613065687
0.7346511478669056
0.5160952882718071
0.6384011027900864
0.46604313349531723
0.036029328338645694
0.9473440001313855
-0.2123363935181446
-0.2503818513642204
0.5196319988797053
0.1731765267911194
0.9732935306276136
0.02690213434440958
0.6118342405859925
-0.25193970347117745
0.10543636389911515
-0.37457720954580154
0.13444409270741908
-0.6524614238215807
0.5900535951716475
-0.488162311161666
-0.4890487331256459
-0.7656656801628634
0.15154575477368604
-0.2882384191526366
0.19638672495440823
0.29854961762899035
0.9846869455222151
0.31879637601138033
0.43371612241116053
-0.2594227686152879
-0.961013005729823
-0.8144733681040373
0.25141950673496694
-0.9260933479787459
0.8523440906016533
-0.46212180818735415
0.5484345197871892
-0.2039944516698491
-0.052219132725354944
0.6871997912564543
0.5367840071843804
-0.8916237255864108
0.2765506245395626
-0.7377242806387894
0.8243718645443407
-0.4914019978602473
-0.9407297981218836
0.8026596979059522
0.9868032585075592
0.32141011391066043
0.2319408695495495
-0.17037499150369473
0.5590410115646498
0.3981293830704231
0.720239949298026
-0.8951669310147723
-0.6384978939769395
-0.42004868791581207
0.9517340013223612
-0.7586748035666051
-0.24450050708875248
0.7188209622536936
0.15952998572637522
-0.9519502022386745
0.8309963259309281
0.5968916716432138
-0.9028473518013322
-0.22851567489221525
0.2202737102679324
0.2179188095842628
0.5010295871477839
0.46095347952357724
0.3577472874103762
-0.4766938509067784
0.10899408371854014
0.7787052500219602
0.29928746708511045
-0.4589832646995491
-0.3629108474089324
0.8490936127308752
0.5734403821193161
-0.5441447387868728
-0.49534901767088835
-0.9038728813604764
0.22317075779268403
-0.03398159138997059
-0.8082703201036807
-0.8701577346686187
0.6814681789486017
-0.3225714473825465
-0.3056633498495205
0.8535612593175848
-0.20209402704442714
-0.9885371133121899
0.4788953192640095
-0.5774308411910867
0.7741789880949295
-0.6286228631988491
-0.6645794615779497
-0.13061436704475593
0.19797328186243668
-0.6703875846668981
0.7075867505575042
-0.6414559184393103
-0.7794802728428318
0.3105517268499145
-0.9594362236114367
0.7047424932812201
0.7162126070194688
0.5530540345385029
-0.83422928430599
0.7282332132161851
0.22563764706685174
0.08258773007979103
0.4586567486283861
0.42590579310775767
0.6883693711989933
0.6499926024086031
-0.3427727325976604
0.4316844950002907
0.7751738550528318
-0.3831818031542906
0.4152276786116458
0.6609717940233293
-0.5737181169893444
-0.6099303189044039
0.5847545837469459
-0.346461916724055
-0.2566369039318124
-0.13510247501158723
-0.670383238869924
0.7212659867294615
-0.08301361819061026
0.07770406567825638
0.767202989673563
0.8092761849044541
-0.5929289290164768
-0.48707364898196026
0.273332524625266
-0.327865582989477
-0.7519101940018362
-0.24464661118358677
0.03645686796881309
-0.027001148253174678
0.13496076949971636
0.4049566851393265
0.49233236775129763
0.2274126557939835
-0.7972297948810476
-0.7613159403591832
-0.544888061215669
-0.8589443620962933
-0.7519680525934942
-0.33030025732499535
-0.7911311748910517
0.2298214445599991
0.29712006390898904
0.8023899621185941
0.5816500845319572
0.3673855000171944
-0.17709211399949565
0.15278035774383691
0.4624767853259808
0.510066249516802
-0.19814906656475717
0.8962396390680278
-0.7928459078403556
-0.9947778323714125
-0.4020875459367894
-0.09439892674432881
0.0003332389139387715
-0.2855412316311523
0.6283988934751978
0.290577118520849
-0.24870173577108945
0.10869730090055185
-0.37166313810903406
-0.8593984666794328
-0.30600145024655423
-0.9797991259351371
0.059650034493541115
-0.9187814301664243
0.9014357219487075
-0.7956126857010204
0.23345726210348516
0.2961441044493873
-0.2802462546856248
-0.8717244104972757
0.7699314392096532
0.28866991754407145
0.41741518036169567
0.45490269374654413
0.1008713466323059
-0.41041204081589044
0.8603508714775419
-0.24336073086137477
-0.36825312964321966
-0.23215861435316443
-0.13942095738885585
0.789272230440949
0.2761928254351105
-0.264981129507764
0.19720102962946617
0.8796695821134517
0.1680289883004651
0.6710523209228174
-0.7081123379042571
0.6141737031805217
0.515512662059844
0.1675592117147815
-0.932457917569266
-0.11053900761284807
-0.2642432657643028
0.6141252852815826
0.6596350895072203
-0.49076443590806185
0.5209868562479867
-0.36540259809143993
0.9254807549754644
-0.09803954004147708
-0.49564540073171304
0.44823601296723625
-0.8048905531802235
-0.9058661869096167
-0.728833104640576
0.08253693103962201
0.8467278965872902
0.7848740107483587
0.5995809203801388
0.0629222685783315
-0.4583549948571912
0.895183579798358
0.5048289311668492
-0.0025507723516760006
-0.845588485069753
-0.5020491667301614
0.3162690736776166
0.0040506438228737895
-0.850297650442323
0.32549911543452437
0.8740417052865888
-0.1775764739240997
0.7292739571111941
0.5940439576783998
-0.83036119820708
0.23577725193051657
-0.3167162939711057
-0.8273042569831681
0.2150773565058457
-0.7406101693106539
-0.43201021261262373
-0.458236403406161
0.3467996217515119
0.663178934432578
-0.6212105393121381
0.3819814850581209
0.7336986851893528
-0.8440176564027735
0.2448536686565772
0.12119650008954763
-0.8162136937883704
-0.9997226886881805
0.22086227095903443
-0.32546136434734096
0.5191330812515327
-0.2876690197455498
-0.6091037109208632
-0.6848705355251112
-9.680668056444297e-05
-0.981558246850456
0.7322962422801165
0.47611755051824023
-0.46087906247497457
0.011106043658232645
0.7813282054715027
-0.09146471168457526
-0.4455333745492054
0.2931693509270259
-0.8238550022354598
-0.3123025454021151
0.8536051982184047
-0.44794407395337266
0.5901381067479412
-0.6469476089283714
0.23484815424304561
0.6444772924538587
-0.3617469024553055
-0.8251638494383515
0.24548813603131414
0.48169961100054914
-0.12954532581122802
-0.09519366703061749
-0.8679383293560934
0.20308419431595692
0.03416950377451933
-0.6250459898761684
-0.9352876704657385
-0.9949295479866371
-0.10530703008697428
0.9186824159829541
0.2839019253256221
-0.7222416289582407
0.7340999937637265
-0.7220565411053972
0.6720204163406112
-0.5443000290289568
0.7509107038719651
-0.2537068964081166
0.009934705399523125
0.09297570655132281
-0.7773025585922175
0.4784617803869342
0.7911088897751772
0.6874874895388758
0.00690912989129111
0.6889173678726808
0.8723142177230279
-0.7811746862587559
0.5116990108962995
0.29452181118502074
-0.299179955666359
0.6520325549206072
0.5413218251547152
0.16129740039461127
-0.18109334592204274
0.848774761234758
-0.5386794082386079
0.35321665360365806
-0.4954439432075932
0.9576230882781132
-0.9558814490349139
0.9975644179269143
-0.49904163059216744
-0.6878394501956873
-0.46833672475974253
0.14166959063242368
-0.746059484451558
0.2274268388105165
0.08163345122144694
-0.306537634460738
-0.8993490432506499
0.28414343539532827
0.24401220202938712
0.046023799910820395
-0.35550840579343146
0.754725025630834
-0.989442519225582
-0.41236282211984165
0.123635193711916
0.40629175776344906
0.49917116714294485
0.8084167071510209
0.9043995920242187
0.717486748635934
0.3355612177133056
0.49816596688530135
0.9859383627458087
0.43870322150360974
0.46652524706243526
0.6605869242029982
0.7843248168013539
0.6903201765411517
0.9898493500504448
-0.34716346227795825
0.8290765828123798
-0.24295987796355356
-0.19539325781935957
0.8693409806048287
0.10196947915799992
0.17087506524706986
0.8998432722163325
0.3776068319043877
0.6610760904803266
-0.06520310278247154
-0.32161572646318093
-0.007691598144491607
-0.3140743134544175
0.663535546777738
0.992600782499905
0.7066455626679751
0.540145894084197
-0.4287803172512106
0.015302360687012628
0.4797369643377758
-0.3340800266827326
0.925853343384615
0.9782325474950619
-0.38233597947263687
0.008790340049740442
0.7567712296865343
0.25716771054861565
-0.9271510603118605
-0.48258539333766026
-0.8900214770629609
0.37057029441491873
-0.6988753155659211
0.6284721953964743
0.5285189793492966
-0.7832195969308584
0.9948683301054912
-0.319469738324033
-0.8795819189907996
-0.7160109950556466
-0.14455129132503797
0.9555877909809258
0.2683526430815546
0.1543519814563714
-0.25819476250731377
0.6013388453575372
-0.32659288785261564
-0.6117834815722751
-0.8777385586884314
-0.5527526414205863
0.008796160579884083
-0.4764380581098129
-0.7801662445044235
0.4521596091592597
-0.4986123365414741
-0.9322802818471918
-0.3886846689760315
-0.8114592381409045
0.9533844967564333
0.7214038026532885
-0.46938129692574604
0.6781918233634663
-0.41878210039495367
0.08911702977887903
-0.671155897695064
-0.8506951237864906
-0.8564457618140551
-0.22180705866175354
-0.046108019172937054
-0.7298137399897371
0.4296502569884786
-0.7260718688615535
-0.9419629424919702
0.35408132951604143
0.49498616671177453
-0.277019295259779
-0.8340047056717532
0.79807009965062
0.8268319129652537
0.1805647721549899
0.5407888222909392
0.4346174751114664
-0.5060616466896799
-0.7784775958480861
-0.1370015542034171
0.9909073225619356
-0.8763941465054235
0.801377252053832
-0.16675066526390347
-0.960898423348385
0.6163596947017702
0.602556693556064
-0.935655028052869
0.2616835047786277
0.8898811389785555
0.3168006253733491
0.1680205612121104
-0.9779363513444281
0.16452327534635858
0.9312064628735472
0.7442204679458762
-0.9920631948632259
-0.8400496051563993
0.3938929319593907
-0.9130075168992358
0.24660606120076545
-0.14996678049098144
-0.3938626177280524
0.6616784016912336
-0.10405443306061812
0.3020868119529567
0.29940013598569104
-0.8582079655582773
-0.9409757600748723
0.5975115631711199
0.21324054071854404
-0.2271334432208172
-0.28131029895207216
0.8553468390999253
-0.6044196524508767
0.82514060526931
0.9857419581576912
0.7952324270010136
-0.6723691254368593
0.6188224470855621
0.7496948169571231
0.15943579696649057
0.8440965972688665
-0.05819407372389418
-0.5364307408965783
-0.5897891734611485
-0.7571582327276687
0.5502954493268288
-0.5209224145115883
0.8824308293619241
0.20601981926839397
0.468840091843139
-0.8574843970351658
-0.887607305692365
0.7436880317072629
-0.36055378318816067
-0.24584990877272328
0.7829000180163703
-0.6260343184383432
0.40456533132157513
0.8346849842873896
0.05913604119565252
0.8260497551286596
0.704072534394782
-0.5282126178257471
-0.9245846008013181
-0.8526375728856155
0.7541473955764058
0.6078572134229978
-0.5556012275423836
-0.7575694661842176
0.5073751953662797
-0.3029082671815455
0.9990445305566105
0.1901543151979579
-0.9205749422128588
0.6506692944065109
-0.18376703471819167
-0.5799644131632078
-0.21754534317284158
0.46417171920582345
0.1774235224275862
-0.592610589766061
-0.714101869755084
0.7570077490812099
-0.675974391480088
0.9550311501671256
0.08409212150849799
0.4363602682595775
0.7200989451436546
0.561544968012331
0.3498542965970999
0.5105736621991248
-0.5123000781204416
0.29803074800162976
0.21229982393899616
-0.3789363197089004
0.7918407508154752
-0.366537471011255
0.5214395259537006
-0.9679291980212352
-0.6959620613055908
-0.6456194706182561
0.9429761292804166
0.8725958182572031
-0.9240198844800915
0.5436089199257121
0.6663018342628908
0.7267524459498169
0.8222082590722306
0.6389248592346555
0.9262972879497231
0.8445470957453507
0.5341802097876722
-0.6345443184541903
0.6460539350984813
-0.623131268187255
-0.1082872592152444
-0.8829410265865729
0.3079406569638632
0.24084221819228757
-0.7747346019961048
-0.06902314236984064
0.3901076372353971
0.1267702671903368
-0.5016596742537598
-0.7326131731324155
0.6448788308266855
-0.2931330022807037
-0.06781696682945015
-0.4189156116974049
-0.19514855663093167
0.8498926936645763
-0.4805428938151841
-0.6688264942941531
0.9239604940497712
0.7359072916995548
0.9586371792007675
-0.42387574205694767
-0.7157516750230273
-0.8467219059407851
-0.06814143854575394
0.8189419401009181
-0.08459973582447766
-0.7358471712188928
0.7216805216579061
-0.880324758385084
-0.3376404367783177
-0.10877499472952334
0.1331117588062507
-0.6804800847672838
-0.2955430449215408