0.5440556576748763
-0.22691550475764055
0.19245551956794626
-0.24907443062341916
0.23978316921439258
-0.7892246040686712
-0.6631635083934535
-0.7275199090609854
0.5854197011314863
-0.37494465493673435
-0.7627735724008706
-0.16881076643654835
-0.5812030804244137
-0.9298251725941209
0.1981549717252864
0.7972200134699505
-0.2616744271698108
0.025684693586090823
-0.44586394581897837
-0.43310120232319393
-0.7069542246885316
-0.7211832836684671
0.49620145735698995
0.7697146541591795
-0.3850338843572272
0.48025563694111706
-0.9684945591689802
-0.5930018867645397
-0.16250894444566977
0.7940356088823208
-0.1689470110623983
0.09720243189094613
0.07959223496551582
0.7224469337776502
-0.3239899721655404
-0.46115258226451505
0.5091129635956197
-0.29364319852907506
0.6503304089131923
-0.25258659185807897
0.376074402040389
-0.5113151641088043
-0.6193728849681788
-0.29515478691741825
-0.08814688590717279
0.4508378968012863
-0.7949993824517063
0.45853565658086537
0.8003219675204882
0.9736421902042298
0.9159007832655628
-0.3589567524956305
0.3467800448004481
0.469754979110361
-0.05502611844515681
-0.652256212320562
0.45947052135847954
0.24105833158531054
-0.6630360832269788
0.5243199712154927
0.3587171104618574
-0.8927141794943867
-0.22955666535551056
-0.6153086844380913
0.6022195010487739
-0.9025371811311851
0.5977625373269913
0.5263715536358369
-0.8804831769421599
0.03863544600715629
-0.610862730669721
0.30078736795929006
0.09703020455973843
-0.09649811423664412
0.5146889735876432
-0.05532182852549572
0.24631689310557503
-0.26916179199830537
-0.5847553179940477
0.48082382582105887
-0.36996906662756546
-0.5257882233033833
0.12003709565803788
-0.5262331939352847
-0.9830554374102893
0.9552826362426936
0.2543700971817042
0.8909403060343779
-0.4786990615623936
-0.9327372805531915
-0.8441645916348248
0.37975212761199884
0.43928503961539
0.14259817065509695
0.014120447730556762
-0.09004743798115045
0.008417969922170032
-0.7419347754706795
0.9014448095258079
0.7642672509561277
-0.08207613153739235
-0.34749096238489807
-0.8873007511736195
-0.25554023251398594
-0.9795103645874936
-0.24138785330326273
-0.41894506726148606
0.8761138346336326
0.11098291355551981
0.0419126049365508
-0.8737042173780998
-0.5693664214247756
-0.30224862482364934
0.8391570951847469
-0.5126881569103745
0.3325371935776229
-0.14290145685549072
-0.043039563045436546
0.815895705670669
0.398431430102993
0.13704985107031065
-0.41158727947465357
0.2696560221029276
0.9183277500086868
0.32627321873814163
0.029308534643962103
0.6018479214144117
0.27958413647696356
-0.25926995185033874
0.40247702231623816
-0.10467069837561116
0.47652465282048984
0.2266378523186252
-0.6463069776061252
-0.19629495912877482
-0.852880306303563
-0.5797506369319696
-0.46842157603506185
0.7695687912746152
-0.5985127022288992
0.08555317983660515
-0.42240395190534064
-0.057323837138466116
0.504249646867267
-0.18029722616782728
0.4207658104155143
-0.9906462801448623
0.9332626202469116
-0.8707931346559943
-0.7082017110085002
0.5312425916275443
-0.8044550349955273
-0.05717232860224808
-0.32279380700102167
0.9273654946864678
-0.33060906303958015
-0.2321159338822607
-0.6226743962868169
0.9365277545583812
-0.34040663375817215
0.5650466845265025
-0.459156063168779
0.34080515154850644
0.627315245290853
-0.9882779412163274
-0.711394225307213
0.6672417711070753
0.8005251031576217
0.37266730643664636
0.02035060859025961
-0.120434147193891
0.04017852653962262
0.13625360052930469
0.9939958068283543
0.08623196804900601
0.8592944190291472
0.5104963666135585
0.1818204107260546
-0.9794764290719702
0.8522292240841944
0.25815855954973244
-0.07098290948075392
0.8780323164232477
0.733598859862099
-0.6266438241457246
-0.36125306988775296
-0.769621963419211
-0.08129042060226688
0.3423408170336584
-0.36787622317464397
-0.35832618851287545
0.8958301724333813
0.08992793107356811
0.7720308953204793
0.768996194340446
-0.8396908144160842
0.5925876677268485
0.20366938568503645
-0.15946231866284655
-0.6587630572198642
-0.21986408489094345
-0.6172494598181371
0.13646396346464007
0.099232366438744
0.8176921960729808
0.9964682141043435
-0.160586655291991
-0.5129159939300412
0.46801186184703014
-0.7661068140271832
0.4885466216957137
0.5464800196411859
0.17602234226379032
0.040400857070123086
-0.749297462621541
-0.4518643678202361
0.5154458634658672
-0.942442422333359
0.7657495176152502
0.7233672039408481
0.5718174715152367
0.07428068072700733
0.544722079122457
-0.3813892051442007
-0.04721274930792174
-0.14697390452246184
-0.7014329628716278
0.7060021521599991
-0.29102919180340736
0.4238584426536727
-0.8635669440705545
-0.06478838314548652
0.01859862303656712
-0.1782539581171121
0.07210893340266611
0.8213640046828619
-0.6503347293229882
0.49687436912890925
-0.11000763501950228
0.7886211796884479
0.2365329872880384
0.2795524413748274
-0.44678773287414986
-0.5923407225885067
0.3685255934680107
0.7088735118366991
0.022591216801289393
-0.7467243910766266
-0.49201934700998984
-0.20813770172678292
0.7103134645540388
-0.5979621331394585
0.3711073755890286
0.6580779350626553
0.24058804471823758
0.3172444047404841
-0.24022671444141563
-0.34437109049033277
-0.5017726763657693
0.23988751243425654
0.297182674451425
0.8524857620063426
-0.9426001262306682
0.5842910144700051
0.5571963181774053
0.1814642720515911
-0.7313306682636369
0.775670142868107
0.0979610111403535
0.9247257498780745
0.7880424489132472
0.6658246499736149
-0.26693280737162306
-0.36935349250499705
-0.32027949997198135
-0.7270868893104523
0.7107924473361311
0.11090047951709825
0.3561655876492915
0.11861223960063794
-0.4566379707799346
-0.8975077827171081
0.748978615458121
0.4604814983459098
-0.4316695555595802
0.720054189328728
-0.02419002515418467
0.5115681702680976
-0.3457390184241489
0.8501785335429872
-0.8993324167258467
0.9457039735080182
-0.7705271719243301
0.00010697557754535403
0.2644724237525131
-0.09356638040711585
0.271881520384466
0.981001106734831
-0.006288109159981126
-0.5996530151155142
-0.9133616391162249
-0.4088258255470527
-0.8326579548091841
0.2658272810977045
-0.5415500084521148
0.624079182177667
0.8985068296594894
0.6977860725023179
-0.16456625182987628
-0.44992338065925086
0.28948684832400695
-0.8567483447340092
0.2600522919275108
-0.9462860336529906
-0.5957464066036486
0.210804705103119
0.9181392644584316
0.635610474886569
0.3070690773236209
0.25564025251781697
0.26879579663548236
-0.09755595443894438
-0.15986438255411017
0.4723228835278399
-0.2973753563071797
-0.8102755614560733
0.3556863755555173
0.884022956802553
-0.3101737509015392
-0.48047327466526335
0.22443467142863827
-0.5229510008973726
0.6077308397026349
0.6610790145224053
-0.7875730128812795
0.17171969747166216
0.515874596886629
-0.2969243441715297
0.020575678002526132
-0.25535632179843737
0.46257245531184
0.2905625992357139
-0.11566970304366975
-0.23325590873685997
0.7784644651439445
-0.5226531234043055
-0.05941680665556448
0.14786904724722572
-0.15926463394985357
-0.9957703360084766
-0.37799316113848747
-0.5754249174492803
-0.03646815885514343
0.10958752270216787
-0.9212053932143671
-0.14755306663933077
0.06249492842144044
-0.8452191900475885
0.052042507172328056
-0.45436320720160794
-0.6232755973464836
-0.8002093921986477
0.3023683764314189
0.5630618053524412
0.7338720684704134
0.9466094271791865
0.17641963034176622
-0.8854886172265912
0.28193550808646783
0.36068857662271747
-0.7268715549562763
-0.30470711562428865
-0.19270561837835154
0.8200711536222731
-0.18642783804686025
0.29381167398106856
-0.997984012888806
-0.9708163011244533
0.210078078138197
-0.9104776473957685
-0.7785985146474252
0.4149039589523107
0.9878777604848246
0.9737081149211779
0.5128920867528213
-0.35473023014930827
0.5477470297006783
-0.09125509823011035
0.16290786489484832
-0.6173361349858761
0.9524118016646708
0.35859746890753774
0.6687933166939724
0.35231402548694724
0.3767266584211171
0.5007049651752162
-0.9837886623881271
0.9381636603029337
-0.3948028079816004
0.9680720537721967
-0.968524013669599
-0.8580031624010069
0.5545072819968522
-0.6834162990696631
0.018691174070166072
-0.395018776781644
0.6875769910927454
-0.018358795574677123
-0.6281620006996018
0.25380307436784877
-0.0064924630368279335
0.5964663281653004
0.1379970242840589
0.616366192106705
0.3952913811329637
0.24035564556821187
0.007802701349172381
0.23474710249449737
0.37053522700546027
-0.22091261701495823
-0.2161759473385989
0.6748452517672296
-0.9389541694038193
0.5420025412731821
-0.9685835207264653
-0.05305486410972171
-0.28271863528169194
-0.28671418461859677
0.780123973978103
0.7411239457377796
0.37740141202446864
0.519126554044345
0.8617652732977967
-0.94884894376626
-0.06543238002347951
0.41118245572964973
-0.8593376522273037
0.30509284493283584
0.40709978906151223
-0.6717832209830368
0.4369223391815591
-0.8559431347910478
0.4767374934802169
0.6294766653848052
0.6231729837516649
0.19762483843152445
0.4593448803334226
-0.36582611625580697
-0.44307745844495416
0.44919911011077396
-0.4509059838067404
-0.7614436682983166
0.4885601187061035
-0.8666922544842992
-0.4042191311308079
-0.7596506842084585
-0.5164696787311074
-0.8475400619065054
0.12908352348668672
-0.5324148248252274
-0.4223892446938118
-0.30400234230576473
-0.9785042518368259
-0.8992157655397468
0.8983631761659068
-0.42641051742592295
0.23656133507939936
0.3862314443012991
-0.9018092938154414
-0.12437331036851895
-0.5538522782247972
0.7495334185679614
0.613471922954826
-0.49183934439416466
0.14667718063806312
-0.19758506769666662
-0.8910546378848208
0.6553874237835586
0.49990429068580755
-0.46774152727995344
0.26735781774262724
-0.8004194204575288
0.49525766736415533
-0.45026003453330055
0.5956809541416483
-0.3402467969652707
-0.5241651573433543
-0.975777801035443
0.9459122070663752
0.00033482041104382354
0.6253035166258019
0.9137155564679649
-0.4804442276220575
0.45899270540499404
-0.3772477728014343
0.7651084195298448
-0.6994924302166106
-0.7906261147989366
0.06206576518837559
-0.2996078263375581
0.8002595197957532
0.8535518612861346
-0.7064239149220883
0.6069028303871133
0.6786853015472134
0.14159084070449568
-0.46171682932109626
0.015731855989370658
0.15867406028703268
-0.6689869423223225
0.6776749023974171
-0.6761309338040953
0.436707942686118
0.4162799043505083
-0.7565905615713497
-0.09011388045100088
0.7204494875420622
-0.6516604266480699
0.3686917906250482
-0.8779751147426968
0.6498691545297923
0.1542761433105584
0.4107956978217959
0.6305334179455766
0.5974186566897337
0.10168113285813773
-0.9521035229281467
0.3124007077100186
-0.041524487915267194
-0.4316458330761981
0.06156104353015168
-0.9177035942265814
-0.08210859688634131
0.6233711467324963
0.502612040537717
-0.4110262595697478
0.0010384475877627253
0.5640686679875822
0.4922659861906258
0.5020414946070582
-0.358321387414247
-0.6903787454733077
-0.4253220619504008
0.5985249197388043
0.533147405052298
-0.772550270565334
0.7786474562015107
0.5263136309448619
-0.6806978424721737
0.05839956165737403
0.7396463798433148
0.9907200776083487
0.8177648843369969
0.8785013276436306
-0.9575080184869524
0.9091442131996557
0.8581535488131871
-0.5759206755045045
-0.6652501977786989
0.09172944376793746
-0.9172849188908438
0.8844793292206965
-0.5631956128334661
0.3036637869754779
0.972919382258209
-0.7287722301951964
0.5671893166837592
-0.5352141075016481
0.29780948837300714
-0.7193454185365713
0.3844718130053504
-0.6674110348049849
0.9409061946331092
-0.06375941120259387
0.5569868088974947
-0.06903845219646909
0.9848276143102521
-0.22752711177218
0.25607482438978413
-0.0618143756698557
-0.3228186070999881
-0.21227126742592595
0.037072190060679855
-0.2912812037461783
-0.722502343782921
-0.2693160845492659
-0.19997145465967558
-0.8878924711699518
-0.8939076462677282
0.3270195681314836
-0.026948822530352246
-0.43653245561048926
0.02154510729859105
0.9727021408663767
-0.9179669530923746
-0.15710853832289295
-0.9478280506591965
0.28741985573111384
0.5828838314468305
-0.7488458531423403
-0.2847999661554197
-0.3543432483903868
-0.2539008717137603
-0.6277375148577984
0.32464549955939037
0.7977136879746141
-0.5103970370063915
0.4202730355743127
0.4474534554187173
0.2829960181120026
0.3779718331866244
0.8154081688198846
-0.962558745223884
0.7355018954824262
-0.6304404073176806
-0.8236844302042121
0.025775550543408743
-0.35562746070506357
-0.6814841912800214
-0.7007151086750087
0.4001550186296745
-0.7472778418295174
-0.5818836189035208
0.04153159079744295
-0.2830102763308855
-0.7252254085880436
0.4537588616743189
0.5511404580240071
-0.4308208696906177
0.10643333299482882
-0.07510454357486451
0.5098720078659731
0.10819320621535833
0.08135558220808758
0.1653396635165676
-0.11855324253583954
-0.6792868365247104
-0.17378031070880895
-0.1067305538465797
-0.07400954064155396
-0.9284810413900093
0.40222451816357085
-0.06222987509244726
0.7972136746488916
-0.15475847292894884
0.9907456654065645
0.8394041016015816
-0.2345798569579549
-0.44746474766847677
0.2968121354234301
-0.8499828587052127
0.5086281621441382
-0.7374313430253814
-0.9105883775131929
0.5658573097677375
0.8804967332583087
-0.678831801484773
0.3022041372696107
0.4187957623860823
0.26551017811912203
-0.5059592519097815
0.9876184517168525
-0.3717006873006339
-0.4360659560879938
0.019317630370566663
0.6449465563896093
-0.6735223060797888
-0.7691465116189027
0.6357758143868781
-0.6441494154585508
-0.5189962213773012
-0.53534295181772
-0.3707582707402537
0.029436552466538757
0.3773211670410237
0.6030126630609893
0.06260531129960767
0.5290893991501071
0.013719683064543187
-0.36490123941094166
-0.1875219894988267
-0.5141301682634194
-0.31220588988762654
0.9209357878131454
0.08885385363214482
-0.6815009749089966
0.6823964282874002
-0.9373366385898398
0.46288201451186306
0.6740321215809297
0.09311828845865189
-0.9768772232179805
-0.04657295974881981
0.9181665145300402
-0.5314364754368872
-0.3582885351748304
-0.6157415315621839
0.6181391051087917
0.3721833624557507
0.5279297066762769
-0.5558174415110919
0.35395793964598354
-0.36419700489783846
0.5788191509157272
-0.2798243390903734
0.3851778381150066
-0.659970948387951
0.4681106801461614
-0.3290788949358898
0.5651272555905342
0.7842749568429086
0.8079735491413429
-0.4032648039119655
-0.17061042537759907
0.1616199649522081
-0.427580864565527
-0.07961596944323368
0.0827499075981517
0.5597886111982624
-0.5365150732510546
0.43205518517902086
0.5677217204762086
-0.4233975965466821
-0.18476403839865485
-0.23566183172247634
-0.05440965403400555
-0.8372206680016505
0.9566713791134069
0.6591869631664662
0.9333896578800474
-0.3211740983980398
0.7363307240747157
-0.8943155299580028
-0.18839483709455918
0.8864983578999415
0.9291544909208864
-0.14328843209951114
0.9222602265732527
0.15301131458683037
0.31358411487771587
0.7473701463223119
0.550901106484488
-0.3406494737488357
0.07412247552955975
0.9861868964337086
-0.6532465111368524
0.0008177643329145834
0.2937148683918429
-0.012467020138900553
-0.847934802815125
-0.6632335883718039
0.7264779277185449
-0.21090644657877333
-0.8263551106855742
0.9597333481187196
-0.6442697762138156
-0.8400837216150827
0.26348469157821297
0.19452588485625344
0.13400940164123498
-0.36135904279753284
-0.601173829518362
-0.8383859944163505
-0.08181154480291197
0.040079619764935126
-0.5717916758665369
-0.17876993954444487
-0.48749927118399294
0.7583430650022682
0.1539846271476688
-0.23083492052834442
0.7671470639312084
-0.36164880047597303
-0.10544690849838001
-0.9175524116409637
-0.3301745535138556
-0.03577616414573881
0.2569372788308726
0.711932184445569
-0.6308778358433924
-0.5530923496616467
-0.9725369348051305
-0.07761306057259221
-0.9569983706088869
-0.35053297706431774
0.7296462068630636
-0.9663813791510607
0.275391573706427
0.7486904476594396
0.05016704255737903
-0.9222957981620401
0.1377322428853327
-0.7191774785511624
-0.8071850697818601
-0.7309588305884431
-0.2268873339909323
-0.1481963379306408
0.4107105014141552
-0.7364109691460985
0.8833046600807133
0.6757043070979181
-0.8729626763075511
0.797553324471896
0.04627260752081397
0.4848191329684075
-0.27534655075772996
-0.4402904357648798
0.8606132313994006
-0.08529418521824872
0.6744475204392417
-0.894513266432944
0.5271631364330656
0.4492239310799355
0.9927363352104883
0.26327091875146036
0.23118587622686504
0.7584749078011184
-0.7747378353091776
0.20896416671500218
0.636132373704908
-0.09519747266753065
0.8347816260516736
-0.21838604772444792
-0.8450240506051094
0.43750808928383145
0.4519892079000043
-0.9956394669427466
-0.24988089401057167
0.8825623452140399
-0.5618556159577024
0.5846184032099162
0.5284430993392648
0.8332804321821334
0.8965174761211374
0.9442921496245609
-0.015253752918233054
-0.9010732872448823
0.13180235137633667
-0.9280400141209852
-0.49105125284921947
0.6385550947659211
0.43375677507547894
-0.7396080848568816
-0.4614979187439854
-0.29762982700891527
0.05733801957573692
-0.14658145494406405
0.11421869134245055
-0.47235005191416146
-0.2527520835875181
-0.21413899255170388
-0.05049391314642171
-0.6363020218124189
-0.417339745177459
0.43720461743926653
0.7147362303826523
-0.5951284097486149
0.21851816247566536
-0.06773348397034518
0.9049136607736001
0.9966716306793353
0.26524665099211253
-0.37080988917627433
0.029814246473076844
0.8531403596391949
-0.2556806904691935
0.09590852311108278
0.6912256839108397
0.7597453557608347
-0.98750239829689
0.7604400949303614
-0.7943970503108704
-0.6804801650977688
0.32507820133719134
0.46751447210276975
0.4637104485754182
0.15791372057026165
0.10382200444047474
0.8762811316645123
0.13894314149190135
-0.22718873518143057
0.3726543674170446
-0.43537792516441653
0.8373607045349527
0.6964089411634047
0.5164180547532289
0.9525348854434614