0.049850849931097896
0.5427618240361052
0.7329535628950457
0.647764617713372
0.487380893992319
0.08936410583510246
0.9692263628901119
-0.6544667648743587
0.2772482124748288
0.2517747765882732
-0.3358160373293011
0.9766389227741807
-0.6481203605743775
0.18728736433615856
0.9775062688030483
-0.2378801158638868
-0.919602297405206
-0.20747862764518366
0.8535255116474876
0.38170965995252426
0.658120269456276
0.858761258680667
-0.9029673725077474
-0.9547271211559338
-0.10143229255864417
-0.551781038147225
0.8421121854114499
-0.14524373568480686
-0.37079733124687864
0.945980106258612
0.8725325417958065
0.9466991413028434
-0.42656722977410433
0.4259514784850196
-0.7862877757068916
0.9724255357445521
0.7249544027550106
0.6865746400338322
-0.22179352121786233
-0.049967731970997686
0.47834893454882876
0.06710564860270551
0.23229433881569905
0.002203436077230281
0.1147121886948943
-0.45673368687204974
0.2887988367459726
0.4809191454252393
0.6924554517507528
0.4534406502659132
0.5781635776900889
0.7773678286764201
-0.605788530168075
0.9246257309206614
-0.7379070370266951
0.8021685782411032
-0.722894828660595
-0.7340945706443558
0.23211054423100363
-0.01401192168947718
-0.6209198412426156
-0.6053886168209137
-0.22246227982200817
-0.6412641726834862
0.6831124279246155
-0.7939904490229286
-0.4461604899516449
0.6983900857298679
-0.2197544300815284
-0.19629313387752179
0.3491843073786123
0.12323146205171898
0.8195977924884241
-0.7403830198501069
0.26077791549130924
0.4596721293978021
0.7073526690348104
0.48432018756254913
-0.8932744533942558
0.969757676064539
-0.6602363405654281
0.45267664642324057
0.27009371225230927
0.4218062752399878
-0.7420537566047136
-0.1014010284819633
0.3304450961226988
-0.6375843187007455
-0.7244243591430335
-0.5749655960302071
0.42645525832091513
-0.15276218725099122
-0.4200752814087927
-0.9627881510196803
0.3306929521004045
0.9306047394283488
0.6617513813816391
0.35556680315148625
0.06107492451551
0.61161369019639
0.03941263858694244
0.6018653045871041
0.7960883222987272
0.37687431844573305
-0.41380601099742886
0.6377116579829558
0.7794127543149116
0.45008769133698023
-0.41057099192991253
0.9447110761691468
-0.06234106726636224
0.3093125471654057
0.04300243414266025
0.256663858617616
0.2728767723152772
-0.2120324514521339
0.9635116267988761
0.059676092675414516
-0.25515509526169433
-0.3018322894323211
-0.8720968845875026
0.14052792623583765
0.5884089693227297
0.15027151105647296
-0.5251180399293329
0.1516134178322588
-0.5931479512996802
-0.6746553874142642
-0.661076744201021
0.3426739978064426
0.06027750513276375
0.5408701285030266
-0.6886773724026019
-0.0647386954782756
-0.015792811913356797
-0.5916128304821433
0.3523712558468377
0.04789511966250459
-0.04487337991930995
-0.8304245785491429
0.4243756512123502
0.3328652867545421
-0.8215782411971604
-0.6310814888342113
0.7917517722848495
-0.1924618420375166
-0.49762614963005847
0.28507933809159525
0.4002611115704049
-0.2545555725067121
-0.3772976470502951
-0.5507802100438415
-0.022230762399567672
0.3800506630539313
-0.02622630027277162
0.30254362961217063
0.36237123776623337
0.5881431232472831
-0.10846784029701362
-0.8175479409951447
-0.9622178382514146
0.9167441749298311
-0.9102812614423583
0.5872718181439283
-0.9266793778100935
-0.3904683305911587
0.36805248331786267
0.24362586127927321
0.5219653315084125
-0.6911502441735007
-0.2845807801569349
-0.5543401028590811
0.34612770029249273
0.7987858675178563
-0.4680891406147616
-0.6573379732169076
-0.5772235150882041
-0.8037982449969343
-0.35049009145863286
0.24451562021299367
-0.8964776541807093
0.9120263690961914
0.26895331994642846
-0.5660958244311873
0.2894688466863913
0.3275351413838612
0.7887234263718179
0.743799654139641
-0.722848588969015
0.36783336315402626
0.622250105162933
0.4622795743929735
0.5830270805284723
-0.3079903669768387
0.5821536354165799
0.46733615692242214
-0.9096585146658946
0.585962225804934
0.09615937484489834
-0.7195429397425313
0.47765332341983346
-0.6224355895053528
-0.8828632400173466
-0.6380322788592652
-0.10462153729975388
-0.9967955595358142
0.5604600479800568
-0.5043284399324168
0.3410970160612956
0.45005516530138956
0.35532059507479263
-0.14659267921579477
0.6593783549538343
0.47806662210823436
-0.5998683809634868
0.287506867167465
-0.6018836371126972
0.45596037963092817
-0.47263154835512755
-0.8156034830373502
0.26041936671784316
-0.5001441195434357
-0.38156885235632365
-0.4787556322617841
-0.05903388348991845
-0.17364843524612805
-0.4938846728235917
-0.5049382254709236
-0.782375193348666
0.027599038473775206
0.7085902700961468
0.2564700522544481
0.6697630634763649
-0.23485194419033628
0.5644745929535613
-0.49188230523465126
0.46590076186984675
0.5682978567508097
-0.6243388482745071
0.4902344291423866
0.26904490732742303
0.013537560894701928
0.2629730832535746
-0.5029711927231371
0.30777626766763455
0.7445538758073718
0.43247711387294996
0.37147051427082656
-0.8699237568193445
-0.13897506929153103
0.15387183812381688
-0.7737724742163765
0.9284628398094295
0.6513126940956162
0.6053258392323471
-0.38749661128834223
0.23734493317351957
-0.6011447800716694
0.08933387994492636
0.634881164228577
-0.7622289563680982
-0.5607883140809835
0.34399095477322894
-0.7567753048474246
0.8358917671018431
0.5586563466624856
-0.11726869002158935
0.5615419705843125
-0.6634055656361837
-0.9487516162991343
-0.7010980438226826
-0.6408047302730386
-0.2963403746273985
-0.6609496161990804
0.19244351615569744
0.9327233350008668
0.10922204609991826
-0.6313244572165158
0.9703598484478895
0.3179978077441117
0.6682044761964376
-0.554369051650965
-0.18512430631806165
-0.9340403087473634
-0.4852631571934234
0.8607902021329119
-0.25036010267385955
-0.9486473106731395
0.7260190948560583
0.16335066109232033
-0.5693876361571513
0.5389761064203134
-0.9507429241780485
0.7993672182384133
-0.28266287229790765
0.05563044428959629
0.3603461446329097
-0.2339003281374632
-0.20959202186714299
0.8597127190335851
0.3778462791496231
0.2078122501329791
-0.17475393312768595
-0.6377911935613414
0.7509309828799009
-0.3678554177791
0.1421157780308253
0.20158179257812758
0.8079160694859013
-0.6421342853635479
0.3206645088908382
-0.7644898404145757
-0.4293206971883601
-0.8208362530377353
0.9079398343399938
0.30361936661449285
0.856550208444754
-0.5936250070669133
-0.22520430825231696
0.2105172772531434
0.3185035388511366
0.11116100580702026
0.3178149722898749
-0.8812262227008234
0.8440363863416469
0.18831126705922974
0.2725632252429959
-0.240945383379237
0.5510886996150324
-0.34680266300667206
0.7200382276607811
0.3189042540761642
0.0810000001796427
-0.19291878096058968
0.998934456070582
-0.3235992535026193
-0.695614608819352
-0.029314197504346495
-0.4261129825555301
-0.9334685720351741
0.6674692172792087
0.9028651490797468
-0.10809093896288346
0.5793369565758109
-0.9190174788889192
0.44116518949414507
0.30771420245240955
0.8426861241154116
0.021340369630928224
-0.5803325899005729
0.6003823686543659
0.8403301128733012
-0.465280070111578
0.45736986924578216
0.2054860619034129
0.34307801263877247
-0.5645605343517721
0.9784362410619256
-0.5514402492036992
0.9330752732969083
0.7984949980620404
0.5308302001322887
0.313733787744642
0.9634387806464353
0.5327144582328489
-0.4225224644850716
0.9329209658907471
0.24075348371741234
-0.125806921128095
-0.8651027293901177
0.6020361369303922
0.6793525369865985
-0.2947740642661347
0.02471942067922339
0.7004484224367262
0.9314446133570811
-0.517169244394353
0.023098570125972495
0.7139789986325729
0.8391349682040543
0.49917975039950147
0.3517165201264856
0.0747451695358512
0.1005956993588435
-0.7898769619946235
-0.3966101800843831
0.08860743555673967
-0.18378262798218414
0.03885818888871184
0.8605522283651728
-0.050127470847154854
0.32349180058797544
0.9171546447695369
0.4308009626684659
0.1454916304243119
0.4787471247360069
-0.4968796883239992
0.14380587906089626
-0.8977691911385
-0.2120615280155027
-0.5586022495303109
0.252185862946845
0.09978268257634904
0.5592516321640817
-0.5784132170877585
0.3896172809110636
0.8601165804266424
-0.8160073581700098
0.5878731135553488
-0.8141421016961663
-0.8566855703790877
0.6034595709007775
-0.8164380610874737
0.4554122627946129
0.2262296931132417
-0.7700911353347355
-0.8890292850882942
0.041330233649999215
-0.2329353549156874
-0.9333849850763811
0.03885341129117559
0.7899384455643368
0.48820195695712343
0.0987205785621752
-0.05860574119738837
-0.47033657020306374
-0.13111130197755805
-0.37129181556638824
0.727708751739635
-0.8271308083892617
-0.11589191255720976
-0.21936282411583408
0.9432876539070028
-0.05502533421077138
-0.24928461850653405
0.9062631308938536
0.18646102103626938
0.7695259439892905
-0.7376170022686923
0.8539300433041217
0.2938378972022291
-0.9979530303316881
0.4081886962431809
-0.16700839389966893
-0.13438989838548077
-0.7734320277507063
-0.8040224419518078
0.8391397002792711
0.9306725356545669
-0.931813042555901
0.5283936952255568
-0.003571699859687083
0.06425523923157184
0.05708349153322101
0.3906483941643697
0.5126302599887436
-0.9276635187916382
-0.17471500100323833
0.006419042918467843
-0.6533131682757738
0.5868413040685265
0.8861813519915687
0.28938789207850424
-0.6237191747486086
-0.3209466565205714
0.6626091394670819
0.8740906990999904
-0.14981417584572165
-0.06501779509493977
-0.595980243023448
0.46040584543638774
-0.3801079241437455
-0.07911688633359137
-0.4555424170358835
0.5369452029548518
-0.9687527894711068
-0.462730108064098
0.25226008454513926
0.6348980811007039
-0.7767957993403203
0.363739589189672
-0.3123591672238897
-0.2940288093507277
-0.6894081786521391
-0.762315516591273
-0.5992305673557992
0.8070097025153153
0.10132894990394048
-0.09389654261288038
-0.12574667894248326
0.18171336797381676
0.6175540069259686
0.8012600675926187
0.16399758866553493
0.3166540004416396
0.7122478898361568
-0.6745671034990601
0.5435483905193494
0.5547055893013355
-0.7720359680817102
0.714151855703129
0.8029193773661003
0.18853561583857004
0.7198406754544637
0.08953683981927951
-0.6987010971544216
0.3498902597895692
0.750501240923142
0.11538499881967956
-0.8282795428019043
-0.7455339545849891
0.9459003799348376
0.09769558058850136
0.7595042771661424
-0.9210513548332824
0.5920636067550382
0.9062175671058197
0.6335756941926101
-0.7128084975953985
0.0005870805467873552
0.12940606280279598
-0.00131457257955514
-0.11009410778337969
-0.36537142342463413
0.4983895910969982
0.8349689055756868
0.21658045199776543
-0.4130249974015079
0.31020365956033213
-0.014011591996309747
0.43717332358272754
0.6529551300131942
-0.42888184350006475
-0.14003062271628397
-0.6614964336455089
-0.24580101566854484
-0.13794053072600576
0.423125080013911
-0.16070807564435707
0.14762128497400173
0.749753980023099
0.7788566025744503
0.004555582179657236
0.6531436803479247
-0.8550471996519668
-0.7917811280844453
-0.0021053898100871216
-0.5120665131253272
-0.7171000279154185
0.11988074751258027
-0.3286547342462842
0.1404018581249149
-0.331175796985699
-0.24820739323193153
-0.18085458028092427
0.44936590676008725
0.6597189226495048
-0.3381498729917445
0.3213254958604299
-0.39020424204072723
-0.08390583083967895
-0.764916624483795
-0.3957869005613235
0.36247249089794087
-0.1714729180844612
-0.5282921926957773
-0.6131318642409005
0.6998356501120346
0.1290429093669505
-0.9730646017914888
-0.5098998601496538
-0.30271762959811666
-0.543980819796593
-0.17385640730447594
0.2219608470815626
0.9554847824590138
0.3320512885891054
-0.4876342261474256
-0.6259102295221481
0.578790333271209
0.6130063624794004
-0.11357525075860209
-0.9620147806526096
-0.6304136083168326
-0.2242631232873764
-0.6084653628535763
-0.08302811446328517
-0.04058987953649451
-0.7881543200187979
0.8635530889699536
-0.7978025275426166
-0.9914999533092206
0.9565470140982169
-0.5126827990794052
-0.07693509985876346
-0.5182955794355777
-0.7915889068516189
-0.04411049510836351
0.6242404843480513
0.07384185956064138
0.6612490175474215
-0.8072315758755555
-0.4050651293593841
-0.2559713720543435
-0.11865062829916129
-0.5252013252840977
0.6603881452057099
-0.4045850783366687
-0.6533296484695452
0.3481454980245653
0.49693500882220376
0.36182677202734115
-0.4565389822374375
0.2580538530290213
-0.2729302502845494
0.7823283720492578
-0.47093480462666815
-0.24504214181734518
-0.4155989744891797
0.6886901003430921
-0.7356259202326403
-0.7328052557549718
0.055313783509553405
-0.8613276767734168
-0.05110124590747733
-0.38405077675909327
0.008414473002896328
0.8944965711267512
-0.45465067253712155
-0.42333602215810884
0.42699570970811673
0.6910360761431875
-0.7322836627106577
0.5721878350897944
0.7973962658948761
-0.9156623181096801
-0.4163598674864566
-0.43900752496241213
-0.6542962315617449
0.9377530499527738
-0.8249554420810581
-0.936045424772479
-0.06905342635151146
-0.9860976240211432
-0.9935821171836967
0.9588843711072164
0.1659261239744918
0.37631953024247666
0.6261417275894776
0.7566208098141916
-0.09057160414564303
0.4576663679504347
-0.08139928033263888
-0.06289179452216298
0.9258927997902149
-0.11857967674979819
0.7555646462762096
-0.2647690799976181
-0.6607074265180524
-0.7310461518534281
-0.20579357715803148
-0.3159282673241057
-0.3500218174501406
0.018928560576185527
-0.6628102285785302
0.9215028660702318
-0.526057251517283
-0.2662310978864104
-0.031481176231906494
-0.8949288994656588
-0.8325113936700033
0.26743003098398477
-0.22237516316095607
0.2864749872024297
0.2290500744953079
-0.0622143368513024
0.4078367697671237
-0.3823987744463617
0.8968285439835113
0.17166477874844466
0.7741790948492013
-0.020622182032330683
-0.459821026745556
-0.8454076984795327
0.3277039156423738
0.12457410793520451
-0.17039671062549355
-0.40258804546066895
0.08574896242275165
-0.2675927174945718
-0.8276649103668952
-0.7257717693193011
0.26792322086794473
-0.055006526771594455
0.11419150437774683
0.6823475115960858
0.8190779845774081
0.4383269419680025
0.0648899979821056
-0.13430633988339413
-0.508839053767943
0.8301044848518107
0.5384168309272945
0.3437876567714797
0.5272829012370079
-0.019527416610933157
0.9951686943848927
0.9578116488179604
0.5003116368150287
0.09307711679623609
-0.18769594897263087
0.8916947790162351
-0.625913850555786
0.5252466783306109
0.6579467376475276
-0.1386703048096829
0.5132717100536723
0.2994832316627234
-0.8976243776461996
0.7981303238044299
-0.07096919416409397
0.07059782376297874
-0.854574622820059
-0.9306469724613728
-0.3216575084220499
0.9994052904614306
-0.7579527713233143
-0.3104651682048072
-0.1939589697229882
-0.2559522575072297
-0.410214011739618
0.15527841814862975
0.10643318638623622
0.7021472256276746
0.3717525366286447
0.43775586033392266
-0.6990818437368516
-0.6420300317108376
0.022995555437150594
0.2153734324807497
0.4796197571852798
0.9349674458253676
0.9344125833700723
-0.9283417168594845
0.9728130634574441
-0.001197465721758162
0.9464839957017825
0.16708626771253687
-0.45267625815560675
-0.784896470962938
-0.9557914431181693
0.468486039226643
-0.2922873502560914
-0.38707506631146393
-0.26930294138861544
-0.1972231152316286
0.4730256954348313
-0.9290831951308298
-0.7910650176186671
-0.5067968977641593
-0.765926071653958
-0.6821378104571578
-0.6663075393971933
0.6561321391686679
0.8022992534048676
-0.43895545827030835
-0.7383026288982855
-0.9354223416666014
0.8002398479818262
-0.30646435226971014
-0.17809023288349213
0.47016444529221646
0.06039284794778643
-0.37179788478939946
0.9263682567930696
-0.18297099526246519
0.05731698456109546
-0.20226940936152293
-0.7476133982694406
0.3750912695855413
0.6036078432178174
-0.4058620956632393
-0.09781572304527564
0.9799554551637386
0.9879619573647547
0.564584051229962
0.16071674775800315
0.6849250411970729
0.9075043638479974
0.5583100062409498
0.4256428084090209
-0.40232685616563346
0.24077030764901952
0.9441727498475672
-0.10589549342218008
0.8866052584829438
-0.5672553504318494
-0.40671101256583064
-0.8346992394973178
0.5261264923347138
-0.08200773043237364
-0.9844505528632188
0.16172130442755006
0.8380882890184531
-0.2992662701974804
0.9958211994397672
-0.4157820557018481
-0.491270279083031
0.1225666364604805
-0.513135683275318
0.09226339519988436
-0.12851039016448818
-0.7941400079881151
0.7102217109291353
-0.5718810706950863
-0.5618689851195788
0.23071478129755696
0.9594016760736759
0.5855715654170655
-0.43183011564883644
-0.49348352695410536
-0.8170922210895879
0.7863028094814277
-0.6236921491310838
-0.45429972084502657
0.34201169422158806
0.15969463667710104
0.6587205947245303
0.062211372176691926
-0.3363334492989398
0.7753191147424061
0.8493331375146953
-0.011210593954076753
-0.6355302300957768
-0.41875415510837133
0.22237233031085868
-0.03570732498733964
0.30923084583914506
0.6166160251882611
0.985200903803712
-0.6354306598656165
-0.12376482782651932
-0.3686859266503759
0.23005090229938197
-0.19668857802898843
0.9128540175143129
0.7091812358433764
-0.5196153964755275
0.2459623075625026
0.9964531044894527
-0.2729689162944995
-0.01958231867705984
-0.8609176329212651
0.8940701443569998
-0.8966003028900116
-0.9546697699376976
0.037072804171981
-0.9822755208697793
-0.3259290701346478
0.6453044390978253
-0.49498060669868726
0.308051486908995
-0.2447099380638127
0.7536426710714668
-0.33361292385726693
-0.08101591365062788
-0.3888822490777979
-0.1668158966600508
0.32337136170587066
0.24059766045777553
-0.08607475864137704
0.9818616878100122
-0.35388812812622006
0.731911067431176
-0.8096135372285942
-0.43326174316604127
-0.7160693801996993
-0.3906888597633926
-0.9907372850155425
0.7577391817757113
-0.7744660570193562
0.521491554105612
-0.3546903111247057
0.6767372062188604
0.2425918114459078
-0.8727553947396693
0.5403769330842152
-0.23344523134656447
-0.45568973232284504
-0.8040726219877012
0.07380348918977742
-0.5983823308848062
-0.11253360939294588
0.6190443013396014
-0.9803242585785286
-0.28357403051256536
0.6384307993787044
0.7752636650187097
-0.3423959537638033
-0.106403520387917
0.43633528116142783
0.24515276333506741
-0.5944716032858202
0.46426516684305263
-0.6563688931208023
0.062400426378859564
-0.2869963182044315
0.6964858281646062
-0.8032743930457027
-0.04101957220289476
-0.6340556309744834
-0.16149882059853815
0.7167966465061979
-0.5591985874674144
0.7300729988619055
-0.04512139841645846
0.9777640209530098
0.49598165545018436
-0.5803825476266848
0.4127086797772659
-0.20620119210382204
0.11644198031107855
0.5558826559806374
-0.58348277023231
0.6723293880272785
-0.159267634580186
-0.7531159270616417
0.8921838665479849
0.650117257343519
0.23135110846479257
0.031905137976387055
0.9104886674466213
-0.7562070252199875
-0.4289563852826681
0.23498729242166516
0.7894721821412236
-0.7043034357416316
0.5492918419333721
0.586292664197599
0.5718729127938946
0.577911501644623
-0.4625364506738032
-0.3265832389692611
-0.5649497084473922
-0.8827308756190042
0.5290774464689021
0.6912160912726382
-0.1967269515787462
0.6056590392099976
-0.13812829101332502
-0.9780288366232965
0.790706332018311
-0.014425493146591917
-0.2705622986108345
-0.3790784981518156
0.6030571245197032
0.4128835288666468
0.3596020238791362
0.7649269283591438
-0.2072465281550524
-0.29765100921889953
-0.18832571687997346
0.3403084711303799
-0.05708783734149825
-0.3913056245521742
0.5550027052496336
-0.4487376800151748
-0.4994895071849259
0.13842326972219499
-0.8270819753777467
0.4702731274511076
-0.7577789425288521
0.3767243402051774
-0.7481053745369945
-0.008773650409480416
0.5049970590184716
0.46155391558927117
-0.6987317145610752
-0.22686617253163055
-0.12117394408983895
0.20127821330541384
-0.775691103358515
0.4379819321341263
0.26667281372255025
0.6207273308626569
-0.8498005231853725
0.8918338866315494
0.5148358392963914
-0.5035319253685409
-0.8166177250959314
0.7898695193232919
0.27667593845365834
-0.907973220215134
0.2769349086329138
-0.045508406565224035
-0.950725634770861
0.6019878741962181
-0.2862209116672465
-0.17329171379060604
0.48046551018133177
0.9851749998808246
0.8147693020367726
0.5624434996887961
-0.9694505650788978
-0.02289508140223262
0.31424917432774246
0.29817661592558964
-0.44467382270557043
0.843183080235937
-0.5270979963099296
0.48519945639668194
0.3405631174560362
0.8414518014648178
0.5471268515064545
0.09879533088189074
0.524996763126895
0.17687728782506107
-0.6562233159166544
-0.5663943005096663
-0.3908263482004659
0.17721343518227783
-0.9255696504191642
-0.6139921455819961
-0.6707196097502244
-0.5131882581699185
0.15039188470586562
-0.20616895261964396
0.7023698312025111
-0.6606099686246676
0.9812638945244367
0.3033434459122142
-0.08867702864925442
-0.6710080176929636
-0.5339054181987359
0.9434556842874451
0.9822045380338342
-0.3497405976565633
0.44862715063770797
-0.38842530469583725
-0.7607708867611509
0.5658116319743516
0.3597768643314052
-0.6625510431386983
-0.06289783749361932
0.20193755154480075
-0.20846671527124627
-0.03843133968937029
-0.13698787848132676
0.5052637363681585
0.552723478385978
-0.9045262095080477
-0.47677059937956123
-0.25641519712492045
0.10337850909109836
-0.23034190897216278
-0.5439575486277761
0.2646594259107429
0.3257028938162425
0.24320106802763264
0.3258102058143273
0.6112180622923453
0.20981694219386715
0.16761964653485473
0.2793537740870804
0.5053771670315557
0.9360255186693798
0.9544393305364252
0.9239807217501166
-0.7542981992375184
-0.3531846475627518
0.39809251630185893
0.8271027421145625
0.9426854428228808
-0.3281540999867092
0.5348338235427081
-0.413408530151123
-0.1224945232793142
0.9269034377179834
-0.8679385070942214
0.7146164441518355
0.40363403760222427
0.7855762296697104
0.36357205481368293
-0.11632533232674369
-0.6134406451861238
-0.19367203102715025
0.3355091703224946
0.11802927246154105
0.22338013869362072
-0.21333911261359018
-0.31077299799172264