0.038409648620836956
0.5351330604006079
-0.9908491954743273
0.21575764849260692
-0.26342607364690585
-0.5499975176008134
0.9402778662233462
0.9557917877642719
-0.861646211435674
0.9056789695359189
-0.010703828880288313
-0.7252672583679023
0.9011727961662335
-0.8192214470957251
-0.06944045623895567
0.7946470682919349
0.7630249685532202
0.18814119167669552
0.9878623629325869
-0.18960412941560056
-0.4727823954920374
0.7965092685987933
-0.29978081326801886
0.95714379421065
0.4483332735247749
-0.3272894762161258
0.9601518211977595
0.48970268989257293
0.8422699935061988
0.00851561666025935
0.8297860219516708
0.9881010779208981
0.14545083809289272
-0.003762667296172806
0.8252805725528121
0.03847184543456472
-0.25700826254481224
-0.16888916223658978
-0.42849621872322396
-0.32464298989450624
-0.9468802810049879
0.7457802536357112
-0.42567806420546517
0.2983067614953612
-0.7589026039320075
-0.99253668962515
0.1455826145320529
0.501222390455994
-0.7399981294563212
0.8564864248955462
-0.4479084921061136
0.7600732934576242
-0.08062823851072731
0.07977507129278627
-0.15090350567915412
-0.4107710146086443
0.8919542346752036
-0.6095524984976395
-0.389239520793323
-0.5188208600693769
-0.6062968316861712
-0.1303548805661583
-0.19616965638250816
-0.28874506781010845
-0.8887202628883009
0.5010771478171903
0.4362099312840597
0.07809981615556305
-0.4086092774379322
-0.014016784879381294
-0.070117322660048
-0.18958330156557457
0.36384722737555775
0.32961491971752577
-0.5832162776836725
0.26952962945287395
-0.9766971645799873
-0.7574853866657798
0.6634890540773866
-0.5650512795752738
0.8658312332497937
0.6210320412486618
-0.7227813233626947
-0.015197893704411714
0.08176926233493975
0.4109397856780357
-0.018595482134321273
-0.29729184202336256
0.48753500295595686
0.2044138196531775
-0.5369158883920959
-0.2382653478803709
-0.9556312500133668
-0.6769138307096099
0.42935864425734693
0.4125049929760993
-0.722230833379202
-0.015040675954504312
-0.3582282072811418
-0.9859894360494901
0.4745335811588056
-0.5295496104699369
-0.07491293262385423
0.9451148521553929
0.8211722285954548
-0.6126669822441062
-0.9792196707231808
0.42653593908746723
0.815029247028003
0.9526922674874576
-0.9412983806349011
0.7276347938086325
-0.9490697749404053
0.8692356228899891
-0.04184585532756091
0.5628477867305437
-0.0036505810060187827
0.2984855437761722
-0.012355721933511532
-0.7056729929150334
-0.6815149794428785
0.09141887610863875
-0.4116078289959211
0.7079172690105522
-0.008217826150643814
0.11206500716939427
-0.4382773054280462
-0.9233775286222525
-0.8856837588289148
0.6782354504323913
-0.9204653986915248
0.849911404534762
0.8469753836128688
-0.12475363634759074
-0.22647603801429916
-0.6825074594272276
0.5107789361027715
0.3452408997836418
0.6794755799776777
0.4219541832192324
-0.5692869701469532
-0.6933276562989772
0.7542084575374641
0.8004536621655092
0.876346654400318
-0.6198822967116819
-0.2081998309355193
0.7508778840330357
-0.6852223284835635
-0.21229037370088877
-0.8752237384797188
0.39774192419097787
0.38554734064331564
-0.12968267303852032
-0.9838976940122293
0.512182206541858
-0.09257361005617337
0.7520790193121072
0.40452177914874743
-0.7395829650858956
0.10956031636031538
-0.4227633021969879
-0.15946958358265562
-0.2381208505363308
0.38873558639131134
-0.9196584722192844
-0.9520737575279237
-0.21097327282489453
0.6841062051221016
-0.7754254828489744
-0.7952222836085585
0.12828067620223682
0.4151864323341521
0.9161603532886593
0.24997604201233758
0.3203058654818354
0.9968689599483389
0.5418843893113288
0.1845163932956284
-0.9543594562446374
-0.06492645994731827
0.8043010831440645
-0.8565133227949717
-0.4429335929180811
0.8090397124757596
-0.5422156684872768
-0.1641207991449123
0.5892308619931914
0.8631199407528904
0.9430038129707246
0.25904747211983814
0.0630851271259969
-0.03848476298930548
-0.05940709852840054
-0.9251277105899203
0.2918279006456552
0.8451109806287924
-0.6764486037182986
0.34193824077433455
-0.7829829008121176
0.8453885223751105
-0.9627226405910965
-0.23680379131956109
0.8681200739188377
0.009416088750495044
-0.2637705387162388
-0.17486590629964605
-0.5958400573274434
-0.6800467441806619
-0.7259026953793353
-0.10924542206980203
-0.9430170607954309
0.14963036968395005
0.7029228504313536
-0.9333165660520293
0.553700106550238
-0.20399064103529008
-0.6542016666559274
0.9093645305335496
0.7954134860607203
-0.19696014898377534
-0.2232339409964692
-0.8549041641095569
0.9908799867960196
-0.005878274103378489
0.00036642178172918705
-0.9989949154938427
-0.019896397941043142
-0.9371643721127378
-0.25287251171633174
-0.46569227387584955
0.9138421237061116
-0.41375017752210663
-0.5715883748327277
-0.9396574965361568
0.8013906034775897
0.008996181796338432
-0.27988933145563877
0.5150695144135637
0.5691775947050124
0.9860194213670068
-0.07257003445260124
-0.5890589396867782
-0.8894365947106451
0.5767305066040234
0.4827107179228276
-0.09177616964901136
-0.2820792964040024
-0.5749119671870386
0.7629388646162034
-0.7284316358872589
0.2061231580884484
0.5831051674874366
-0.34009926193479534
-0.5842623087832215
0.9468903599993506
0.3138319736782891
0.6512834914549326
-0.013960947960312664
0.1792150995203916
-0.7068953516360554
0.3940981651589692
-0.7053461000744354
0.6193618660668827
-0.17994840901074172
-0.3139922095590004
-0.8799901616948045
-0.9023333136812022
0.8140656718498076
0.12101232625670288
0.38100081993424184
0.48286995014699063
0.23051990533038413
-0.036961951235850554
0.4370657625767327
0.9746776316141577
0.5783631373113103
0.7112592032781657
-0.7800193993980433
0.6121649628867472
-0.22516039628531725
-0.0031735541502933007
-0.4351313557641683
-0.864644758754882
-0.6358365741172498
0.9394957157333592
-0.2687025183656364
-0.7804864889585073
0.22436856931884241
0.08496397293999713
-0.32427768561261106
-0.9641142399582998
-0.06947319667539853
0.8077574661671438
-0.1274422110775224
0.2577482746752431
-0.8324647996691485
0.26582553729318725
0.6095334071709981
-0.4401123998159706
0.08241823271966564
-0.25326723846294663
-0.5204071371267089
0.9343963327099285
-0.27839114384350006
-0.486850798415815
0.795322415304627
-0.4615909525788797
0.8608033043906251
-0.31073134342621356
-0.6751135994977902
-0.9206006001413538
0.484976338483341
-0.06598469458443956
-0.1156043999291354
0.390245777881846
-0.5031011549605033
-0.9340849751835767
0.5362998156079861
0.5988914689806988
0.009461520473541318
0.6394033959749135
-0.5502864623629018
0.4072192522386813
-0.8456497280095587
0.7661753474208695
-0.16752202729105692
-0.1374380517875553
-0.7637428776522344
-0.7383631710603957
-0.9615218000691315
0.9856008359451038
0.20330982120786079
-0.7279486156073074
-0.16280650397105667
-0.829872165326148
-0.8406292777649353
0.2919681071639908
0.485683040890698
0.5823025839736158
-0.23699054851399137
-0.8482248418698723
-0.8358681483492267
-0.7981666273230454
0.22221007489904032
-0.3011041698816883
0.6700562856033965
0.3871667021635734
-0.39046232926255686
0.05674818447320762
0.26307276352245323
0.7606475033308295
-0.23624843425189246
-0.27646956205353734
-0.5174684441017199
-0.8456839361634592
-0.9877361506895799
0.06234167751768749
-0.6661401740110036
-0.03213834301388996
0.03729390767898644
0.900669487440128
-0.312153478942945
0.3764515851316417
0.8889301120483231
0.6197817197113973
0.028580448951345705
-0.1704965882570484
0.6413129889888523
0.8261437472111519
0.07209811997726501
-0.5581802392909099
0.08299042338617735
0.6895828268369215
0.13348681517094896
0.5030229380812798
0.5294327034318582
-0.7969895435358352
-0.4559837860518601
0.21141727123996756
0.3440852182612679
-0.04591948375621113
-0.18598925397924781
0.5215342992828771
-0.4311764713440802
0.2625396975900136
-0.6998599314575158
0.4764868540851279
-0.5766005367552491
-0.3343821298443239
-0.7920396352717154
0.20090739219125453
0.40582672724488633
-0.38778309172560843
-0.6035343329330276
0.17173548655564885
-0.44760766699097276
0.9869426406424644
0.8118311062423698
0.817396695565022
0.8574961113605033
-0.47475872214082004
0.9924482495460356
0.24903416047879978
-0.5461705668856429
0.11040254458834808
0.9350252419428096
0.40787446359514945
-0.3705991817622105
0.6475187007176209
0.4929028805744431
0.12124687822741631
-0.46788021863026374
0.27483106632568854
0.30665769469076287
-0.002712890444862115
-0.8944791511228998
-0.2544542524553617
0.3019931754997469
0.9175343965440255
-0.4599417265990702
0.6417538193257819
0.6795357655879828
-0.9534883654042372
-0.772204354820373
0.5115032762986385
0.9833834382780255
0.7675511424144452
0.2751873387827546
-0.16492724794680091
-0.4125789595317768
-0.2946315632445564
-0.3719504181711226
-0.2267092185123556
0.28384382527640395
-0.9071580160936106
0.731333639853138
-0.6877203627557325
0.05995260452523543
0.9903686421221292
0.11517006350748638
0.797406146908864
0.1290989146245065
-0.01477193750946415
-0.35604442933366953
-0.4290580854119015
0.2740312222105574
-0.3808405901492511
0.4354769316584115
0.873761215796695
0.8327361232415891
-0.3663158564114668
-0.7024013877617388
-0.5606030694293456
0.4899328403148717
0.31906269501760587
0.3608525914002403
-0.44142774456387457
0.9461815796878665
-0.3528577225335716
-0.3422714162090008
-0.7788715688522665
-0.9993045252725321
0.1307937484566739
0.4398137645232596
-0.42121561653405304
0.07620961678194438
-0.8162791160315701
-0.7373229594560522
-0.18742102934867622
-0.3811970475027058
-0.9959047177254916
-0.5695625494864334
0.7297043925713236
-0.07424776889567442
-0.5167189374830468
-0.7772276335914752
0.9029889231390189
-0.29536514586662177
0.5418118339440336
0.027850674621843652
0.724114753655871
-0.008792177761517195
-0.17310686940469666
-0.982549011745834
-0.2828716903406947
-0.7858947968887948
0.8251906167932335
-0.6854783857176743
-0.7257436926539587
-0.8652077735856316
0.9513408550723186
-0.35172708321615653
-0.314297569471206
0.6992092300393731
0.11706245985898267
0.47126599133832703
-0.5176757515166222
-0.31292427623334973
-0.4932067157225868
-0.38719132228384723
-0.34451062674535904
-0.8876721613263447
0.6211894106095686
-0.06385353175352515
0.05125339576434729
-0.53256359453859
0.7238061574108317
0.43526605983330735
0.43830878840392007
0.24975928077942533
0.635860615782865
-0.28458971883962714
0.6753837214723175
-0.5446768157055992
0.9734237564287931
0.39412870409054857
0.10965603451112127
-0.6888998355757527
0.48581151242270404
0.3938312956782106
-0.17723412160667018
0.12476985171645016
-0.6062502929821632
0.6733591882042937
-0.22411538114198803
-0.2805992961462753
0.14960664637824062
0.30228305152288804
-0.4081523248721177
-0.0453761384271536
0.8002283665414442
-0.4636791753401117
-0.34847523105305034
-0.3793861112474892
-0.03192892452110385
0.6664285539205519
-0.9132790179799659
0.4605478106651175
-0.029037348100110716
0.5380103524368709
0.11169681340764193
-0.014424348853531832
0.1852347668697707
-0.655002755096701
-0.4021426877012817
-0.8012586720528345
-0.8237632343136281
-0.3854675667765062
-0.21889453366216993
0.6229124550773106
0.9792289483441761
0.2722781855338907
-0.500084971120041
0.8798205579285363
-0.5053848916307606
-0.27189280948006744
0.06504237856126793
0.8091180296987008
0.12489947203115026
0.4339455253140807
-0.8987174759140606
0.38579787433439616
0.24764203977529897
-0.8830194870990444
-0.34525227777736434
-0.13419612065765807
-0.759085156205767
-0.07592451101161934
-0.3085722994899167
-0.22655941137912938
0.43925010572878476
0.664387804363237
0.3448504417426026
0.5912129791334999
-0.9416808846447049
0.03499737210039844
0.19726394347248366
0.07867117670974166
0.8908090389409511
-0.926166065069336
0.9488310848224002
0.7686082438578408
0.747843059725932
-0.6311551661573152
0.8118384860273886
-0.1713618966781223
0.09550214291570902
0.9388666535777319
-0.737959473943445
0.01826243327589716
0.7992173454408935
-0.7846438035261152
-0.5309927199284561
0.9394642836874318
-0.49396830409913206
-0.35806892476618724
0.8036053434694572
-0.10250671823864455
0.20178702437332663
-0.2863953365291003
0.3686081905288723
0.07477737082927516
0.6590443031307749
0.3944234028048228
0.7594107294270434
-0.33331279249872536
-0.840351468245822
0.9990762323069458
0.6698231818052827
0.06806128787666776
0.2375328283338778
0.16258074336098316
-0.8986982393729044
0.6739825179212455
0.5794928387356308
0.17679465363994495
-0.6378986769389297
-0.5217702254593315
0.9121585780442987
-0.7783263546644457
-0.20536556988415344
-0.8240732876816848
-0.4205706304853025
0.2437188521513014
-0.4968865818426693
-0.7820154470064706
0.1745975994576534
-0.917023231812832
0.12482743297078258
-0.12999119069950282
-0.5381928499732327
0.25430026184676535
0.5543487707220665
0.007207928157377141
-0.9190286098336746
-0.25985839160185975
-0.483513745092397
-0.35324594257540487
-0.8463241476352259
0.6098931195095152
-0.866250699932352
0.022795406648232985
-0.32332378082838154
0.3573374599228507
-0.4213276446044625
0.7677603714576895
0.07046259502436181
-0.6151351359941144
-0.3465520284854746
-0.09258543443754608
0.3396962017710381
-0.04742903793220865
0.1316478803744956
0.5196264266136756
0.4690956927288854
0.6093191856819165
-0.5405442250978971
0.06391915424667971
0.225107188432367
0.23429855375289144
0.0231067088261816
-0.5211436162200425
-0.14484301308881498
0.3912001269910088
-0.8008530998903547
0.7842262285202346
0.8444893736506844
0.7424170716283447
-0.8020432458747531
0.13601112193923726
0.7577274158017882
-0.2364012772317372
-0.49520893501563457
-0.4026611114391543
-0.6171374953219142
-0.9950780850743126
-0.8138588313956028
-0.7918876313141319
0.3090707331888023
-0.046793802448277244
-0.5828360107643025
-0.36528021664449395
0.37407745976142825
-0.5345704048173692
-0.18408263768682342
-0.013433744660367175
0.4353213742536812
-0.4097990989806819
0.706935219386061
-0.045632710417989886
0.4275262591214011
-0.6470798686818318
-0.9510091450445279
-0.8567934334179172
0.17598532620238583
0.5228213596697335
0.8168657111125925
-0.23974408456878415
0.09182141139500755
-0.8536470085916694
-0.40618734056178796
-0.028291208188753192
0.48031748102467664
0.27907854441615343
0.6782519136550116
-0.0001494637072030347
-0.5211510275867719
-0.9073677920716565
0.3733031582440298
-0.5903778628092566
0.14206872478312071
0.7595660200570757
-0.48786777295343
0.4531855927951869
-0.45058979634276386
-0.27192244405373645
-0.5863305384267963
-0.4666498673005737
-0.736841348844326
0.11740060875093317
0.06917932728695542
-0.8009173652273749
-0.788749806634784
0.8207956691326801
-0.6416359316074027
-0.13132651744660295
0.38837325303138637
-0.5106949186188205
0.9721080663108128
0.3309109881557153
-0.9684571087973823
0.8633652551574671
0.6401056572709474
-0.3896458877144684
-0.14446764259804357
0.9896930540674502
0.08436992275377464
-0.608297536397717
-0.9620712571501462
0.12094407626514503
-0.30018418528322943
-0.7772932379287003
-0.18846405340019068
0.6794525031460916
0.4457879257340376
0.5717419885580663
-0.30046594175154495
0.35144965418729335
0.9986743771750723
0.49867229494148857
-0.3548222349092345
0.20910019378997902
0.2864662724193656
0.6735760089277603
-0.8384329941178614
0.23508071890947524
-0.37845977950325715
-0.1541750685379839
0.9802585477771026
-0.14624638428855996
-0.44721623544906963
0.0012167686927211374
0.8033974819114995
-0.34966654058183977
-0.8519135534469535
-0.37805047843407524
-0.9161380725121298
0.01705571907951353
-0.1902630122276301
0.20092694782950948
0.2962800942862811
-0.5443987056693211
-0.23017171835114292
0.9551097787792813
0.7369150514931042
0.13194310573029666
0.873638201481395
0.2591876042890804
-0.20657026860681071
0.1259255768046761
0.24591792068167972
-0.7981175051687015
-0.8348296796496688
-0.5985223669909263
-0.5662031755890387
-0.9553740176053926
0.9407135018753034
0.5579474727674367
-0.9330709566284878
0.7121914350223819
-0.1752613483429133
0.48987693596203163
-0.24189216244249145
-0.44397921316580513
0.9893498834265064
-0.1739159399979382
0.8591215608093907
-0.9523160067501146
-0.39437063247233195
0.03495822815304117
-0.22089400045700325
-0.1303959787315978
0.44877826056389636
-0.8646965649761558
0.899567259687559
0.7617633403414084
0.971792159718569
0.10776903350304012
-0.5211674255641028
0.8662032206076562
0.0038541127495450578
0.7414254281352357
0.9845956690845652
0.3495933138558869
0.31178164317156276
0.516437680035764
0.6038880190712312
0.2808820924391533
-0.8438198299424908
0.4482357722512329
0.12281721365553366
0.19136185050975452
-0.5194251951978035
0.4196685909728375
0.5104566969719204
-0.21618987722725946
0.8427257073021825
0.8970697096650444
-0.8794371897974251
0.519613237881458
0.9479904086230453
0.5072017332320056
0.5711878703368292
-0.3097914154083361
0.7614970758978199
-0.4728048693536113
0.5856542508747782
-0.9042622196556498
-0.8886274179766076
-0.6007415553551627
0.7878267655075206
0.4966910895166978
-0.7197410687314287
0.6306045603975161
-0.40560817123339166
-0.633655232702691
-0.6058180059569134
0.0473770319875324
0.3988891173736975
-0.8088565784410175
-0.05219518270370105
0.6475088179515176
0.931519023064469
-0.28943870666477545
-0.18397029378608676
-0.3635717562184635
0.26964649987914924
0.2964993604275741
-0.7962053520824766
-0.4148127658598728
-0.267001633475048
0.08269824664462178
-0.6133254730106343
-0.16933785687126468
0.5229896763081454
-0.8228970858566413
-0.7008125122254203
0.2832418564425505
-0.33611365140777405
0.3872556916647607
-0.5584079004068638
0.6933964946739588
0.05839736513855143
0.8845290621208686
0.6498604620579322
0.5382049519591201
-0.3509947452368347
-0.19672482695659732
-0.8218083895608463
-0.2818256478937651
0.053548141172828245
0.2536138962479584
-0.6896743218434986
-0.8718535903182014
-0.7745820790053284
0.4823477201588253
0.5665802612519171
0.09908769955576946
-0.4444277641391967
-0.6515244798770632