-0.2190523368402355
-0.2757691379788352
0.6757174663240637
0.7818652821870626
-0.3974658197447256
-0.11310230002843791
0.4601751972770973
-0.5598578298498866
0.6491364611753252
-0.08768953280228797
0.7614770020620805
-0.1961584598158057
-0.9156964027999861
-0.06788552811524462
-0.4591117344845974
0.8531260741768034
0.14414083261688293
-0.20638706394345174
-0.009981286943761436
-0.9541802032303413
-0.4904391347152761
-0.24847483290618189
0.13447736913282804
0.05419408798132386
0.4125233149711143
0.05916283597245897
0.10758962678883188
0.4954551694740148
-0.1382758332958809
-0.21250433907038602
0.2991666481868005
0.4914542577615073
-0.007944939557122721
-0.9109389722794252
0.04810928986826135
-0.6967895582395094
-0.0952207441295776
-0.0276684022798539
-0.9708172352664934
0.6911777015410698
-0.7896467803944878
0.2693892944211689
0.8499157821127323
-0.10273487934584957
0.8416536739896607
-0.16296258006548148
0.8808543212373154
-0.9091607427563191
-0.7660238804860913
-0.8155469889788376
-0.16066016551980478
-0.1107821248333738
0.2633236783302695
-0.5152419927591083
-0.29074382932176435
-0.423167061594625
0.26753508621746347
0.11845757621135955
-0.08513060872143319
-0.2817908264980282
-0.4432938566435547
0.612642632836697
-0.13244500428291772
0.7480817631761942
-0.5068283765142443
0.9842584209962641
0.3669562451216961
-0.9200447294160414
0.07885934035033149
-0.3672587443612645
-0.9216085232636648
0.6914528345949835
-0.7623805543147399
-0.5928514935468698
0.21734107823636295
0.3348258040347081
-0.9911713758015357
0.7803384212556423
0.899657976595887
0.4579430209735429
0.1445085001004267
0.9691473199299729
0.16678887561775158
0.651407327899991
-0.37962093296509125
-0.02762274956301658
-0.1874802447977333
-0.24820340893987303
-0.8905523000590654
0.5741225130633654
0.6458549843532211
-0.009409614733980831
-0.5009603876784474
-0.6220193740137725
0.9058199550580888
-0.4194974873245081
0.27644816812361905
-0.03333186280480849
0.6942987464674564
-0.8026284748049459
-0.2766322941259689
-0.27065631431162296
0.10926238959450285
-0.041029993699646106
0.24652615172620584
-0.019259021213728023
0.18295340467889964
-0.9726070361810382
0.9343284954441831
-0.9107025990386526
-0.43051438359043326
0.32165565709468424
0.6991127553326262
0.976175576092827
-0.4355963352425616
-0.1624924132764587
-0.26266350001537253
0.21666381316054006
0.8214020549227992
0.8774387399896377
-0.33384371666207513
0.023026365547660133
0.6407291892807354
0.2404187632830972
-0.3700789051705107
0.6298895258811534
0.9134497415841163
-0.3050329848334976
0.48952755731306263
0.5128746118324059
0.9079205070471208
-0.5121807722054277
-0.43366767071637446
0.2596332897090643
0.21842824746349465
-0.2944092443363071
0.6723936939364168
0.29939881628036913
-0.17567244630561052
-0.0021636600491510283
-0.4754934432283955
0.8516895302760488
0.027168016546841756
0.4008102361458463
0.6385459074975008
-0.5065507801437452
0.1208957527276957
-0.6441052793550022
0.07445145346634785
-0.9460794831131074
-0.1294146935510223
-0.9269162468514558
0.4854329439358471
0.3171843084666428
-0.7309360258806763
0.8499430893314743
-0.6550636216682466
0.8985342733160575
0.25432570162924395
0.3676075467150126
0.8775471546198486
0.6483707706882171
0.48351694045825
-0.7358431141001214
-0.06522830637992194
0.6764178417060986
-0.40492570030634156
-0.9806013572924859
0.11546487529383631
-0.1737605589231781
0.26065532886602205
0.9420180716572863
0.16054570952890068
-0.9069330491805849
-0.2691407241906907
-0.8954947379888283
0.8967528161368017
-0.386468152621845
-0.9111674844927087
0.24413113901974426
0.1795713035967894
-0.8549709073814538
-0.008078149288950343
-0.7547883093898595
0.039506164515642705
-0.41241241901107006
0.7689274182930745
-0.1802798590159138
0.8401533786207149
0.0881198312976279
0.6168336080750432
0.3563104156354395
-0.604423646529203
0.8759931703691046
-0.9470402106706834
0.3235976709257917
0.5806436504514418
0.04510061028595658
-0.9848323311323675
-0.8464244173482478
0.26026313887352215
-0.6603766161665723
-0.8316748226055681
-0.11237420385458852
0.6417569189303456
-0.6507234413354188
-0.004502751745973477
-0.9642580458953411
-0.6681340985587392
0.33094843754313485
0.2993380773504235
-0.2669902996233513
0.7142608449495627
0.12203635966597037
-0.30423465705396646
-0.49693402746800897
-0.010652837348368971
-0.608346367219158
0.948019719808697
-0.054722119102751376
0.4808903191938152
-0.3669079197472285
0.7836002971773768
-0.08387920202091315
-0.586983367518283
0.11942117671464691
-0.03173025192371948
-0.21371873977341904
-0.8658500536687745
0.2099573023892578
-0.8074718194171238
0.5511523163211238
-0.7811665843157318
-0.0226910053796332
-0.23965737147677246
0.1469034037126591
-0.7753991999417369
0.877142713269988
-0.7837840483803731
0.4075812424058607
0.737023991017286
0.2926780972312901
-0.694184672842262
0.5971350682214218
0.583121921601158
0.6417131067261197
0.21857970608592092
-0.4949998147405399
0.40096338903287276
-0.23617610685280077
0.5432635865921074
-0.8478152263526764
0.03599196900661639
-0.39763556502882835
0.14057247488172853
0.9532168550004048
0.5902214119717775
0.4480656633156481
0.2252455301932923
0.10699460982788023
-0.8190979350753991
-0.8196485278873558
0.45828940997859546
0.5981887741335625
-0.8852023647995677
0.7270298433815359
-0.37467906733003575
-0.941072894302108
-0.8709220610509352
0.31120008106454655
-0.3049688200721341
0.8648521656274435
0.021997420096088183
-0.36820716822755184
0.0047232188849439805
0.28434450665229205
-0.6430457413578499
-0.941653617945228
-0.5080294462973383
-0.7450748287326654
-0.38504389099347813
-0.6569383076206932
0.10261347044893387
-0.3469037876710648
0.2833212572994803
-0.5519453685876994
0.19020674124027415
-0.12729580984051014
-0.18917729295862662
-0.905468904030378
-0.21889652236662216
0.6031226338038882
-0.757525912181019
-0.7021813892527844
0.914524618627534
-0.4963082172394331
-0.7780990997175461
-0.8112009755213128
-0.2556299413674563
-0.41931146627536653
0.9847445291524706
0.6909960073489136
0.4365629688150736
0.9290336309513427
-0.6321979245298892
-0.11230835994169563
0.12446538709924493
-0.7655213886678969
-0.047329692578996774
0.8001089490863278
-0.8899763891030488
-0.5815882049197743
0.12654453931735743
0.630180800193106
-0.49353115131206904
0.5248544191826117
-0.12496629283534633
-0.7027165790366894
0.15798578201695546
0.31226840536566747
-0.06344612811840156
0.10279848115386803
-0.866702412839387
-0.7231291570819804
0.6578856198384397
-0.03929246905957928
0.42369188631912413
0.2960777200863951
0.6747983822872718
-0.10761318818371368
-0.2215305251401669
0.5904597372877962
0.9061242281211601
-0.023001984575090395
0.3390401943682555
-0.03488202305704413
0.9497405691313445
-0.9640712737511947
0.18273681495942995
0.5364082165391926
-0.22081320890016665
-0.9644863138083244
0.6472871255209316
0.08049761034185887
-0.7988267448670228
0.6470954974521053
0.7473532668524601
0.5975366556567392
0.987618347200234
0.8637011392539775
-0.9829853344341104
-0.48094892020878
0.2939562630746606
0.6317488459411482
0.8602446288930516
-0.24918528304726006
0.11284596103046152
-0.49085974143462896
0.6548857191380995
0.9131876495994322
-0.5431899207542936
0.38447321502704535
-0.4566123649961442
0.532560742890757
-0.6671494602446679
-0.5726473150821907
0.3762397366005754
-0.7448936813266338
-0.14815204166878337
-0.08240888761499954
0.6990143869362229
0.07614896569566709
-0.25523079711552255
0.0798523020304367
0.10876626139514944
0.9273767541783637
-0.7864752789790039
0.4882129517587088
-0.1632600945108118
-0.8182949057287725
0.3388521745848667
-0.3584548367470022
0.34931991820469044
-0.6063491788130271
-0.4689462693377209
0.18953441445600672
-0.2177188653446691
0.2916779725013021
0.8388755581386675
-0.5434595068976753
0.3531881693920722
-0.5464673200253911
0.7527456777223542
-0.7497644113280246
0.6855703817629644
-0.213520107606757
0.9846507870607295
0.05084103822335728
0.26015360271309373
-0.8143918956164511
-0.15915538162100895
0.1699565016416662
0.5702068260682489
0.9114684559275079
0.22696935982064637
0.2879415388511899
0.7031261303568865
-0.7644436806176327
0.4599994169382109
0.4489563111112016
0.20198720912590784
0.7893454355286367
0.7592743172813534
-0.41274800818725677
-0.34290863412342576
0.9119766928114534
-0.6524337487510694
0.5567264923363924
0.8663592255409254
0.38060081612398755
-0.013520148176981106
0.15016488539136796
-0.5557264025305177
-0.9439570443824308
0.1527943671329468
0.14411467613245432
0.5652244055083095
-0.34964492040215056
-0.2748999434504298
-0.1095542528481801
0.6916141832286682
-0.8878637326799041
-0.9613842511704525
0.3264283890763402
-0.842445288695501
0.9900012246251122
-0.29048463658734924
0.30763216376716085
-0.7546388946178464
-0.06745925771052175
-0.8007658331764238
-0.7914197246931645
0.28745120667996593
-0.7817171205386522
-0.8410890002558642
-0.04941191551613233
0.764156676171253
0.5520214287489671
-0.33544569301547944
0.6116200918649992
-0.4959092286428275
0.18464762456690087
0.8840646049677177
0.3089626069284055
-0.16890489194525782
-0.8303387503733051
0.17170527956716874
0.8158415465084092
0.5903346258676001
0.5449048141460218
0.40412704286217305
-0.10008374114014296
-0.48032791553314036
0.7372792177525929
0.13158785710601673
0.44873294613188963
-0.3812109503566552
0.6377720085098664
-0.05169585014700351
-0.4621506080164819
0.9464656298079437
-0.8980940534746569
-0.19611638427289746
0.7688030221610456
-0.36970571739668556
-0.09272514935123333
0.24352180543815072
-0.439111130932732
0.47004638289193923
0.27939429613949773
-0.8297623191673835
0.26970324734467255
-0.9605314997026495
0.7806067461962809
-0.4058807159567046
-0.7056237751905439
-0.5498871527398352
-0.41112411257015613
0.251207818340794
-0.2794959641382586
-0.522834405061436
0.8413818677569249
0.2935564122276775
-0.7356994462070594
-0.420897481591757
0.6032856440815089
-0.9026697084203759
0.15702711246684076
0.7629958445159513
0.5766918119251532
-0.1923278416194285
-0.21965813760729702
-0.010572038614852008
-0.15236790183430116
-0.5097547046608284
0.7869933063598624
-0.9916574273039029
-0.22285567236438175
-0.3619269031772514
-0.8988637265105899
-0.2476327928624713
0.05854302833409264
-0.35490777664135753
0.307127591030407
-0.9535606010610476
-0.5120033047534589
0.3759951106746515
-0.34389985467352213
-0.9462976431189007
-0.755975289818841
-0.3085887032836576
0.3793063839634425
0.5757691244559573
-0.1143820148759056
-0.7748097987166911
-0.6511815414564122
0.8580845373984349
0.08541908782985597
0.6477488215502114
0.18874027507698066
-0.6251221849238433
0.5510671688688564
0.46742721928796294
-0.4630789979106964
0.6220459043984832
-0.4038066124536377
0.7205088662414973
0.24220964848281734
0.6403045320666418
0.16351559443640262
-0.6784465271515123
0.1222048576435657
-0.8931071265584027
-0.5842898198417641
0.11636010200076563
-0.21395850138015704
0.1533336194056103
-0.3343799269172667
0.3702390586601352
-0.5793508321241461
-0.3465062604742548
-0.3333915232175799
-0.5814115361705419
0.5400503198162703
0.1333825871106773
-0.1496702140271915
-0.9537299414921077
0.31538741422165106
0.5705727544247752
0.8051526989912758
-0.40951313729267413
-0.9975966928798512
0.20025402420442018
-0.8341261577625081
0.9785081175474712
-0.504969014373629
0.03152638774725358
0.967349432573283
-0.8117620600924567
-0.8208121695408153
-0.8551760157294108
-0.511941205685998
-0.7871246614498952
-0.24224564419700556
0.2842435015850593
-0.5486026322862796
-0.6429957681796103
-0.49414336285909677
-0.9741648980881927
-0.20688662370585398
-0.2792429577541451
0.3087409224641242
-0.27193196220726756
0.20295090714078867
-0.02593570922277255
-0.6722329349962741
0.08630226882132996
0.7399594603978155
-0.5859206781204063
-0.01480513055538446
0.43373571860844096
0.6998482571536975
0.7181303741268541
0.728787223680913
0.19090321861314496
-0.2667664195246551
0.4525350945489124
0.5511501147393016
-0.8389222574637074
-0.420634397835316
0.9185098089285759
-0.608349490266821
0.3588641839132731
0.9990415971365028
0.6381190847607894
0.36984684894188735
0.17318848026934885
-0.0992303162805761
0.854316557103949
-0.8313681051565287
-0.2320001051394971
-0.7345207950757371
-0.04624593871136562
-0.39613225329474844
0.22823392349408955
0.2224580616965457
-0.43656739792972954
-0.679089235706055
0.7070354356705013
0.7845358310947512
0.316848641846466
-0.005262103979584154
0.8364427895799416
-0.06802372340099017
0.4211596174709835
0.03458452718914029
0.09964412147141033
0.6404833778990646
0.9768391587038852
-0.972009347132532
-0.48752790476261665
-0.9805520787813633
-0.39495791519288437
-0.5700932199425279
-0.487046197967568
0.12337838337059348
0.43142182333172663
-0.1807643343165899
-0.6724723185568731
0.8358606756616169
-0.9326903267380231
-0.3019275746947556
0.7937600284842217
0.7885557513497521
0.14217899105362908
-0.7956237502098944
-0.8930723734848969
-0.08257280459836513
-0.42169662538453867
-0.47332332880105765
-0.5969393159858782
0.393363182135245
0.347524195097213
0.9284222475301169
-0.19881814076883253
0.9904640028787584
-0.15330798704777737
-0.7761326389921737
0.8817661871349722
0.37363583515579735
-0.46873314684823364
0.2776336472408578
0.2875416351019384
-0.38322435998982773
-0.698301535452744
0.567020353164023
-0.5576604893799475
0.6693486702279734
0.5456136760859835
0.7199709931210547
-0.4400619103860157
-0.40875885015519065
0.1009289804359379
-0.9334392876157311
0.11738605839042737
0.3618868196130529
-0.7627778741401148
-0.4125844672010073
-0.012828929297548308
0.42082076334695806
0.8544132627313796
-0.3542012235341494
0.027283238395809928
0.6728096150632905
-0.977688792083715
0.9931958892210031
-0.7915998580220482
-0.34050432473008563
0.05510974676151137
0.3864362132894159
-0.6740676314899374
-0.807307160041443
-0.016677036106640397
0.7923859298927285
0.3719073603930181
0.33011339933501005
-0.41333058865953953
-0.8960941065351637
0.9557883185038432
-0.28154096107532567
-0.9883943903397052
-0.618253447589926
0.6678559762376517
0.8457383559146494
-0.9964462435913253
-0.22006117024101401
0.7108980839947772
-0.38016632659058525
-0.11525206319274117
0.6842439493777481
0.7564851543122626
-0.42141678053525844
0.7486829007876692
0.6200390758109253
0.5058678915913479
-0.5253218888488655
0.2336010213304387
-0.11175814338878642
-0.6787595029221374
-0.6740874656526783
-0.5805757152552036
0.9295502163229679
0.3020221554220168
-0.4713937024446495
-0.05160224110834655
-0.7312471410920416
0.3983429067909423
-0.9442719800826398
-0.4098858050207037
-0.5814583935850923
-0.6819377630904975
0.7262243849140737
0.11733126550957818
-0.05719148902491966
0.30795310706348134
0.6388307720369013
-0.5544777277451125
-0.4878196849498213
0.7571748252529062
0.30334626042069135
-0.35728618563547276
0.9241711648635988
0.2238355181921361
0.614247460994563
-0.7643058129674156
0.7927247376348798
-0.5924240147058544
0.5989487243864373
-0.1250536280886283
-0.0850890693330606
0.8786005163384998
0.5517506185869008
0.06224415618542967
0.19639652597793256
0.6988504770191712
0.29923385247295675
0.7381770484877925
0.31827130459942343
-0.9732510615159382
-0.34272870759872553
0.46544103160350203
0.9827381868957756
-0.23638108494716836
-0.3106680309939758
0.07593944564796584
-0.8684959459823662
-0.38639702243498153
-0.3794688387441949
0.9423208783916808
0.7791051104798321
0.0033334514045482155
0.0698016068774383
0.6223930719446382
0.38181077170118893
0.991684844516938
0.4979806835878735
-0.497600609266013
-0.3197616939254593
0.4489733360171826
0.5393608563058916
-0.18065800186690706
-0.6331507185129521
0.924663126409156
0.6963612853802721
-0.9598234275189554
-0.9567020171041014
-0.6375297500683803
0.48482793341981356
0.5916844763517979
0.8282676799714812
-0.7544878878864862
0.3524227146340979
-0.3595050211511692
0.8265611431250379
0.09590969214207101
-0.770818784932503
0.9200865594700793
-0.5972932275468252
-0.30904508569732836
-0.25683377270284047
0.7072645834625597
0.9663306403167666
0.13546542982784038
-0.002254977583024731
0.9847969654846911
-0.04763549284318658
0.7138623355141658
0.5380338799170914
0.7270967220649664
0.07523010727692903
-0.199247632915595
0.8710635365651478
0.8179573505092803
0.6214804928011886
0.5485857526444509
-0.818684070480806
0.26638395270867377
0.7534179247786408
-0.8293078934182025
0.26909194930087565
-0.07937027403065322
0.7615916005652239
0.0897206485046691
0.6264388632284306
-0.32932861911111155
-0.5583551850036124
-0.5168904237005625
-0.9389157727085593
0.0015331916881355934
-0.22142202086633378
0.8568213994668012
-0.996575933194493
-0.9632822487413224
-0.5154559809267192
-0.2904751827471499
0.3424638797036015
0.5556242333333321
-0.17226478586651428
-0.8135155708779445
-0.24042800344630533
0.8404087791924986
-0.9897001750247976
-0.12352627454789089
-0.9296592391768872
-0.10129270269251167
0.6988897513740486
0.21610199317988465
-0.39767753103875036
-0.19777621552945002
0.09770469261436965
0.3595391781934052
-0.16127013724587758
-0.19596852539331722
0.7584569602134772
0.7347741038849978
-0.3015106432517023
0.8632529396737729
0.811970221793759
0.31275522505612385
-0.5559855390820394
0.5526823162117265
-0.47438753318534377
-0.8540545530887509
-0.8943391778735996
0.48160865332750835
-0.5148158591032603
0.1711743248734694
0.7320894712927344
0.6408460888113163
-0.5048821177430209
-0.1890572919010518
0.9627872467924792
0.29212966735559265
-0.476732697291822
-0.2660697715920206
0.71139923563503
-0.09638999444386553
-0.9404754966368591
-0.6506861368224335
0.30905059356079523
-0.23041714931312396
0.03733653105148038
0.3139469945844595
-0.0970802931719843
-0.42076672031538376
0.9390788459026111
-0.8364944735628588
0.7695321706018714
-0.2040924634617851
0.9548059902940351
-0.07485313884071632
-0.943475059830786
-0.847107505765474
-0.5059978971323149
0.2750145185992223
0.4867491808805564
-0.9399319989440968
-0.13784211787519207
-0.1826366492762972
0.20781040149723418
-0.01838981095596104
0.6751239159954581
0.03021311176506325
-0.373674008613363
0.418810700844902
-0.10245900300138189
-0.0911211125054503
-0.23928199726608712
-0.1373698567639825
0.2671186974073647
-0.45013609637945096
0.05379964245081936
-0.0445379503291683
-0.8066921130795648
0.9617211956693854
-0.5275048243010598
0.6188461665579195
-0.8207098092020622
0.2898773339571834
0.009894523525276089
0.196251918374438
-0.12504727011342154
0.9944902781793488
0.6374156484444673
0.10067336573275432
-0.12436938566750055
-0.2867728445993274
-0.5150828848555273
0.20780540477388665
0.9700199630448099
0.060169932638725054
0.980372241713271
-0.7959090324522913
0.13789774470038596
-0.2890376095766223
-0.15902684658980148
-0.26519642034739754
0.6872536397368452
-0.8764917714422398
-0.8872106377147464
-0.9876919087050495
-0.8898354407186087
0.27172635979243065
0.4850472796636549
-0.17942607400899213
-0.9018370251633065
0.9544168199269314
0.8750123313897062
-0.6544531152779995
0.8735207841471162
0.3352767120409299
-0.2604381165648506
-0.12662371570305075
-0.1869464244210879
-0.5041788934640483
-0.31068557167583455
-0.37510411563660706
0.2190327263863452
-0.6235306845292676
-0.8591307729716251
-0.9848036121770294
-0.4860118027795457
0.5117691698296305
-0.14384172427481934
-0.16819982650200394
-0.21456420079826266
0.023992199637919764
-0.11008032668135392
-0.5854536226756588
0.7052901439671895
-0.12512104837277493
-0.033488147371622645
-0.7657834567045512
-0.7284134119242804
-0.991548089594112
-0.7392761265925452
-0.11276186166786872
-0.9829835854779818
-0.3989159622342766
0.11269287870675493
0.5249551520779836
-0.31069568306631523
-0.27299548185106337
0.8419094999624992
-0.1727081343832817
0.4675098114257725
-0.8749678846729287
0.15013657578078443
0.03253311907457057
0.4675919629431484
-0.5765191506253073
-0.8903947667142749
-0.2804578768309993
-0.9195399122369512
-0.4816486141781955
0.4888540182636325
-0.27306720053956335
-0.8240253718567268
-0.4956317410140372
-0.8704677267546179
0.10634618803536822
-0.7578597117666843
0.9715679111747808
-0.43992970410607457
0.4866998158895861
0.8091010505205969
-0.8460562536733016
0.27337562205936683
0.433714994549369
0.9316847300680162
-0.2137145148414541
-0.9846406021192124
0.620341756538447
0.48334584703265615
0.9645650335082561
0.4049734199464785
-0.4006199693396024
0.862774904029872
0.9296641277582656
0.2255352524648575
-0.936276698034163
-0.42125624147986507
-0.9575715721880804
-0.4602764516151423
-0.28549223746538344
-0.4840984049731143
-0.1342182413855264
-0.961958406312988
-0.9207740690768218
-0.4584932313152188
0.6468602085140376
-0.4006655462543385
0.129925621976408
-0.8417483991651653
-0.05394317359569878
-0.7807811052833784
0.7082726817465941
0.5939259747548018
-0.9285652467749037
-0.8944726684022437
0.29666442733892984
-0.8822381616891692
-0.17799556263934768
0.4123298045064865
0.7085760459603196
0.5316368701548582
-0.7938703556447368
-0.2683330909458139
-0.7927714772745655
-0.36488894858877496
0.44404890463997493
0.5697232710824296
0.5128390955571203
0.12062418250629814
0.6995817947481286
-0.16470975707212876
-0.07234367882962811
-0.29167129343275944
0.11032186709058611
0.21009114263238216
0.21549864014068487
0.5205120291303229
0.845109460072412
0.13084019294150262
-0.7470394890918497
-0.4449413552119639
0.18769631660379238
0.6594344485173809
0.3153330065359794
-0.17626281894239737
0.6568572621349547
0.8218813268546958
-0.5391404944727669
-0.5536878243552379
0.2971386779815801
-0.8646896681876803
0.5976431807706815
-0.46649826531810357
-0.8305709999250128
-0.140744278184479
0.005892972602731694
-0.0889467224364513
-0.22105820676631716
-0.1452367795685603
-0.5532972240071612
0.9934659915602337
-0.7254873038645813
0.7947462909480136
0.3604253494795093
0.9047684810999443
0.5940424881976019
-0.5942871307403184
0.7803623938810507
-0.6645857883571333
-0.7852744513196461
-0.6861654375470687
0.8492193732974704
-0.986191804007269
-0.6460612770258918
-0.5540066759607525
0.292604605278475
0.09117411302514156
-0.0943587835778017
0.5915103868412575
0.11424211516682092
0.7105922949267114
0.01746727119182756
-0.05410890990373707
0.785155133319781
-0.8287555363198857
0.4362923689179665
0.1254431131123035
-0.2885633212322034
-0.10295066601230896
0.13050380904373426
0.8246453866872092
-0.9955569236519384
0.5751577403655712
-0.8808549939191119
0.8944424383408904
0.2960973503070654
0.5807434295496197
0.8382049022325779
-0.6663312465993323
-0.7432405893261174
0.5035813033261991
0.4189236436167403
-0.8686985752830196
0.563871693485295
0.09688790994363794
-0.5446421329316449
-0.5132601073875085
-0.8143961690879662
-0.9269299882961324
-0.011643549280970777
0.9463216808883785
0.4412561147164267
-0.5060934179921506
0.20051713832408713
-0.04029444573923979
0.10525174243251345
0.35523495960420104
0.20205753648618563
0.8162160867317279
-0.19918215504343206
0.25654779335268163
-0.2983628070398634
0.33879956433997593
0.40696754274083125
-0.6083635078304108
-0.17337836045461263
0.759554219730209
0.8026642942032614
0.4317248039360231
0.9693420451935235
0.4126780665802674
0.5592340939589902
0.11929274959829494
-0.8010573020608414
0.13876223431393941
-0.3049885406342099
0.8212946163339727
-0.7277596022533208
0.7360323324859432
0.11150793764248745
0.6934053511756872
-0.44297460351303175
-0.5505982141942043
0.08043565550029896
0.7212129773132792
-0.7060270665611739
-0.04789852243971948
-0.17841710169094438
0.8390347218941738
-0.1692194734557506
0.33056019218419497
-0.9189103985536073
0.525168352852224
0.15923922166335736
0.6874442430905472
-0.8577951659346192
0.1738588378930468
0.9523960594089398
0.41329945105857635
-0.9680150098437519
0.25090011347227503
-0.8583039289949503
-0.14393399438202614
0.12142010436804762
0.47626251291702926
-0.1163913687735485
-0.16423338509895014
0.11225763353023166
0.3481003760979886
-0.2386002640672038
-0.013714643108709401
0.9743187445483639
0.12683650420977433
-0.8283405248811786
-0.2249125436284547
0.5030630432793513
0.7781900274416467
-0.053089701492269104
0.6105431600479003
0.9924394384431927
-0.19192448324744382
-0.40971272524446767
-0.7399578888036344
-0.47775955656530655
0.29450179494197304
-0.7462343214470117
0.41309791397874296
-0.8458599132201545
0.42568309050798026
0.32855286259458505
0.8985497568037977
0.7913118186817132
-0.15297017820784076
0.18060580442223384
-0.44833158846480137
0.6026211654276279
0.5027000616350139
0.5226967543140713
0.9559463876539727
0.8382214427578465
0.9138720779211968
0.9907782195074395
-0.137997357965431
-0.6905089951675354
-0.7108484529947399
-0.2992414530169092
-0.4366189704799823
-0.8022512099881216
0.7571770403729061
0.4821759581494309
0.7130206477889249
0.11618871468625369
0.8504667786038653
-0.199433430310213
-0.4946191502974997
0.3223265647678655
-0.004960396291627589
0.4570098540528287
0.6986727034701161
-0.5653537141501581
-0.25132292646128107
-0.30449306800594345
-0.12937346888415036
-0.8553453837080147
-0.5078424651158173
0.9256854473570166
-0.701500244202244
-0.843451480723268
-0.7096624292788647
-0.884566379491762
0.37133775255137635
-0.29344915385239734
-0.0981862657006849
0.07220163764504739
-0.012505403053113096
0.5705281767580008
-0.24449314373932984
0.14649617858244257
-0.21109198716686595
0.8575984043289822
0.5012995233877093
-0.934868334638993
-0.016370666979943493
-0.29032771975155347
0.4391826784700672
0.7473746838545179
0.9213024445375277
0.8780428982186688
-0.9033597680099865
0.2852353237987759
0.011868204844568186
0.7898948213250783
0.7945861898473181
0.7766356797368357
0.6806323830531831
-0.29406570761026174
-0.5286586435899652
-0.9211871935694276
0.8517451825646039
-0.42995856797722865
-0.3373060342734169
-0.8895608789696778
-0.7788517775374004
0.32183523435701633
-0.07197205307205956
0.02783474439784217
-0.7118401870943509
-0.24759815562948728
-0.08229592533464491
-0.5788572984308664
-0.04616093679394484
-0.6969170803931088
0.22184205240230792
-0.9760478856356509
0.7172884909396366
0.8942941798231947
-0.36862349546625195
0.4055906176747919
-0.6297927309923828
0.6615622329293671
0.854008189125987
0.8199119424781858
-0.3290788887840963
0.4637787888091687
0.5524773874536384
-0.5968949044115768
0.38437874730157207
-0.1611802662655213
-0.8174365368713183
0.7142529211969053
-0.7969458326232008
0.36847209929283076
0.8997401597944752
0.234657470352009
-0.5962556248490516
-0.2023556847128456
-0.46097576283710784
-0.44167519593614113
-0.8771495566568306
-0.6794605949714592
-0.4531679640408348
-0.23089993827002608
0.039835208015494894
0.6632574279261843
0.345613058506814
-0.0608046229071777
0.34678482030916435
-0.4547948830854984
0.7589238353278365
0.9999782641633186
0.11150399306819425
0.2979353583064439
-0.9156459475923457
0.20627016554933686
0.6713288946269482
-0.5354725277435564
-0.13890324527267506
0.7428742276748692
0.9880382030220489
0.05946764915289382
-0.11887852554026423
-0.13824807186581234
-0.3054298869476464
-0.9406089487053926
0.21748916900585158
0.7551138555265884
0.14155493226948868
-0.8803448875398812
-0.978419802081268
-0.7496378602006506
-0.7626150196390384
-0.4517208814000737
-0.26307255411886055
-0.039620411902972386
-0.6637217812759513
0.6150511462593315