0.3403523356604077
0.3668218837466959
-0.7242342633287522
-0.22357760088452716
-0.611584509170539
0.4091574207216422
0.46665160940481254
-0.36181217922083975
0.4746000186057644
0.23420710683070745
-0.9811477354915508
-0.7415930749116895
0.8462325051121655
-0.34263042169379854
0.5124195038268304
-0.18941670018022116
0.6401103386720626
0.29143476201001217
-0.07123690649554981
-0.35926260189703463
-0.49090189862833933
-0.2873932584621204
0.640867844805376
0.1033374524949755
-0.13019001098102856
0.27771579335908414
0.07662361734689971
0.26125069528533595
0.06165706709626395
-0.44515488408405446
-0.525946375215574
-0.40456940049960166
0.4314473682649935
0.8064350725627494
-0.13956729336432083
0.7223063036395316
-0.23038463488019767
-0.6287190788114747
-0.23487165767170848
0.5063761687195496
0.14209715891233854
-0.05039307313668573
-0.8559991358302097
-0.3626763116311673
-0.8124272949370894
0.6075102192410935
-0.8284247905589028
0.8836651289270363
0.4945562908860308
-0.060971349941905784
0.9093943490310679
-0.9342268653211436
0.7382117702221795
0.9528084379771484
0.7541602257384572
-0.44529593973285486
-0.7529532041868092
-0.6008580857045862
0.6842516861476147
0.30436271794544667
0.8277620331750646
0.29179738034373526
-0.9766763853565099
0.12767415588114206
0.6348301296472865
-0.29473178544908984
0.029656875306615982
0.9056365276951717
-0.13996488605189805
0.28020561497979557
0.8219097112363132
-0.328579010837605
0.936248155368411
-0.46357880497670934
-0.7726846697922805
0.21359223888261902
-0.04204026336402267
0.04906081704657894
-0.556965724648713
-0.44407633030764093
-0.3470458258727014
0.08785444428654854
0.42094024803855246
0.6737397115673454
-0.6191128205458865
-0.8648602992166727
-0.6686742529938161
0.8583540136599597
-0.2294201025025877
-0.5818333257107711
-0.9875950106249727
0.43888789463704003
-0.12299522511959204
0.9344580652442338
0.8891487044677706
-0.6444597610688667
0.35347001324030125
0.7089997942223494
-0.4906345590045931
0.5317248221554325
0.501421332837028
0.007659527968331581
0.7784190981039047
-0.4380013210256841
0.1062983331862335
0.9541344031987438
-0.7411974188581913
-0.2201383981688525
0.4998647183653868
-0.746224676173366
0.30961036075324566
-0.4552561380787261
0.39586876182663255
-0.4840922592985881
0.6929060984546871
0.6751563212896068
0.8491658405722653
0.33733020434809413
0.9572993244304677
0.4048185601674208
-0.5894563396959187
-0.328374986206883
0.9205697017372505
0.8089071217401704
-0.02638756621748284
-0.02341763133332475
-0.5961596408181085
-0.9333287104889836
-0.911625399471806
-0.19571571005772137
-0.0930607620901358
-0.19738981845341952
0.14437428396347296
-0.5671409880030478
0.34421968450571394
-0.09975075289927382
-0.580283766694442
0.3385791582730253
-0.11767783361246242
-0.9181937467792265
-0.3730559211956894
0.299770051752023
-0.1996906409889092
0.7820820983490475
0.18646649560429895
0.07461032754004382
0.5653600330696529
-0.29970779579174334
-0.1352193870998477
0.0938217438951825
0.2190842116770042
-0.3552223687321252
0.6319845282325169
-0.7083764425262753
-0.30935561282546864
0.6447297219115395
0.4466357758537667
-0.7911770730683765
-0.2885725004079944
-0.8703253541877749
-0.22735634344735445
-0.0328227028102539
-0.5061232444309345
-0.6124454824653571
-0.28916817872604317
-0.6074894052729007
-0.13546917130941427
0.7436312173967465
-0.13978216848722047
-0.9599923461094504
0.5955118964438981
0.15356212957834803
-0.48798458096467057
0.25559556255788785
-0.9074693447169748
-0.41874815451221625
-0.9135884346564067
0.09290339455263408
-0.5868209851411639
0.40041744711503524
-0.12883465367649327
0.5762241277733371
-0.28708072576285737
0.41304435924093874
0.09709720124224419
0.06308903041073055
0.6863039335172727
0.45116704900009275
0.9539460925930205
-0.4017998102196645
0.3670220887961446
0.2807848617823503
0.04410697235225891
0.23734059219917447
0.9163998128260269
0.8877057451584629
-0.39403531640194833
-0.3295219651257635
0.33551861768324476
0.7362963741970214
0.08739332041838521
0.049068338654612687
0.9350828516939735
0.8693491046082344
-0.5679231726442842
-0.6779602690824695
-0.12577101477585395
-0.11302526677063729
0.46696143913534427
-0.4415946882598998
-0.9009497528537989
-0.5781175311668805
0.25340758264470176
0.6875652058465056
-0.020706789863208952
-0.10593037950734763
-0.020461870972191543
-0.06711847007073679
-0.7726518090610144
-0.33263117315074897
0.8389429040054022
-0.9163887908182684
-0.960732136816369
0.1340794372894636
-0.5177981553478377
0.1504847251543937
0.2694536276557289
-0.5348028633833006
-0.5701301347009762
-0.426957032769792
-0.5132063406383724
-0.03565310571264435
-0.09709389453685491
0.375788549956809
0.7901409717334771
-0.18977070721369071
-0.9918598238471577
0.9353371608730949
0.6317774604947908
-0.18312122483339577
-0.08985050911236536
-0.1135442078438671
0.22698022020078223
-0.6897637739952831
-0.5170011859448416
0.9198099615213582
0.25702196530891697
-0.616823655799335
0.6365076688607321
-0.23986978819248206
-0.10655146717621156
-0.9342677194722824
-0.1540636077413613
-0.32773742339603373
-0.1692830577136799
-0.8132821209954613
-0.3442297272977599
0.3759702687470945
-0.23834931057423003
-0.9278769140353442
-0.2862289558005051
-0.8543427022068819
0.17403009870846908
0.7808512971039283
0.10455816226227599
0.5355490205127713
-0.23543300761289787
-0.5282229474810105
0.18197654975312583
0.6241069466091449
-0.3516065021885697
0.7505084004941518
-0.6808896040511454
0.3404340353833528
-0.48653864633737043
-0.3099942013605941
-0.5164425778078066
-0.7473918704786586
0.44521756580534433
-0.14327353872513027
0.901492217562311
0.9180998000918723
0.5396450817698679
0.9150149300594432
-0.7103358630012295
0.5364743116142747
-0.7655889483093941
0.45914429431240555
0.7772138125858652
0.43465464299571877
0.045054186079792835
-0.43938690960859894
0.2594148788598092
0.8781888386896612
0.2838497615927642
-0.2723698559995653
0.09052972846303264
-0.5415700258314868
0.6316792636271287
0.04147233119339666
0.8431183469206824
0.10730645374268266
0.3519153848678729
0.25168189403614893
-0.590312022903597
-0.11480045719070131
0.8850250442885752
-0.6643941243402327
-0.24394626233832017
-0.7511998404352016
0.14356124160079364
0.001609600000448852
0.8267632534422469
0.8894729102332082
-0.8821780575404568
0.269541076501036
0.4880594945269332
0.9592056409420087
0.30866299072860914
0.44719460055931126
0.9988426956846517
0.759622322435819
-0.25435508859601463
-0.3817979959750184
0.9218322966195771
0.46873378640751606
-0.49287384747494634
0.441393045248313
-0.20445241596872732
-0.309253135597676
0.5247246458367423
-0.5415258997492511
0.9468503930158656
0.019393010470101002
-0.7028856917608628
-0.22417442659632636
-0.057890806246012616
0.7535056968285718
0.2036263060947454
-0.8485716434050066
0.2573548506596419
-0.662759600473154
0.6898841629117483
-0.7989927570342681
-0.7965386940813588
0.9508494260882452
-0.06483949090627772
-0.3310316000553173
-0.49481692921672793
-0.40480342257458135
-0.016866657102368565
-0.06473474724101402
0.6917686406043457
0.8176840561292134
-0.34089033422485393
0.7255787543683143
0.13811718007230955
-0.24607421634213678
-0.9450813885001825
0.4352516499042669
0.964422819554394
0.5231837706512465
0.2446302180031057
0.138120727389905
0.5893144926931584
-0.3572204176933811
0.9556852552911324
-0.10056206963423486
0.6623669036097783
-0.8184801217906865
-0.5862370072060443
-0.6387229799521206
-0.8811487393234854
-0.3620028593498186
0.09094535567924811
-0.15837094234889237
-0.2041989760582268
0.2464086167588817
0.7913475579729465
0.7513365558878515
-0.42652790434013954
0.6860006670947636
-0.8842645651405145
0.8882009467774195
-0.4604824761291042
0.0009447799914237276
0.22666527789609492
0.6183606255728482
0.4353462487970794
0.15976754107635482
-0.5436738834441199
-0.5336713919711809
-0.8495569139237107
0.15094736385479712
-0.5019614372355121
-0.5190893866624604
0.5617650864206651
0.6947450698686355
0.0346299460767483
0.23863073812545088
-0.1480699874904401
0.8936800120472073
-0.911727112787887
0.6657857624986843
-0.1828793037180505
-0.9184030336904916
0.48914900691632246
-0.4821459316771284
-0.37291537326631774
-0.608251994769871
0.7323160404523614
0.18970286631629496
-0.02706124417284439
0.7343821536048598
-0.014177811536609353
0.8765875640453533
-0.19934452817760384
0.31739900110825925
-0.40506442486935845
0.3757475600692255
0.9948231737541264
-0.7929239671493478
-0.17792603075389768
0.6115777717987505
0.46621095953280034
0.2484323711065839
-0.9367091134426799
-0.16132802722820383
-0.43690914231970823
0.09578216346813817
-0.1476234030087311
-0.7329277966714458
-0.767679216653977
-0.15107346264015198
-0.21486428111161948
0.8285781263534968
0.38351976910759045
-0.20654838566878553
0.5111396370365631
0.10693660603743549
-0.020201363517775572
-0.758396717936699
-0.7966836208851875
-0.5193006915926872
0.34783661386991316
0.2357424886468109
-0.48036649010640575
-0.5113640930358607
0.6537734038789789
0.7564066512954528
0.5568228362953183
0.9208592880110482
-0.9305938621673082
-0.6679412664326021
-0.6059028116645215
0.9162122727062794
-0.7884197025171034
-0.6950165949998324
0.1600423897091725
0.6400393428916744
0.2645271991068334
-0.9495876237504641
0.11364510518122528
0.9444406452144276
-0.6969125017878377
-0.49195449396254975
-0.8166911008571842
0.41626703087881367
0.5799234244868525
0.970283241235196
-0.4057229920741505
-0.028094791395858243
0.08949937627267346
0.09895750331592734
0.143831698695694
0.7369373883591146
0.1330045459652187
0.01103893028460834
0.837669439589656
0.5572435072298263
0.8780523974362664
0.8380945761197249
-0.2826659006948453
0.11447173727406668
0.6959485114989585
-0.09982791786069112
-0.931031093958048
0.20314949332512566
0.13424383503649828
0.35234778263083455
-0.2770199141960701
0.6963911289698115
-0.77448407662588
0.7128779444186015
0.6035074873683197
-0.12175279567555486
0.18238039617257518
-0.5790241354939503
-0.8337811310158727
-0.41491850243375694
0.9459123462420893
0.273669731121003
0.6179165216654414
-0.9790184503374548
0.00890550674540469
0.5025849644966134
0.941310017496704
0.3197544753584507
0.4490619071374431
0.19697363745420282
-0.6246988310281834
-0.40225971618480005
-0.5577307749075022
0.19438136144992435
-0.471988008796832
0.517495072723352
-0.38948202618929884
0.1366621209736858
-0.9945526426196591
-0.39794789919433216
0.10852159489647994
-0.17458309694246954
0.2453999366076396
0.213726643596448
0.9193754185473901
-0.6367154161540267
0.9146103229925817
0.17268654567294006
0.6911532919387711
-0.09538567937041353
-0.6035746563826909
-0.8985352660839505
0.04591343185026742
-0.6509895555351057
-0.12413074309844441
-0.6155331586425614
-0.9164044720605811
-0.8951287100495997
0.42814755175535857
-0.12814271163871815
0.6447370173859786
-0.6576833428552695
0.0949957006774913
0.9178071733695237
-0.5097922380129272
0.3169010316645504
0.6501371471394
0.031167124318656203
-0.15936165603855268
0.7730705725201392
0.5509663330858618
0.8702119744362387
-0.1681899062331227
-0.07857948363982081
0.37501390855716865
-0.7167606104803839
0.21522623939959673
0.43989327462982386
-0.13971504469623097
0.13884528992011602
0.48234714576788273
0.16547907710927956
-0.44846777471849375
0.6792465569834492
-0.10594245398129898
-0.05962879186340331
0.8844295892074931
0.6771132831055446
-0.11250085989082281
0.2604538017107214
-0.7954521595947652
0.41111416454177996
-0.41246156896342256
0.8663375720198454
0.04953543060606691
-0.8581133056143111
0.46846681454518224
0.3012403804373056
-0.9347366765813605
-0.30149395776746735
-0.8635516253218467
-0.10452459361559319
0.7390182814113597
0.9343783254607783
-0.34538040077895427
-0.3232875972478282
0.5664063549201037
-0.058196668442318744
-0.2735133368094824
-0.8041909562638638
-0.09360024115140142
-0.6083238674555436
0.23803334451875902
-0.7408608208117029
0.7805575327627596
-0.6658538326848724
-0.27127470673445697
0.8294279483048017
-0.18768000445307398
0.7382924524974452
-0.9384850345765408
0.07188535767978
0.6796624885825306
-0.1183668036364316
-0.6522268112189682
-0.06132015142350111
0.812807519165448
-0.46861850782634296
-0.6962962524428313
0.18011080106390076
-0.27675859604479447
0.841476997264728
0.8815051189654064
0.5137662149728042
0.06921666228821488
0.3479503849768122
0.26522341243254943
0.4176729162528656
0.23337273068617725
-0.9052529001428309
0.49213459520433944
0.5456902026101207
0.4179770449158944
0.7308989489596449
-0.7971169294723313
-0.0008629475868273673
0.7690125374670964
-0.8141963669135448
-0.6598164528448136
0.633040486216945
0.8121099132863561
0.5979964195777234
-0.011960482910400971
0.16143043710536453
0.818386581292182
0.5584411298934524
0.7934298163451166
-0.5925658580351534
-0.05316109132658209
0.47498183521312076
-0.3040326967454081
-0.579639599274935
-0.4166935808104175
-0.18328431191637873
0.3970457030499024
0.1362950000422365
-0.3656656976482937
-0.39919756195742706
0.47043757229715877
0.8955200189129988
0.28733971074320563
-0.902260081442569
-0.40199867442562875
-0.4029354586364662
-0.4220269815079354
-0.5184577362208849
-0.4260657176500178
-0.906216959795973
-0.014737264042267606
-0.8904625317687602
0.8848113272741844
-0.577060375165245
-0.7461846436459763
0.6675766961294527
-0.46510646698846503
0.7657593328629739
0.15048882341149628
-0.2219898880572615
0.7956562467636272
0.2397223814994256
0.6445957618392926
-0.12837354130802803
-0.902774314972681
0.13529837802314537
0.03570192913582537
-0.3241010812239282
0.8888262738031492
-0.1972873545640479
-0.9906637341426847
0.6482920096519749
0.19998349635323187
0.5980696735841011
0.7012844531381033
-0.4158001869902206
-0.7762430911919176
0.8815184348896832
0.8738977457482329
-0.14831073987015486
-0.23180494729207535
-0.9277276383847317
-0.30105833634741264
0.20117567324983376
0.9653070246269257
-0.33464174285901915
-0.9907954968007269
0.9002309654582121
0.7992072409915048
-0.47945751351347
0.836323686387203
-0.05719461090135902
0.3768492758234401
-0.5535818673243316
-0.24765275913561058
0.9220214968614051
0.4811653085424865
0.4457662964640754
-0.6520633264690632
-0.9865794945339326
0.2967750165949168
0.937509943822203
0.7048303328306467
0.9127834943547801
-0.7489153853086705
0.42686578068444225
-0.7793662678976756
-0.9874590285223903
0.790610793730951
-0.13308183140521024
0.4161608591402346
-0.7043056063874875
-0.8098046360532667
-0.7167535472281532
-0.6150483552328836
0.02707104863345733
0.39560753184495234
0.4396135374033039
-0.48251982593333764
0.8495856918055513
-0.033112883011284344
-0.9000468902639882
-0.07542573059562963
0.6046656726969373
-0.11683260616007196
0.5397213253317494
-0.10452779760439013
-0.7425577634337694
0.48324330148592365
0.40148689689976735
-0.7493080840446085
0.40993284266262187
0.4725756114712556
0.7214703725700033
0.19618301539706184
-0.6132633121019988
0.5752499754947065
-0.600191776684506
-0.3786846890588931
-0.2419440425551438
-0.2398765371037066
-0.5750580716336233
0.8239149148962057
-0.752018666552263
0.9497989172913497
-0.40375765381718076
-0.08958327358939777
-0.512087761492878
-0.3963843117309229
-0.6198623539023009
-0.032070589750214706
0.8102166037866319
-0.07096329552289515
-0.43679697558314867
0.15607855814115723
-0.32377131300457296
0.07775573776828426
-0.30921009741645333
0.9621488837116003
-0.6643658333008804
-0.008966518409015967
-0.5221063374248787
-0.463917635001025
-0.8213578819923446
0.5606675003543096
-0.5665307145948579
-0.9721402822409588
-0.5985216823247141
0.5294071788062455
-0.6767673884884176
0.21802363334271901
-0.2518455423352104
-0.45723779479843674
-0.17583869520469175
-0.08556728746489517
-0.37090823794123673
0.5507938598177873
-0.10590817764232896
-0.6876753133060318
-0.08158872266426864
0.005669766662905973
0.29329204802013886
-0.36858651575645784
0.31190281674536835
0.10794388930199794
-0.9484720541459439
-0.09452085347894501
-0.6766444784590397
-0.4299196364755593
0.9981688665692543
0.7527507377718337
-0.5608042237364776
0.2807736026259502
-0.329633083498712
-0.25259634939026276
-0.7121248615113558
-0.4770547349350136
0.9076316695161475
0.4939008402680045
-0.03373420142212291
0.5526694192157602
0.5827725191446882
0.9429815533279815
0.8797153327379619
0.785837214011315
-0.3822066101612427
-0.8271289047071211
0.05973481619756571
0.9959942542257767
-0.0627032278758819
-0.18889178917789007
0.9085046837643649
0.4153549034390396
0.7504885851243421
0.42162596379541895
0.06137325541716154
0.5106146318398734
-0.6713065236483806
0.43282032314442875
-0.6699528795459289
-0.9855101137750544
-0.8011183509629551
0.18489682656462603
-0.09667070061571281
-0.7519378538916208
-0.8036334680430073
0.19959801335414173
-0.4594750208538685
0.6505010970133611
-0.9158413315429941
0.47879432160148006
-0.8476430843880005
0.8457623926387494
0.45474185690062807
0.6305683937930702
0.4202755707878463
-0.7414594265989456
-0.1149702904229406
-0.03286469217003707
0.18798664894699968
0.16287112572541917
0.8584921204319707
-0.2532157995246074
0.5328065361554462
0.3419292669662144
0.8964567899665266
0.6996587769785625
0.27648372354874406
0.22658829307931727
-0.9821226639283522
0.0737794454913927
0.7989431334895027
0.15779977315779292
-0.09910468272435113
0.9101610291786539
0.7246454869724948
0.47071511178830616
0.7548850310697655
0.08199468026320678
0.33619664959882267
-0.29659944203150435
0.6758007711470018
-0.9085057609307583
-0.0554037220818393
-0.16728039038390397
0.772805779146011
-0.8497334582839491
-0.059172995467782874
0.46441240360759695
0.9623080984513153
-0.9444308094921217
0.14523086345377223
-0.7195132529868011
-0.49821002644714896
-0.19850249819640675
0.5510916547845861
-0.7315917455994354
0.21652239495633552
0.7108726127009861
-0.23718746955396797
-0.2855756276387966
-0.1283531544020584
-0.36201875698418284
0.8276328740711996
0.3173091013307272
0.572826311703555
0.46770710532490667
-0.4546503731714404
0.5679778368213069
-0.5907441458036145
0.1553593788291514
-0.9022707825141558
-0.9882809826019203
-0.5538026982231321
-0.8925514965453842
-0.4583459850306191
-0.07896072783953723
0.595210205269534
-0.9547790938605409
0.04167755060563039
-0.6232699818776093
-0.05618200547180763
-0.35433667870489294
0.8530886976269438
0.38132214182922564
-0.25926861417627545
0.9312162509523922
-0.21068485310237195
-0.24009953394832073
-0.8334291582244762
-0.359710526088852
0.05814828097439162
-0.5554171198721023
-0.2971832949092912
-0.624403432451649
0.29839955585610034
-0.21730412058680537
0.2815888724244522
0.9607062963131683
0.4211090113779883
0.5877153210671517
-0.25949478175072493
0.6113674576525423
0.6957554111930024
-0.22981074148771485
0.24914821876342597
0.1745028318072228
-0.1791834561190524
0.276798081073393
0.6466621246746946
-0.9989712857997504
0.08446627503689297
0.19476659875033442
-0.6352853227941886
0.48314370103441795
-0.2050221943959034
0.6538630675736907
0.31200769034757303
0.5890726269370132
-0.7792522982527279
-0.2463172377896914
-0.29133883755927137
-0.9694711538091043
-0.7014674300895796
0.12221648241594862
0.8390805374203372
0.44471582366136375
0.8718803707621456
0.38828819639135004
-0.7969118295119861
-0.47047144387131046
0.4206872867521694
0.4677171921043335
0.17146791557219543
-0.08999400980308558
-0.44254694304261943
0.302437810453944
-0.5204783124559866
-0.26919701898407333
0.029642040171327766
0.2471227474108535
-0.5506072970972078
-0.6751634180930015
-0.37031477569952487
-0.22542697524799626
-0.7048487349136705
0.4630394134574374
0.6348307317954973
-0.02043735675305136
-0.7874872939899746
-0.6359650360535376
0.12627410176186715
-0.6785193526213771
-0.1709599204928829
0.3273099782532871
0.45290769435094047
0.49496073432997023
0.4562043072168387
0.33635945306048876
0.12533311361284927
0.8689142110487325
0.17410518393577146
-0.09811986831074826
-0.8377826724159114
0.35887613730612866
-0.7570698021012909
0.11430971309657645
-0.509200525926014
0.33210967764737775
0.577450083903887
-0.80222077132612
-0.8992866164795654
0.899293927484222
-0.6516770908591167
0.5515288530917557
0.9921229823967661
0.7391200998988139
-0.3721982912190296
0.2008291797635271
0.007712032098324162
-0.3729949757765376
0.3050472055785156
-0.09448084977778826
-0.8654606473881497
0.519207477263691
-0.8327875805522256
0.8496264251388903
-0.6143636700631812
0.30957111936104376
0.03922770530010222
-0.23762971190319937
0.5499023346647816
0.10479260147831493
0.3821755863023366
-0.754740098620063
-0.5850626386486246
0.10710900678627322
0.25244220817697927
-0.2805911136013921
0.21569650108045502
-0.06312642145316127
-0.08362188298732098
-0.02311365870013815
-0.3289486939554016
-0.7566037376775321
-0.289140343062672
0.4464925105241353
-0.01270578855266491
-0.0072126093475815
0.982897707157238
0.7591359928393693
0.4017908864651094
0.6879527826837233
-0.6401346932315173
-0.9867221241381563
-0.6192242788829778
0.6124165735384619
0.13972158270681434
0.09834949584620256
-0.7070759004004794
-0.9118650976949345
0.48836425722578003
-0.8396341431401984
-0.6384212966390386
0.8671171862338518
0.7614906190746158
0.869325720622165
0.5980393087110234
0.920749732150488
-0.3994045898914851
0.49939110558470734
0.7107542182688529
-0.7030982178943235
0.9640709366422509
-0.6131137948612353
0.18766985263761038
0.4031643708420627
-0.4505208573959041
-0.5665721573037303
0.27965776104588924
0.24590647725506432
0.9990272679837977
-0.14135603996387314
-0.890170342869258
0.41773014169534184
0.8364031960898879
-0.3058340014158081
-0.029944062966033247
-0.2236232030991483
-0.5694204794354245
0.6900957822320501
0.03017447690036934
0.8907067305474787
0.8695950681299589
-0.6370451405209199
0.4403711701211763
0.19711497020366386
-0.10140745103524762
0.5028030162057597
0.8132537224553973
0.24024254263765776
-0.3959769995120874
-0.20767904682674931
-0.8798616018828416
0.8605278614003589
-0.9481438695876476
-0.8880607895198525
0.5144209388923293
0.20076942810498277
-0.17311708222627287
-0.9640137713081915
-0.019026959536309285
0.6701174659199183
-0.7047098262795095
0.0019083438295877109
-0.2916124518838328
0.7021442867311083
-0.46599570842915394
-0.33987149678333317
0.14555961716959387
0.9163348797006725
0.2616920666791229
-0.43487795373616134
-0.7605184555314402
-0.47489051567493323
0.9095447029562538
-0.3570705616224732
0.8729506869168655
0.24413520560096047
0.2659403133356746
-0.23999377606155226
-0.44105799423782854
0.4951235715767712
-0.2439647288653164
0.30798399164497425
0.8075519157804272
0.9631490081861105
0.713537790523608
0.44435612513226497
0.4430182515288741
0.35546016063519037
0.9889388527122716
0.157256125443056
0.5399729185074857
0.0005190361446274494
0.05272847299272265
0.8673511695508802
0.7341721576255766
-0.8449610570593797
-0.6349117382739036
-0.7973263228084406
0.1998051601504527
-0.028785617337379943
0.44478882656275354
-0.3660326349248102
-0.5087987759506505
-0.3996841448159172
0.21804620184022871
-0.5969463371288699
-0.2724908291492518
-0.8111042720619452
0.01195895852897344
-0.12412366299201394
-0.9299388912644666
0.7171197279919805
-0.5329651084899645
-0.33947227679463543
-0.20986337918034814
-0.8494771650149937
0.09529885456205811
0.1662086952036128
-0.9935128594746085
-0.0359732154377177
-0.42310889611046854
0.6018192222179748
-0.9917295124335006
0.3778037189241088
0.2470310776090905
-0.36676716324608893
0.3396251407773119
0.703819682550122
0.13397227961851832
-0.2834214619967532
-0.388880573089625
-0.7035343592786134
-0.7062522020115982
-0.27637070444042333
-0.9547241836639357
-0.11158324858667656
-0.9454560348242862
-0.1807170156077409
-0.09905112207468436
0.39752723987755
-0.7018384720425648
0.6270824212020267
-0.023911632778293557
-0.47652428151974835
-0.4191138536188159
-0.7711020946826417
-0.034749405268761135
-0.4170367175889005
0.1313190087368037
0.3952110164960998
0.7302997665344741
-0.8068770914612997
0.5386243849333527
-0.41080850708615957
-0.2877112627999501
0.8087922253560058
-0.6246730888387091
0.7655683575406484
0.08798740711422193
-0.36946757627759896
0.7739588916007856
-0.40834313942877776
-0.1609569273456284
0.673472784026929
-0.4939658578671937
0.7808457813581144
0.5987126503348237
0.9192808036463882
0.2743764203270027
0.7348371756966514
0.08461651999505304
0.12850770748082652
-0.39654528474173634
0.9022439420149793
0.12832449133521795
0.897172191854086
-0.3849325587635435
-0.7916456510497956
-0.0066915704336536486
0.039674115907794905
-0.9132118986135183
-0.5160256491468971
-0.3603561331826928
0.06245688954101469
-0.08975931191440845
-0.2118325916710142
0.24316254957539907
0.6746621057407087
-0.9977840932481703
-0.12598312609220153
0.7239480077312974
-0.9120193581497564
-0.2095663186305876
-0.05677347308925018
-0.012492637363025638
0.9868713721652764
-0.4657942094664642
0.457840678957812
-0.6301831039429111
0.4738017819423972
-0.4659580966954733
0.0971404202558126
0.39047417706789744
0.6397005913892593
0.6280343734952645
0.05704941644541628
-0.6918418133351378
-0.08145269446957726
0.8298650576114617
-0.3196745141292392
0.9571898370713923
-0.9079759144899551
0.49634318026556357
-0.6247368905633797
0.9561235103221397
0.6081215644738305
0.6189507923952704
0.23707902426545213
0.7125893051328909
0.4691605781571493
-0.48624289277115107
0.22475689102943175
-0.5521797253744853
0.1652760046668078
-0.6847204911015663
-0.04363151593529513
0.3830586633134685
0.11284291329088525
0.49558379246329487
0.5890091239691968
0.5673138463808878
0.6392862959054932
0.9809527065352974
-0.6107649038918188
0.36747560573763116
0.26435154809165384
0.684714941702705
-0.5927691665531931
0.003381112397890851
0.9741144452594626
0.7194608766853958
0.0007663270018885004
-0.915493733185694
0.4675478960972972
0.7639771937695519
-0.2608245103541913
-0.3198483187791741
-0.4516879478667166
-0.426966846511446
0.1475793131101113
0.7058151628894427
-0.975088194505729
0.5879742988094785
-0.24816368640157838
-0.3140702201634844
-0.2509679669982525
-0.11641858304737651
0.32038627353723514
-0.9852724717826578
0.7156540022025959
-0.8630437732344698
0.7218300981717587
-0.023854788406721283
-0.8294516355083383
0.019972913295692063
-0.37031834511064443
0.7727244944152143
0.33884529037352107
0.2525431524138724
-0.5222560179848623
0.9028703392864421
-0.41738092310319463
-0.835028559400945
-0.3860983519660808
-0.7774055137886895
0.37365244048080704
0.8089398346541408
0.5039567830841709
0.1920195146599939
0.8019425038639201
0.9204869771429827
-0.9231152218544751
-0.08804129543156858
-0.5919236704828768
-0.49658881528477283
0.49165720917070255
-0.22686218763102795
0.5639296036973311
0.8708806789672163
0.893340921682277
-0.7908840103832233
0.13518917818728338
-0.8129686891522101
0.5980210353796294
-0.9060455447277089
0.40071144023885097
0.38328211482885766
0.9362064992932759
0.7675882400933525
0.25943632193419974
0.14734866226135312
-0.5687570698715883
0.14977319736389916
-0.05041602160923819
-0.7583019653501348
-0.2611334890902368
-0.6881397321563172
0.7435433228123829
-0.3523987060398832
0.11774504180448098
-0.8608485317740568
0.2914191943157951
-0.9695171068843129
0.5708537546327577
-0.41652033261233745
0.5316591525705223
-0.31449228750378055
-0.0550306488330734
0.8020066889655453
0.5121146219163433
0.38594765981246937
0.27401723991937366
-0.04144769565674844
-0.46942401552986457
-0.5682571911382095
-0.8701505570213017
0.7786488216244216
-0.10712221372169539
-0.18999224816109694
0.8567567593820191
-0.08207385160759739
0.8955831384710431
0.35030068298233497
0.45484527766867955
0.9751533226014586
0.06921894565257802
0.316955429596228
0.42284714076520946
-0.46221168149948055
0.9635897668969595
0.9631048933511752
0.5210149983534238
-0.6776770747203231
0.3965384350649912
-0.513002973260152
0.9710876656320431
0.6463053888136596
0.5131387844451867
-0.15184922568366188
0.6483836102937099
0.7992563744800838
-0.2739568271019841
-0.6218336017775847
-0.8357214445736258
0.6990127035267826
0.4701307523813594
-0.8317202519824134
0.17635981766882924
-0.032753046297578914
0.6789585460994325
-0.046990236409397035
-0.5273543237493266
-0.6609529009398103
0.8997560329771852
0.1897492169751378
-0.3208007112620357
0.1060829828705403
0.3703456256641966
0.5863094998295579
0.13641115556905015
-0.1564591416765626
-0.858703328621572
-0.8205327748885358
0.4329964908494168
0.5788115028243652
-0.47438824078086017
-0.59527427953508
0.0486169375502552
0.2765347589525333
-0.7136693361474415
-0.13880230349599443
-0.8221539682055095
-0.5038774630746992
0.9347213235442899
0.08418562600311974
-0.36703958955505933
0.10275456251015713
-0.3287229039667001
0.0773188534251259
0.8494493187683405
0.9284714646772965
0.8512437622922917
-0.5710794360278761
-0.9392362389362197
0.08921724598899661
-0.06391125989844282
0.3756866779704213
-0.26103016428160575
0.4409896669880342
-0.6876512481274966
-0.2600370837826045
0.2664644808708001
0.25588488579911517
0.9426847104082599
-0.7402291468563253
0.7810095335786285
0.15199073795064866
0.1557705523527082
0.13845249755395495
0.021640741514537876
0.6590093670344515
0.31994130352170513
0.12818736357082283
-0.6285006135710651
0.9660555032180693
0.38106906429191234
0.9242147497964113
0.601866704376959
0.5527240019573643
-0.7232565979614747
0.645998879558344
0.22884572348126664
0.5163191682454125
-0.4602607602122102
-0.6769272333725569
-0.6327127832962349
-0.9663888182349503
0.13773019395844255
-0.5798193127087745
0.2750138938079205
0.6634851229386285
0.00875060916488768
-0.3967014764248189
0.6336452518019886
0.2223518359013188
0.7585246165151247
0.9845138372818503
0.7410588381696797
0.3126676362460383
0.14415928639070108
0.5324416215061349
0.41055705123516306
-0.592567782735375
0.4417492250086872
0.7714569968561151
-0.9328513174353663
0.3038295952278498
0.46812183697840126
0.27316908869023004
-0.9750529616007406
-0.15471090860342684
-0.2803661239935755
-0.6058771002508769
-0.03491151322515518
0.4991627147631379
-0.24968930442531923
-0.29274085762246593
-0.8256201009436077
-0.585871696931672
0.08753822659286814
-0.9599667395356366
-0.10685787117533718
-0.530361465994448
-0.4878323698136997
-0.4808124597172039
0.23907060612006514
0.12169657702683834
-0.1671024893404751
0.1783807421276955
0.5514527316224918
0.11382382028434446
0.8168671960374017
0.3463046717122249
0.5312496233592989
0.8549609685013877
-0.2360859205716197
-0.7742021910787029
-0.7203182373611938
-0.8506669827423214
0.3958585799456231
0.18709985293594023
-0.12797384986620752
0.4168443010741405
0.34736283901430154
0.1975667895357558
-0.3376253671247109
-0.3409419395633677
-0.15359862408222869
0.0017645559168266711
-0.9536974484318268
0.872050159510656
-0.6277308765754552
-0.6629721145013823
-0.19861417633252265
0.7978136201210624
-0.45941230610239536
-0.78841528797546
0.8784058767251821
-0.8645163105310609
-0.9942993606719943
-0.13594571124695976
0.04041320288575023
0.7848999179458929
-0.23019966449719154
0.04667674131563748
0.35883126575664925
-0.9775788910376846
0.9607628498794241
-0.68339223840303
-0.7591638729993266
0.4817959256133104
0.541229377722094
0.25759461853186516
0.8294351034561658
0.1910597235739706
-0.5079296872344212
0.5478490723861549
-0.17970577495710738
0.36851306960251473
0.06759511050701117
-0.6055628754809372
0.3292837448570112
-0.9596443000518953
0.8044075440088938
-0.9228641251499476
0.9296484157637723
0.8994072610287382
0.6340307473884872
-0.2395170711645025
0.6689628817547646
0.6216334011266751
-0.49636336126290015
0.29823353610887016
0.020031437780069883
0.5142225536844749
0.9914797545479901
0.6396442115542935
0.5573332632141628
0.886693050270625
-0.7109018018030058
0.3476495654545966
-0.26467393346024615
-0.9492935773425022
-0.2808199515436143
0.7997024422955628
-0.5431550415252762
-0.7297180451564182
0.7240080299075762
0.7743179375677869
-0.45364224036756573
0.2591466106074034
-0.6842055866432493
0.7058824548527327
-0.22825515654294426
0.8935084169476522
0.18452558573355393
0.5944825319105351
0.15484358393262054
-0.03774775229874461
0.9260866925234734
-0.7022689506366224
0.628407469444441
-0.9362320207423833
-0.3253567855441972
-0.8851401820250491
0.6264096801354393
-0.41776364939855837
-0.6102593505227292
-0.8967875122357705
-0.4778100615190797
-0.6697364492474087
-0.12831269037882786
-0.7637466037631888
0.09965056660121308
-0.7743444377829105
0.6614319219282183
-0.30943306020732453
-0.45528223095360487
0.9697171164351484
-0.6379647494029494
0.8180167048016027
-0.4433191345487524
0.8394207209573394
0.8471369024094755
0.2730327270538344
0.040432113367261824
0.019854771231340163
0.3482490614731373
-0.8572204633206333
0.4079024281652417
-0.4083802181447733
-0.35506547880521055
0.5829309494184172
0.29802860782007023
-0.4639652251375759
0.30747186840886975
-0.8118914936375834
0.017575448540547045
0.2502577733237481
0.002736202332981108
-0.31679439024635037
-0.5392837131100405
-0.43006564080617093
0.8559403685636386
-0.3775223787020341
-0.4886256180875155
0.5060575400389145
0.7042860023846207
0.17610018635106361
-0.31210866294552053
0.9619191646938114
0.5730174591222441
-0.23259868091448133
-0.6354543985251699
0.9461272048584282
-0.702241742383223
0.28867793814278575
-0.6187539019383097
0.9727398341531168
-0.0714516675398984
0.46512461463456667
0.14394659284520062
-0.38729172803117073
0.3554078340124942
-0.739026905999234
-0.4739933168983601
-0.031230650628285117
-0.24699206777406202
-0.6957696390054142
-0.06882153903510146
0.6183836875247866
-0.31970780885522876
0.1480775331431443
-0.1719049810895723
0.2398590877215434
0.3959783277198674
0.9906698323230279
0.4502881421020146
0.5673912678551478
0.03232337313416811
-0.7500151567354414
0.5181984150252912
-0.4780169228645481
0.09498791096050141
0.017896458214128996
0.45027941189387244
0.5253464360476823
0.9904282297227045
-0.6749547858272895
0.2358426808614129
0.8804930489057279
-0.3457202335730414
0.7854283445568815
0.6739293421869286
-0.0184000760247347
-0.6259266508662991
-0.5794132590832577
0.48345828708521377
0.6377909868817053
0.8535243911476524
0.28577423384372813
0.056904080717357086
0.775588744177572
-0.250235640035984
0.7752308656733711
-0.9423430693128165
-0.39717931620764557
-0.7006030155764142
-0.9131101866648672
0.08510278557015627
0.09695902887624208
-0.24416808454941985
-0.5396833534978311
-0.4823006017264664
0.2371083558203282
-0.5204905967350866
-0.3983245781567417
-0.6260287533008964
0.05224324465735819
-0.9657036086549655
-0.970748715290856
0.8935666501506352
-0.8783121431779077
-0.4812483070315794
0.545510451333314
-0.1337992157385337
0.6892798311342476
0.5200483855426683
0.5998629240548674
-0.6960617135703839
0.4933032146717409
-0.48694169814224475
-0.22326582838412
-0.5974362303410885
0.0529064303408755
0.5079123287492529
-0.8441836050682039
0.7113098233017356
0.6803050409813136
-0.028823194594207235
-0.4813774906854331
0.26152256742569624
0.44187287281679377
-0.8339301436032762
0.5752403948150226
-0.5720524196376018
-0.19069502441035224
0.6618191770774682
-0.4496564238315779
0.5471586122684018
-0.9107015228220423
-0.4498577026964887
-0.10604064217189069
0.6792785012587581
-0.4017423987875748
0.7594066960980017
-0.3777707031444195
-0.9339636457435321
0.6153404247127743
0.08169617744451796
-0.7820502317188114
-0.05162949103495418
0.7214484065345808
0.905769091286273
-0.09552714381076233
-0.7610815040345655
0.5534027531629055
0.3219550732572005
0.6885157486137257
-0.6176315818829674
0.37705463569314324
0.6278735868824605
0.6515812019545386
-0.9602414397159045
0.3163723046062159
-0.9161841237223773
0.08783007616016802
-0.12396934814227212
-0.8891009178836871
-0.9283649642942486
-0.6628112662999681
-0.3582331147935862
0.06572982172707409
-0.6354540774987303
-0.9054060337664065
-0.9362086778666112
0.3747639506400291
-0.27812160117410367
0.6315621391674129
0.3091805129438179
-0.7169852309202116
0.5098014771754735
-0.12404650470333967
0.3625218971024071
0.53118265791921
0.36418348011986934
0.8890196328904731
-0.5511708549073109
-0.016651450534136414
-0.019832433992421628
-0.7539815806051142
-0.17219634381960724
0.7271902043144653
-0.7934128675423333
-0.15605011489058573
-0.15531770016493862
-0.381090083885405
-0.780665257060974
0.691228141330797
-0.07781810379494858
-0.04464092897785843
-0.7269329206871478
0.18147590140938297
0.3883964692059023
0.8461865403152089
0.5458736072680155
0.5493043073137214
0.6556625276427066
0.7497468318998401
-0.056502287789547134
-0.0716391223502737
-0.06658669651068938
0.7433196062197431
-0.978519209725256
-0.6352662441932087
0.4995584241911686
-0.8513578483289845
-0.7493607688338773
0.009311036060373201
0.10296772725492054
-0.9560206118075665
0.9799189738743015
-0.8338525514404109
0.1986006543629899
-0.7254422854218485
0.7244530811589411
-0.7581438316150904
0.5929978836219858
0.9305701459688389
0.16153777756432874
-0.9934166788264909
0.0061655747718880605
0.6318675760280712
0.6333676145046736
0.4667143800508755
-0.011223326565103608
-0.22439573217814135
-0.9952446480216055
-0.42761407743740976
0.6759978540388911
-0.9312041179244435
-0.21630397569515436
0.49820866212620074
0.12066064760572792
-0.36592942063333234
0.12153958033835988
-0.37935707873777913
-0.8418480716947181
0.7967589826237471
-0.9976971406740778
-0.0018221852559849872
0.8680923055508027
-0.9239001130072366
0.6817045272158686
-0.37403011017754473