0.6106645774454218
-0.0502371630636107
-0.1711901947563983
0.37656877790859933
-0.43830775545127376
-0.4632400176210174
-0.9631340582240471
0.6812418533506117
-0.6825672676585801
-0.9539386286453857
-0.13341467178154676
0.8540684257316096
0.18472838277859505
-0.9872620575683506
0.6060015126381615
-0.6170859954091454
-0.19469496966426814
0.025415779358010315
0.762010304288121
-0.1873027301563217
-0.43541042570166333
0.7004500643657496
-0.181341204214996
-0.3843595059602356
-0.8060775713164052
0.6670690066462852
0.6080684359110822
-0.3079917879868783
-0.05775566895391693
0.8421101859735955
-0.374970246678463
-0.46268290943473156
-0.7021870558907526
0.8286888884617929
-0.6636263329468208
-0.7999890212947731
-0.7718684602651278
0.9059870366730873
-0.8896080274485556
0.8698838709596357
-0.24251029005182545
-0.41924699330777093
-0.3217564901861141
0.044238223296277246
0.4086352629564596
0.9494762699968493
0.011339395517829365
-0.9990698992859937
-0.5803045683137809
-0.9608135677897836
-0.2383839000714989
-0.23117700102205108
0.5290179143684051
0.8110202460848788
0.49712058275861915
0.825762246115662
-0.2795202993428276
-0.5398124276559015
0.23837522793287946
-0.5415826211710351
-0.9506186357350519
-0.47250116309690515
-0.29942519142135904
0.8001906283563947
0.5458423521508484
-0.17490380983890863
-0.7594128359715016
0.6672429423872479
0.7854884860238405
-0.08280185244331073
0.7510834741247499
0.7724099492336822
0.8815754574965069
-0.5503033402738793
-0.8281156504066618
0.8589441654610144
-0.007653627112534478
0.2921607280603089
0.058776023995849025
-0.24102393398017363
-0.886263919358286
-0.005298571907733862
0.7066199543632976
0.33640977769067226
0.6792615599135665
0.5138397791426557
0.21743681916432722
-0.3452740932610734
0.8822899824055477
-0.11486595503683983
0.0270025471774038
0.053254991063737434
0.13490276481851238
-0.3129054420315909
0.7888825428975699
-0.7460730161539364
-0.0871600718552814
-0.5978305784085407
-0.9410827624801639
0.735900836429205
0.6228694726937263
0.1893471395838613
0.2542700764032646
0.0844997154532896
-0.5655097877231046
0.5343620710720043
0.25218431632424676
0.8074133157494909
-0.47675118104911496
0.634825414803426
-0.25947758197046444
0.6144491883950145
-0.42062694374063736
0.14894497501049853
-0.9860190165963523
0.5267303511620323
-0.3594176828906228
-0.06829657044849458
-0.12278618195053226
-0.6415897891814775
0.9684974702121512
-0.3029857341072282
-0.09839228171491587
0.0349854143676005
-0.5664065625381476
0.9123257678985268
0.8552574938270876
0.8939082787965043
0.9525634454177583
0.975942099048773
-0.7816900718723903
0.6048789243810717
0.4887551552630538
-0.10064251587203543
-0.39147777574392695
-0.1453328676946024
0.5412132600383792
-0.9076133537383195
-0.32521546669979995
0.4056715266136368
0.06226322303488541
0.220343778658457
0.09343106159601722
0.508206865671909
-0.5326619633672218
0.8198611692613089
-0.0696683400692577
-0.5140077376940886
-0.4682624272267082
-0.18672994320976488
0.09837105548113101
0.5389151700753061
-0.18625206739732292
-0.27068800272028914
-0.6688997425824681
-0.6161820537990195
0.8600907930569794
0.6803473572283028
0.7818931904643995
-0.5786202058506011
-0.5708322155678716
-0.3161061681422137
-0.12027587104477333
0.20652903739516448
0.6985302905721729
0.15918718082701133
-0.15880037904438682
-0.04048085969118631
-0.5164498679318463
0.6752817003725475
-0.8733455587203038
-0.07486472377635622
0.5123295948003124
0.7280165143385993
-0.3249382645595884
-0.5608658060643088
-0.10411905226920082
-0.24093380825277522
-0.7901042128403657
-0.4709405206097941
-0.3955064555253258
-0.9394761687787514
-0.49875842749479427
0.7186298511142255
-0.32383501539684256
0.9485548227536575
0.42131456955190294
0.9162994507010411
-0.0365618502079903
0.8738321068190307
0.9451583025836008
-0.5611232568799147
0.6786708848215763
0.08163810275423189
0.9195023580221784
0.5714783433964916
-0.8443413356445462
0.99791149698814
0.28829048408885316
0.5570190815031497
-0.1412470243317565
0.1073550806842769
-0.329766649318896
0.1274461091418455
0.7936406729295828
0.24073343878170128
0.975552960752236
-0.7299366615635245
-0.0030917248981634504
0.20233041753162007
-0.9057802295020909
0.3362633572007241
-0.1854948596275845
0.05776864547539318
-0.6939214911761202
-0.5359532056297613
-0.2980556075825036
0.054355954135293816
0.33121398344609787
-0.37371059350531866
0.5737648019747761
0.5053174636646938
0.48995430787891814
0.5749825800900257
0.6090548007484862
0.7604101396152478
0.17518374425923544
0.3385850729565685
-0.14018368792505465
0.7081876063784383
-0.5192921062758691
0.24183389052588122
-0.6165659384193953
0.7771776261067287
0.8628745278881635
-0.5366337520438265
0.7594873181783806
0.012706392525227095
0.5209952516693372
0.6890432119456682
-0.5022071296369734
-0.04387569794888302
0.7187748450088789
0.15099915209565107
0.7347779983937834
-0.2207828778079739
0.2333220238154854
0.6527434841946598
-0.06790055619323199
0.5606273931399022
-0.21817175069176886
-0.780669536152997
-0.842028891528708
-0.11181416184191417
0.16925459764733142
0.18554395157199743
-0.04405400744256549
0.5387077945895684
0.9885936993317885
0.9394079693361144
-0.31818131104611025
0.8856647906799944
-0.1584498180725542
-0.04310389851337737
-0.5292952101976309
0.04648279569138003
-0.21142289465391917
0.9418036711022222
0.6992165159780441
-0.3742368289694793
0.034568500263117974
0.9515610069894809
-0.5556220995166021
-0.9052689561121705
-0.3208110292461346
0.9953193819485433
0.02431566289233511
0.060143089311522235
-0.27672127002302127
0.15615162830526752
-0.32480429900445973
0.48073517804845745
0.9897758480491909
-0.711933783655301
0.4849490082962171
-0.5622543607558703
0.7120108186557141
0.8918834685706798
-0.3727835456907773
-0.34846789088854635
0.6014735891994547
-0.8363906385319582
0.3662516859623006
0.34907275578773134
0.8528740150871046
0.4790636973115061
0.5635774113071788
0.18230109357370972
-0.4214855208278425
0.8908753833949599
0.5027818850774373
0.07472572433845781
-0.022790956982977617
0.8144618071630259
0.6550443870387721
0.8104500756570301
-0.8205821151115171
-0.7369020401379447
-0.8807593077243674
-0.29862008726324696
0.7273989877712606
0.737396028965015
0.6148069442379731
0.7043535705236925
0.2750206921078229
0.6883020900703816
-0.5181308692996562
-0.02397367731122757
-0.46433933075457867
-0.9481064598442319
-0.9888228800228764
0.6226198909837672
-0.9020035827493396
-0.11817424357105843
0.7634574740476074
0.7830519167821925
-0.020397906400092314
0.9174138776442882
0.3810472106574778
-0.639171550161139
0.1309299627100622
0.15194785843752068
-0.8450480508060916
0.3668530402994028
0.3218693949359175
0.8179531864917313
0.5896074861869087
0.21927470901483082
-0.6730153255481501
0.6309733505704631
0.7069308787784438
0.9084357717675491
0.18063760414838903
-0.01893250520384715
0.34878285367508144
-0.0677250372213265
0.6063091150228594
0.1130053838513998
0.7778454961521815
0.15172440773720997
-0.6958702037939406
0.48421433970354477
-0.046140520616987146
-0.16271201323399676
0.05227819837714587
-0.5240237163832024
-0.6409047288723468
0.36818081112451395
-0.730899092611826
-0.652800606318287
0.22425161981663377
0.9657640501389639
-0.9111773335856128
-0.025457177536096554
-0.4499621290266864
-0.5460148753853968
-0.7755187374882768
0.6907295798094857
-0.24560167216012974
0.061648585250750676
0.665133530663875
-0.45684431203959
-0.6213359963022067
0.10420955016541833
0.5362140040851633
-0.8382181973319873
0.0422925839638546
-0.8111633022114764
-0.1035987397270226
0.506976920834421
0.8947546407979305
0.9813919584667425
0.05615457429760018
-0.06873010691493242
-0.6586065068681877
0.949967456954028
0.9927220393456491
-0.23906400107154124
-0.3787066102746348
0.6097396693551411
-0.29159144097708833
0.5308287979021766
0.02249128504961906
-0.3545175091052879
0.6569572634965946
0.8394215867450607
0.1601677932518326
0.06524829820763567
0.45768887563648697
0.23039317838616968
-0.643655672937971
-0.5206168886303746
-0.33787679074861554
-0.21553114394164208
0.6792956332619786
0.22727645693882037
0.5521322049694966
0.9902080214802578
-0.9694195681712414
0.7605446353327083
0.12275647114021515
-0.35590461881654956
0.9557342370441075
-0.8653966483524613
0.8246817547103988
-0.6430226899126881
-0.6904546108763996
0.4978825382199976
0.07633043287422203
-0.5879128461366221
0.292268186009224
0.0835259457989237
0.8896005894288972
0.8056412877093342
0.47520337135296153
0.8645720516883575
-0.692848055298042
-0.973603037358824
0.737857052149411
0.8333497264580914
-0.0005236393246912385
-0.8740457294120174
0.5843076198659554
-0.8223931513394223
0.05940489161768525
0.3175441182522576
0.2862289077306943
-0.06647194023333558
-0.605737982911269
-0.4251326879505437
-0.25534967047704704
0.4901618809035624
-0.6574552325194671
0.5479988846554305
-0.09696186453181332
0.8158064599485972
0.6611902437062378
0.0899440142909782
0.4519238414912765
0.13121351684519222
0.01941428216173202
-0.3141756434823293
0.28586867130856697
0.6713157375735199
0.4513330041329593
-0.5079121589770683
0.853770894757774
0.9263043426848678
0.18609742323956469
-0.6310445119338652
-0.3412696760595211
0.1645841212944994
-0.6769673603503805
0.6638058760797512
0.9596560582626572
-0.01671498292112039
0.992334709856086
-0.30223859510759143
0.7080740886137682
-0.27263227316797156
-0.9057389780192109
0.022403287893454582
-0.7533964585350601
0.24273061850723976
0.4491116642108566
-0.7026821419408094
-0.0022552664494714936
-0.5695203983401029
0.34007183789039397
-0.02913617789254963
0.7886275645449037
0.9998316493006425
0.17986266067636492
-0.5506329247191122
0.4549675937300912
0.6536839990268912
-0.13059356808358413
-0.31964312353569424
-0.20640339301798005
-0.750170644890827
-0.17838989563843954
-0.019408527628361538
-0.6740278811088112
-0.3512615600547022
-0.9571199218423203
-0.0057579282690962685
0.09339896590764551
0.6864512478227061
-0.7106147962705316
0.27363496223112493
-0.06220267491306575
-0.6601040957304791
0.5197353258982422
0.8248912644696158
-0.8526847429382669
0.5704901765623906
-0.7960296309974426
-0.373224882028121
0.15697276323008214
-0.8532560311439072