0.005504517536967679
0.11983669338040293
-0.7016722358172358
-0.1659897844290621
0.39598925055837464
0.6138965280867004
-0.22882430081246752
0.24190046326149894
-0.17057049732450458
0.23884449453504986
0.17001680263936425
-0.6615606617791698
-0.950662553238304
0.8569833405557186
0.4973934562279192
-0.9864213072234849
0.08359992750041134
-0.47535532212024423
0.34452147946446154
-0.467819407204747
-0.4281425495715676
-0.11618985962323958
-0.8245117215406392
0.5301830605074236
-0.9575186872368959
-0.22865986373089298
-0.36908592059392786
0.0269081689759747
-0.022929621530174193
0.061336760158829495
-0.822818681113374
-0.48579858899909456
-0.6970780866206654
0.4956621432920192
0.1482208339026243
-0.23506371999128284
-0.5022480605998156
0.4931773824203729
0.3053690209675137
0.8016379445454016
0.9808941445136072
-0.9303571306973752
0.23043830678842347
0.5481184500571705
-0.9746528959400529
0.7702162865210349
-0.8340283910241584
-0.11301083238736043
-0.6126235629702046
-0.7822808826145231
0.8748237260764877
-0.2610641233703046
-0.3512502298262279
0.98898236951027
0.9562710583258207
-0.9312990045765919
0.7472623726562349
-0.7084142492523817
0.6361447982177906
0.5284843348918984
-0.6997030432648044
0.9169253834591904
0.43086300439998415
-0.8908614232857304
0.2219608136849498
0.43775159148760157
-0.6547243352548704
0.5409123130842244
-0.6119162549152619
0.5899204399006615
-0.5957327490395423
0.2606671583483995
0.36542241009295084
0.7732174914530305
0.25115851247030796
-0.7783157735853556
0.6105283424970283
0.8246476907586795
0.2217887512523511
-0.23392205499289465
0.06449773837386896
-0.5646861075979774
0.17033200895703904
0.4225832024788172
0.7576380088877752
-0.512722188242013
-0.8873862775211996
0.03883123843162695
-0.7422095913019984
0.526885116545232
0.43951245725277177
-0.5097823931827632
-0.10172715984259284
-0.4626811383199574
-0.08067006054230874
-0.2305924713565124
-0.6780457720623712
0.5296606357293072
0.6560613051069875
-0.38334911648748893
-0.09449063968648952
0.14566742204873528
0.5263641054848358
-0.8287603999794118
-0.8922817832215002
0.806445385607881
-0.4596415026938545
0.5352849726468913
-0.33267490835993363
0.602234944812625
-0.6798144572625267
0.2654596408111194
0.9348266011425628
0.9006502655476198
0.9022413096479651
0.25207196802629306
0.19389926937035185
0.338385944554892
0.6730549922311397
-0.42285009053746325
-0.2955785884830653
0.41285498672449084
-0.2330082497045569
0.6410275968928445
-0.083126933157601
0.4389843817564685
0.12714474953411226
-0.40085733554274694
0.45656765232805174
0.7039571731114076
0.5915274428342121
0.8703792781755639
-0.40197501765512555
-0.007942962013252286
0.6309974582812468
-0.8329827235735399
-0.2810877197007535
-0.6870782311392571
-0.5615139610413478
0.4995499281277642
-0.7635341071597803
0.07676902007029707
-0.12804095627777512
-0.5500416152741334
-0.5737209728471231
-0.5430219676586288
0.6971913511303565
-0.08358076320925867
0.5552980770007652
0.6300284749432417
0.763396206043272
-0.32856867719217764
-0.5697855035484716
0.8949265670982558
0.8149290964042004
0.389401725706747
0.09010326124451717
-0.641750398382152
-0.5983446506119219
-0.9317734486989497
-0.07491843103750129
0.4813360047709694
0.4414723662151858
-0.017403989413623977
-0.0892786476164289
0.5914833199948255
-0.4443972625253272
-0.9628050059031739
0.08416116187191047
0.8810096811907253
-0.8169307123810554
-0.9429282648270663
0.04644844761389999
0.16405690136207962
0.5593208074144755
0.48398205329673694
-0.0559424731308531
-0.9463167730190498
-0.10429457861880564
0.31094266365249834
0.3909540903616522
0.666306043656165
0.9469183419407865
0.8803503595805222
0.2217530285136322
0.9665796067695955
-0.9526969765585813
-0.0691455213997283
0.09697218487462966
0.6467473428062525
-0.19012577948523446
-0.4644088905028736
0.7331402908172826
0.7535615674268641
-0.6235184619392404
-0.7694066683819278
0.1199059002749332
0.9085238386085839
-0.9285999028800498
0.5753356880158653
-0.9900573861036499
0.7684035270083782
0.7225208189206072
-0.7744780235374231
-0.16576940645766425
0.7492810349161807
0.8898176193829188
0.4259343791961674
0.42473449488728665
-0.8352690450421287
0.5146085449477544
-0.9636763873953291
-0.4071510856305658
0.3524618887666615
0.3581036186546158
-0.06823184996847376
0.7482050641067035
0.0385860717694011
0.17491169874658619
-0.3595635963076753
0.40509535837294086
0.680404366723071
0.7463567336511794
0.21215304021440873
-0.5128987179377757
0.11995442936142386
-0.2715805774189295
0.3384656916388762
-0.5810544523768659
0.7136869303179709
-0.8747430512855661
-0.439092303209633
-0.40061940669216356
0.353557777980821
0.7679230123738965
-0.7099172880921227
0.7306323932286174
0.749967110908244
0.6855172705620214
0.10766500124586109
-0.7843572951062971
0.8689487731629577
-0.2453728317934063
0.3534423069234507
-0.029178118982017942
-0.4188594836148385
0.6887750174019667
-0.43628148797043
0.49116719068436954
0.8755073456498175
0.03454294379174794
0.40571130859689264
0.4406349703551835
0.21714104835862225
-0.6131131882621306
0.323703687540692
0.3435789046215436
-0.5744462283111127
-0.11011919654429758
-0.01876065383166159
0.47686890033104823
0.1653489167735145
-0.4698009448402185
-0.5598524035955534
-0.6610493294924438
0.8683402563163878
-0.8117472310239364
0.43088051349072276
-0.9941857835878398
-0.10632084072310621
0.8809820187283008
0.5515779230527127
-0.4235655818805999
0.34332606564020085
0.7249946480661049
-0.2650776187272721
0.4751695083946308
-0.23699871446130638
0.4015578757113154
-0.21901418315079635
-0.6492494336294699
0.7373374441707965
0.07925881655921763
0.04598082833013639
-0.13972236059478615
-0.8745123220359516
-0.4183496587993978
0.7725066067619775
0.6760504096177402
-0.6068944143435588
0.5541695829792546
0.4590553069633041
0.3939079568266275
0.7294673401892053
-0.6144734051958383
0.3746229189172563
0.796961614299605
0.028345712019388625
-0.232655545873238
-0.9960370436041297
0.02379712127522038
-0.16514387988579005
0.2564867969039213
0.5702273365620811
0.0659400955132905
-0.678614621962728
0.362836609730522
-0.5043755920860815
-0.6721185343491285
-0.5666765890248469
-0.48806725075427493
0.6817428611975129
0.15823831969873958
-0.1893504345220396
-0.39995116531901753
-0.5076244228974391
-0.5561946498978811
0.9849090201594706
0.8719928375831982
0.32290129759733754
0.3192247000175876
-0.33179337116701046
0.7303175559275275
-0.8179970795448044
0.9867096721583624
0.18939457005884797
-0.11611526375192116
0.20993623226231217
0.6860933735113177
0.10958997151042804
-0.6768531626014587
0.12452521218362644
-0.5901735677652327
-0.23115666156711945
0.5716975847147887
-0.8182934264825108
0.9850231360081476
-0.1979439547761468
-0.6387457067370022
0.6534702635560667
-0.3475239994912549
-0.19712138214948882
-0.6798333196999096
0.8321489684912395
-0.18704842029840862
0.9569294058341788
-0.41690403681012334
-0.8895722579432876
0.5044166909744172
0.9285939378852313
0.6601991371432454
-0.49466676101506213
-0.9378368402636093
-0.9161196097946007
-0.3560607938085445
-0.06526603758399085
0.793301350567919
-0.4985842745636542
-0.8258092754477764
-0.3579854196399541
-0.40014675957199763
-0.9657763088119782
0.3805759718311428
0.8096250675847676
-0.822698314094203
0.399434293489189
0.9471982336459639
-0.7219659331341517
-0.6671897299315945
0.6091294059917141
-0.04500059546708757
-0.8843246235513806
-0.3632832366455927
0.7906365176993859
-0.6697060028103754
0.37922380547268664
0.8571495967025689
0.6721095217803661
-0.7672320533157753
0.1160203396095858
-0.4668956111167819
0.8184351375133525
-0.08735338061133313
-0.6841367642993583
-0.920708896379584
0.7920274953630122
-0.7573723516783384
0.5619026564072283
0.40237596391607755
0.746233650918827
0.4232601990838851
0.9861146838108183
-0.8490746371973448
0.33073191337676255
-0.11162729287893303
-0.9770500700776288
0.4928162497866013
-0.790147672709058
-0.08766567650891277
-0.31807901640534353
-0.8968259312000331
-0.46075904717383076
0.9650624942680515
0.7438647883499052
-0.7222485010072082
0.5829012180962339
0.4461454085081189
0.3483988154370332
-0.8534246869667068
-0.32801662771218965
0.9488558850720554
-0.8398951438375484
0.6413224149898114
-0.9091095475808264
0.5194868917319768
0.40584633619608845
0.9913611454043338
-0.4659835314033849
-0.766540923416221
0.8242276826275579
0.040522532671482425
-0.8810240566551213
-0.9947963866425951
-0.3176256481902344
0.49013346550846726
-0.6696265033025053
-0.20468155415695866
-0.26520360341296767
-0.5621227178306571
-0.048769502679461674
-0.12972535864392265
0.018507851819578258
0.43625908699195315
0.7224182521964295
0.2942532035176393
-0.9628765218995612
-0.8854285447594277
-0.40779769677401934
0.20100929150812186
0.9901157440679302
-0.7741049356819263
-0.1307690117774245
-0.41530501767825645
0.4235935516253264
0.17879854648965265
-0.6787138626740437
0.40403778554022285
-0.27744181858934125
-0.6866361956414988
0.6924839335880444
0.09950267737552543
0.46944307958806264
0.07872770518558725
0.6423913706425428
-0.31641511491526897
-0.8430074104005734
0.4840136370281902
0.9008066743754559
-0.49805144570242144
-0.3401292727574299
0.6693268680331537
0.9537610245777997
0.3025885563481998
0.8660784852403294
0.8631215650636335
0.6879466246478119
-0.4851385478283048
0.4966293289785102
-0.6009417577083584
-0.41430192400002497
-0.6258305207750632
0.9291337856675712
0.45694660630976713
-0.6280260044498027
-0.20537688469521576
-0.02300175881661848
0.32771720123393977
-0.4818568697167338
-0.25075894461801096
-0.2325698395325293
-0.5049443987816691
0.21847670393830865
0.8324095178935995
0.11165721651774829
0.1005661792063679
-0.2976330996021974
-0.7275037392405859
0.5995681965722044
0.9894691200893799
0.8576989223199116
0.29440096029054375
0.062162155078568704
-0.7631609227094773
0.1196770838520349
-0.01757367021739875
-0.42980648934319654
0.3306901298922258
-0.37743916834540525
0.37226393055378115
0.17869364719814707
-0.3509213238913853
0.6454086296055728
0.10413652539084572
0.8481273728262064
-0.19209721383151268
0.35503597234059314
-0.17895420510796467
-0.3280988131424747
0.6879744818845162
-0.75293482709613
0.6164861164069382
0.4133503823517033
0.14821912463068143
-0.24826913175505627
-0.2685662068805066
0.8982856407975506
0.6155831005022829
0.7620405233176921
-0.7012152184000384
0.5557950305511288
0.8776371251541593
0.08891964298485666
-0.42949136258490905
-0.9528473452699662
-0.4799912001882576
-0.8261642417336492
0.7255439781650865
-0.4864135556519458
-0.04517664797915533
-0.5442983307912534
0.8010225055854472
-0.6095838813664185
0.6509598402949524
-0.5288108456756864
-0.8388096455982204
-0.8063158933000958
0.6472476073754838
-0.6412389174698274
0.3990264435201527
0.9743541018913213
-0.35286813283476093
-0.3646497837591942
0.46536330101943935
0.4173984162459772
-0.18102121782380198
0.04410095501853495
-0.3631325550097291
-0.2590253514202341
-0.2689155178419975
-0.8502986409007989
0.5461959829575218
-0.8165864161099499
-0.4501795493087324
0.07039568364728988
0.030439514774208476
-0.9349154326030138
0.2567646836367361
-0.2851309678297602
0.1713618918300439
0.8671666547807133
0.9111350948783585
0.13175950086169075
-0.23689914954681468
-0.41502655711151526
-0.6783830486327489
0.6280245015534451
-0.6979883835685561
0.7160023815148358
0.9678538468931173
0.4842903096851814
0.5381220983559638
-0.9403068192202029
-0.7820618798338164
-0.2989474907168166
0.554017336262582
-0.8670913648043679
-0.6038758381878813
0.3765113728403129
-0.8548901495230912
-0.6192284358623721
-0.44857459892061136
-0.07843857541677224
-0.8098371767302246
-0.1468052252215486
0.6965258027515808
0.5449972201077515
0.7784966779428866
-0.837066009875175
-0.7081641717280325
0.26601101751158485
0.7646860453213054
0.7778277356440737
-0.9088299870015426
-0.8528462395959446
0.8737225015064396
-0.8161887242178165
0.1483196206696087
0.7407233418526697
0.08834476228825561
0.195771561562037
-0.6088203428603403
0.5164304507740576
0.8777373201784695
0.29432727916476353
-0.5721406474350186
-0.9166674528897925
-0.893121986603368
0.3873871743785742
-0.5867698662923635
0.7382836510249662
-0.5375176618562341
0.5961727610423575
0.388497679879541
-0.27737619011734105
0.421126840103927
-0.12096420555266096
0.058890692724929306
0.4462441613282766
-0.2925580071034253
0.339880511055648
0.03680936000270996
0.5018700598169017
-0.1889236523321467
0.01581153009321179
0.8337227302629533
0.5242312526141928
-0.24948782089782262
-0.536744426192101
-0.39295596107544273
0.7609113704341679
-0.3386784305575641
-0.6774301736733594
-0.41826833403267316
-0.6138795932470447
-0.5553878267923298
0.06186374341252976
0.6665152593324954
-0.7266382511052127
0.9274993016406625
-0.7425875700791904
0.37224127090614667
0.022601383675434628
0.8903986756050319
-0.22004959993007445
0.7104767295504189
0.11940799954418968
-0.07161025045071612
-0.6632949859254136
-0.576413602104072
0.13974986433225323
0.262551308353314
-0.7674822809248716
0.8015481923016814
0.5787927580457586
0.407170176405395
-0.46256789756205996
-0.04131276523443295
-0.6792439322117401
-0.6141345509336313
-0.14010053936426647
0.9363613897823584
0.30241491316119573
-0.8449944880992821
0.2390220951539146
0.9444624440541773
-0.9300001206169108
-0.33841381267061177
-0.333210901106995
0.5411862030738963
0.5137272982438552
-0.17094143421037433
0.9050809989182296
0.47027763522174615
-0.013070896490608996
-0.15930746369955306
-0.14500907819113973
0.3994434697852962
-0.9807003634381197
0.9644826463053726
0.006278228310618417
-0.2697235918108094
0.4896180215667709
-0.20717406507518343
0.10203184143197741
0.19757460524217318
0.39870002960673956
-0.3418285650057624
-0.33780944230750753
-0.2201573275903923
-0.3610470527299374
-0.6427637538226201
0.30426443313548424
0.4266993320919199
-0.4731405398993942
-0.28864076160682184
0.8977493870795159
0.8321350201642124
-0.07298431620900958
0.596401073070566
0.4024363024981412
-0.5369228492491835
0.2255919742630128
-0.0023612615300705464
-0.7323656147226296
0.9705728414127606
0.5638997067388649
-0.5530939763297551
0.8081442220634141
-0.08810025266215638
-0.7664927121012868
-0.26417156931976193
-0.567805739623277
-0.8438175786256108
-0.6754600286763892
-0.7781277297116549
0.8251891009218011
0.5794825163626882
0.1725711770096754
0.8916556312722996
-0.4613470623172389
-0.33252701608375923
-0.2643329072422238
-0.18190469718719782
0.9730830314783587
0.2637141316211853
-0.07249959379857818
-0.47578996293413933
0.8369539601183726
-0.26292774023022547
-0.11767883615196939
-0.49357589374233624
0.39099333256409063
0.7428309619064999
0.8072927050256782
0.5181002783252124
-0.6109931842081053
0.5987473897620423
-0.4330335767821223
0.851937795930436
-0.683208637686461
-0.3009672875263276
0.5039910338876481
-0.8025597991273012
0.7415742234422671
0.0831480954516659
0.5709319911474404
0.3601774471629209
-0.46439230396575826
0.34043339483189694
-0.37330795191657273
0.12627732741474973
0.8807492685785927
-0.5234753585513854
0.0750095771942405
-0.10117070029991826
-0.9703392482791533
-0.17042425193428268
-0.9624940794267614
-0.23380809912977574
-0.291976898149936
-0.7225334620246733
-0.41173863392439336
0.9439121510188158
0.09905029154697131
-0.9130234964078416
-0.3737439568312406
0.14411844466233248
0.8134711239755403
-0.24487371810042102
-0.594358709108098
-0.8157356477381001
0.011921991971102663
-0.4024099454361221
0.6028298206394289
0.49097236143393874
0.050691661566858226
-0.22994157111083657
0.830562557749251
-0.41546047456459845
-0.7479490987582924
-0.22525669308566654
0.9854186779120901
0.8818938746246168
0.9969381161905799
0.7215090273260258
-0.5190638327550956
-0.29061118269681363
-0.9893793167834513
0.12939511270987247
0.7744609983070199
-0.1843103385478837
0.6995989310862738
0.06870178680845873
-0.8048508882304592
-0.9077291253213478
0.9340895269296325
0.0641208423819506
-0.4802411675173852
0.2838648462385063
-0.44298400171897945
0.9381703076306442
-0.296510946094676
-0.31672513368237665
0.8393782593248253
-0.3545346115423842
0.6003797527373174
0.77194950310117
-0.6018341592295542
0.6633040003471768
0.6091449022141806
0.8071776080972908
0.8607702691134109
-0.4289034150138189
0.32645037908387176
-0.05731678235112714
0.2564533621339331
-0.9364940542331939
-0.04568499072732024
-0.13015141655062878
0.7197649195179132
0.2794405797191952
-0.32201530723568017
-0.04901789140886037
0.8023096203422051
0.7308820449304374
0.4147204905484847
-0.8795136489889288
-0.6456705573380308
-0.7238816697529504
-0.8783208338757784
0.6464041510213816
0.8203909107354168
-0.9445025096055146
-0.7714608804287033
-0.22690412450943787
0.027796308240090273
0.6379183157711017
0.34614277267736115
-0.9471345805562532
-0.616448093440902
-0.7686240297333062
-0.6819785453127578
0.6446226388049867
0.2721629812030948
-0.8800694771043944
-0.6669600607500148
-0.9730617134473822
0.24583324544147978
0.10355272848655073
-0.5317383539742653
0.2516903953134728
0.9866151991433334
-0.6165397105031667
-0.3399240248364779
-0.652936329084093
0.7136404002673724
0.4195864246026719
0.30242487888920055
-0.9184060853330411
-0.36712041153766717
-0.13692272537657413
0.2493183009170128
-0.34726988691427785
0.6066001851751932
-0.45692601810771283
0.5926271418813949
0.9588985376111705
0.9382831974267349
-0.7767319773055381
0.16273497887342248
-0.7275443253741833
-0.07640150685111036
-0.22423973995567792
-0.37316621014061013
-0.5233330850944438
0.996667619489759
-0.9278601322961517
-0.3821301139760276
0.6682368351715351
-0.40342459754018245
0.9740550930188436
-0.8651900160430785
0.9757510148321411
-0.28190422619491606
0.14211787742976334
0.3108469997902148
-0.4750645278893828
-0.6543292730068753
-0.8726347512665205
-0.5804339249189696
-0.43146669271872873
-0.9137913857258544
0.37324200047784095
-0.9836094674662845
-0.55846053250977
-0.7832791463502968
-0.206155237687909
0.026445776256826203
-0.5716660009527283
-0.3701417244552614
-0.9991411047079697
0.014263481844356551
-0.2829959553577641
0.23844656939822162
-0.31775740422309484
-0.4608501473041935
0.4037253415723565
0.11043273881950233
-0.5310583257423465
-0.9013149797708615
-0.6110298583110294
-0.9302365071438823
0.6590967743731448
-0.16750386559074837
0.7633845235629535
0.8598762472647454
0.4947594372429416
0.8684151552721653
-0.14879646420320358
0.38772511560444367
0.9553118629163393
0.3436482292713512
0.40948014680175504
0.49330271802033776
-0.5212987538657512
-0.4972762500394545
-0.2973585919585775
-0.7907055825136753
-0.3316798122306619
-0.767344573602913
-0.47193310049773896
0.27607352871977153
-0.15162068648162275
-0.9271393134459229
-0.45517048803748916
-0.769310547586022
-0.37516737194822447
-0.26224000669339365
-0.7313723031324573
-0.04020784352549467
-0.8641935911655867
-0.642996638208392
-0.19570635070508224
0.9014265553875291
0.5546863841021705
0.8047504214186445
-0.872338539416909
0.6995119533421181
-0.1736420165065946
0.7228081787766836
0.962103818230716
0.7008624543140654
0.699507430424001
0.6819170810341446
-0.28685891190446244
0.19757905680226617
-0.02036328290047118
-0.7348066123390025
-0.06816357175654542
-0.814682413875522
-0.03851923635217158
-0.8763722600055528
-0.5849430376132889
-0.6627503921549933
0.2247577818470461
0.5838479870252975
0.5905691178274968
0.14627493179320483
0.11932357607752575
0.14616359688637837
-0.36078605050796697
0.7563850797572107
-0.7838928515344072
0.028779542608800668
-0.16141569720986104
0.5596153941292175
0.20997456474958032
-0.10039330984072081
-0.39492003266716313
0.37763362292291647
0.708685841032002
-0.3791766663335068
-0.5619570971987486
0.23370535701622597
-0.06826183504754568
0.7475983034252953
-0.1337915545316335
-0.7765687926294287
0.028631855141745932
0.47281370136575673
0.22628820585642417
-0.05193412845903622
0.2510040110622511
-0.7640144280663628
0.2950688296614423
0.03738975691840163
0.8331256783794609
0.3434072954180687
0.5135483506485956
0.32630911226561343
0.2829174014418905
-0.26477552838246354