-0.246603113773034
-0.0004155456404715263
-0.023209324050148528
-0.5742830978062927
0.8024977398453579
-0.4519388921215499
0.32637745768098636
0.3939407299514923
0.5469380696681974
0.41130667268823995
-0.47385679233408906
-0.46819977421540315
-0.9841918811663546
-0.2090147852031501
-0.6476094814421345
0.8091698592127288
0.7797049110835239
0.8148212566387907
-0.287645897542814
-0.24325955410120081
-0.0649753210221693
0.44258641087402406
-0.4397760362575267
-0.5674242171421866
0.89503927637237
-0.08657877699501837
0.5644488527971743
-0.9539789470019517
0.3800377581681291
-0.6159351765787293
0.2415606837573283
-0.9384715106941139
0.22097762145385902
0.22123813117415492
0.5731062645213569
-0.03060139543586171
-0.8097223790793486
0.4468879734358093
-0.2910108017800046
0.6023734008956443
0.21179555639903835
-0.3235226556325639
-0.7707674539614215
-0.9877567112516801
0.7693874844369417
0.5146428505899585
-0.07203335194979554
0.9212106214404276
-0.7780236639070937
0.2378290534973584
0.21620356176437183
-0.006434949060496464
-0.7069883650030069
0.27207336955332795
0.6445613609696057
0.8264204673350395
0.12995373411459044
-0.9043990807786437
-0.8640357847633746
-0.8095942571220045
0.4442428489459267
-0.5926276176986609
-0.02739073394224767
0.49341445776850934
0.12072498732816017
-0.0430501733375912
-0.4565227251455206
-0.6731094599881449
-0.815017469011017
-0.4438269180915897
-0.1220002767536148
0.0500030132541176
0.8513067040671154
-0.641570523708328
0.9838444656455081
-0.7769342777283872
0.8521508551687593
-0.13891600615094934
0.02040842501165452
0.6074586915643538
-0.004674650576263595
-0.03000754603403677
-0.03371744407948807
0.586662569062973
0.7354138797109919
0.818236408083036
0.222044413696749
-0.3470897106754578
-0.44509447500355015
-0.07163658043252563
-0.7758400917642747
-0.2617489621975444
0.8219867039384592
-0.03385430605189477
0.1953492611050307
-0.696064292854166
0.6282483344205434
-0.9102474720304159
-0.8873017679533748
0.5495465587487622
-0.8372642425874499
-0.9738558165100037
0.9540340643286243
0.3304808010974425
0.9627163602579463
-0.5576081078159145
0.4117798225022533
0.6373420458852128
-0.13044363090080235
-0.9123253793379773
-0.3931820075366774
-0.9803978507217994
0.4409226226291947
0.5363884723519676
0.8842088012788019
0.9765148256697169
0.28870293686020543
0.9316184453792031
-0.27821163056753706
0.694339360126657
0.2699729006813705
-0.6800616365300467
0.5782686627139719
-0.3096332950145295
-0.886100202159724
-0.8641006764101593
0.5407741881576331
0.4988047757293701
-0.6002575670729817
0.5511096262003481
0.8593036716306741
0.9689517076005805
0.5499268897124465
-0.44061107385196663
0.9291870783670744
0.1196295155113889
-0.6021882747377072
0.30881019289269895
-0.9901578150626287
-0.7837086496354184
0.5080053852158539
-0.4704710098303382
0.973091271427009
-0.2366974312681005
0.7260000280654462
0.3702668935696205
0.631234238142828
-0.4100542057232164
0.8310797766560205
-0.061102502037115425
-0.21375220265554318
-0.5239850940832627
-0.3712092862071099
0.8154787594815105
-0.8005134522146613
0.8821935033967852
-0.7961308686233661
-0.3329879343916926
-0.8236208748221452
-0.8593661433135258
-0.7922374968896408
-0.15394692884440775
-0.7460285454504254
-0.8017169865746019
-0.8794929635339412
-0.7368939233012655
-0.39833536598976504
-0.2845453788268799
-0.9557827820569851
0.2139529429988709
0.5819857366117593
0.4084526470391847
-0.30151271088789655
-0.23862581069707645
0.7901559471228274
0.7033500011974558
0.8750356844437446
-0.12679827723400683
-0.8548358722196068
0.9564081645177078
-0.79144606451709
0.739037185395824
-0.9272910576333746
0.7805348861927683
-0.7655790490924765
-0.2469283179020032
0.6814443915147861
-0.008320404280073523
-0.008402136410313732
0.9256040887575576
-0.36349683826882173
0.21382057214627626
0.36467091605337654
0.7231595273005584
-0.15029005333371104
0.8379799853587855
0.5922497988018867
0.6052236803780906
-0.5481376910766955
0.6125911801900763
-0.13847118966954164
0.02176590402648171
-0.004857649343819492
-0.06561673871142815
-0.6670983992589785
-0.03940331109394357
0.4766144028253383
0.6040356517083665
-0.2112429542421308
-0.22859807594785564
0.796338688607837
-0.5536117224717534
-0.30193815761668197
-0.4972521914597321
-0.6159387830959167
0.2173815793417484
0.18036182826661684
0.4298190299047595
-0.8002040804852766
-0.04013278053522806
-0.24817511434907513
0.6912329754031925
-0.9376474509286152
-0.4336779760043159
-0.1713831007235198
0.6009008598952523
0.8163978753600512
0.7835499338706851
0.09683269840617204
0.6221001595523878
-0.5865195232465517
-0.1242486569388721
-0.5922712954994129
-0.6002804031844011
0.9398237909773335
0.5933263724512012
0.6563350913201056
-0.829858014054996
0.6459105954546318
0.8963536904262774
0.37358903898483065
-0.6827611603129968
0.22790345117578892
-0.03827387788197556
-0.5103879208105799
0.16987088054462895
0.7201093453470904
0.2028976966469307
0.20705982881537555
-0.7413998242720645
-0.39569423911822366
-0.8392933640264315
-0.046305568511235906
0.34144637015943524
-0.5718186560031895
-0.1631724062746882
-0.836675994353252
0.06907023387528777
0.9032754530245295
-0.5510380122054861
-0.1329837535064995
0.6556006357639146
-0.26850394164311897
0.8785544582974867
0.7127466613066835
-0.3161745236678404
0.09212778718717485
0.40718020063774607
-0.3048098973469906
-0.05436062316998713
-0.3956057005751592
-0.3758545606419834
0.5758855323410295
-0.26337179008697564
-0.3554991168584174
-0.0267124488442696
0.08654562094415175
-0.7295132111256184
-0.021461207541769278
0.3025723321636882
0.47815818002397537
-0.33437561424345863
0.7896236745304714
0.736936207411979
-0.8374730478868166
-0.3891877706641491
-0.41856734389123607
-0.08539794416121449
-0.7974126408920665
0.7163130123182149
0.06606847162403962
-0.7490169885568718
0.7453718455255289
-0.151162461488469
-0.7491519205708059
-0.7979479416182693
0.16124013355463473
0.6088177944978286
0.13852929133918201
0.3980165873064174
0.39035450415994455
-0.6323043255899226
-0.4329250394476225
-0.39090696132795366
-0.16752614352213757
0.8002975821116141
0.09868160042156338
-0.26429761014366626
-0.9904872338564505
0.11444958788809778
-0.9895217285717648
-0.7496292056215392
0.07154196891728626
0.29817049763267667
-0.07860711362977835
0.040852891147192594
0.05848758384979913
0.9483819930855937
-0.30639262964252967
-0.9402063934318106
-0.24026941484991626
-0.3823637535912927
-0.6545213151638696
0.775270457789131
-0.7203698340162115
-0.08809394890652977
0.46556974912319515
0.4287097259233694
0.3152158252603696
-0.8683842096403147
-0.861477469869459
0.6651635719844116
0.6598115769322819
-0.1855763907058976
0.9688746547441138
-0.42085721567671786
-0.06044910792543523
-0.1271942318460335
0.5723669581873256
-0.022390961655974095
-0.775368341749229
-0.4296871378542879
0.33225834899269424
-0.5549833857603159
-0.8950786849076038
-0.0028347667211920946
-0.6275447062619246
0.16442014909755676
0.36059621881986237
0.5336919278795502
0.048601953567621425
0.9700279824456379
0.07763245567550237
0.6228222510256849
-0.3080888489000275
0.7039238706469575
0.4863680112972366
0.5337849880643637
0.22990817882186176
0.41166017000633914
-0.487109927020716
-0.17730260076144666
-0.40821880704145874
0.5609890986935515
-0.4060282484459976
0.5415102429540184
0.1502831551245365
-0.4101658687933203
0.5284681032822325
0.10427027906975472
0.34647161897359213
-0.4958093620368078
0.9180643417951462
0.38184585043851205
0.704407118305252
0.2891896545002073
0.9561089836265146
0.5982387678311591
-0.20589714955746752
0.8274338167811597
-0.052619160765305484
0.49079869557441147
-0.6952119878168486
0.23287693388408592
-0.4928738649569133
0.09903867993105697
-0.9766003163313024
0.39878672756876843
-0.35262322827589965
0.9140247008205411
0.2310045711202091
-0.0775727372279591
-0.1988111848564258
-0.028424499251613833
-0.38428677994444893
-0.2788404999257763
-0.6156544841517015
0.12208742348331336
-0.28192304727131123
-0.45545375676656685
-0.042076010940115705
0.819493451316688
0.6873923914579019
-0.6868153873034633
0.6181440259503641
0.2979921265445906
-0.19856316256732276
0.6996029663360772
-0.09766670364624219
0.28803358199775997
-0.23215818648800912
0.9972749519589996
0.8309730090418215
-0.43021904324961247
0.21351363174867943
0.6314373792842656
0.7014088819703106
-0.765807689828303
0.17000635318253043
-0.9785182566123891
-0.4482301194838989
-0.3646695645479998
0.9346353732818768
0.17759051448415208
-0.4371844587914031
-0.5822136365272585
-0.2992433494650999
-0.023471048908748626
-0.6041931975683243
-0.6506800080959141
-0.17713453760704234
0.09080849322122053
-0.6804787254211226
-0.5804610395011347
0.6102317924519416
0.8539428648737024
0.2012984455981084
0.12563793819238223
0.23819936910168527
0.018972203203307947
0.6037231846642306
-0.26688910550836953
-0.5718677040879712
-0.8830945786051361
-0.24839356583185634
-0.2735341598838321
-0.15309204061264725
0.21550857388943623
0.39015877822818146
0.06406312974935768
0.8987933351459167
0.52971992301778
0.5534140872357269
0.8078440873215629
0.02123543356449087
-0.9026659121787661
0.7448297265777628
0.8114049064299513
-0.8409359627681439
0.9306783929960498
-0.383478404681455
0.17763031266592844
-0.06091562516017568
-0.28697751971987207
-0.9697325398129522
0.28763901944959547
-0.5031670190126536
0.5849518645356153
-0.5887506390868502
0.02460054958750324
0.034353148380662724
-0.31951264875545515
-0.6790159438160557
-0.33006437909563524
-0.5878788849082701
-0.4125921724745212
-0.8479252374542483
-0.05116626910316202
0.23677200036473267
-0.352036125977218
0.638257354400984
0.052503408326720846
0.5311836113629478
0.1454835479600609
0.05697467793369282
0.13015445670968262
-0.28742918724232114
-0.2610690117653409
-0.6026214234045704
-0.41971966674539574
-0.7886966786826317
0.7079844550975503
-0.7207382016956454
0.3383205238483944
0.7820783246091703
0.5327931614320631
-0.7523282813306131
-0.4521406425729544
0.6769088814435318
-0.16952605673836474
0.907023871928587
-0.7276695548529888
-0.12576854988406883
0.8165824167971238
-0.4805919257657567
-0.6832479646950893
0.2395042984900453
0.24161176503769388
0.1599401187589864
-0.880116992175545
0.6840827382948582
0.683363503079055
-0.24503512598434884
-0.5225788741986956
0.4285136704631036
-0.32567182614632406
-0.5208592880238807
-0.4245148610702285
-0.22722298611080327
0.31267841853885936
0.7210736706561374
0.8365133026678209
0.016945169601529253
0.35454667043680765
0.11599295921366792
-0.9797156827651101
0.494681310869332
0.18450973635820156
0.3045196193650508
0.9221446991164124
0.05896131727627241
0.5028494113889501
-0.034704769757802234
-0.8615077842842065
-0.7285570684374683
-0.369946217090541
-0.39758793048365515
-0.13428282937505798
0.01415198577712573
0.9373184974515167
0.2449208905674911
0.7495432040201793
0.6095972959134917
-0.8367732163574246
-0.9582553753138754
-0.7592813906489124
0.6284022277938539
0.4356796649877799
0.7997701036197733
0.21349418206169157
0.18718088121168863
0.34495021401742165
-0.5128550821281788
0.6136251478341386
0.19616978952281805
0.7486850752750136
-0.06553999767114638
0.16469357503822413
-0.016000451699023976
-0.4865474786187043
0.35804307261664836
0.5524749278974532
-0.47573896082515676
-0.35343760597426144
-0.1290158664410037
0.05652976182823277
0.08736541999083824
0.3051832461928461
0.4932710098836357
-0.72595019968054
0.7485956384654748
0.9505078986617219
-0.6148026248422345
-0.6154813659866278
0.8471509582392867
-0.3071758429415308
0.09903229456547047
-0.8907828655610326
-0.6418971517401277
0.38421380954161344
-0.8568199247281592
0.737945763689549
-0.26063415413751945
0.20392862481223384
-0.3055556997458073
-0.22132336970525524
-0.7697052143907626
-0.2815070325432658
-0.469180660937786
-0.17635498245751702
0.4089307406163074
0.4067595150780259
-0.6370460223419012
-0.14279955703013947
0.5544552728778971
-0.6144376854296374
0.7947593783155487
0.0421443073417036
-0.44113198012871013
0.33041215053076245
0.4178661173598124
-0.8583797460608431
-0.8674551411226552
0.09678397677050632
-0.4761323379647582
0.25494144657886486
-0.33438616847680147
0.8588443925190663
0.861055997798226
-0.3018666691892684
0.9357940330371612
0.6648966005862775
0.7136378708373579
0.7269286734574345
-0.3777501992646424
0.2650933959995194
-0.46042968593303923
0.6948740407005765
-0.16347411342720375
0.7674398724336511
0.2872534894112735
-0.6693577192472111
-0.116247257375935
0.917969677023277
0.314386066850463
0.6662390435944243
0.12488498472269072
0.7083329559364264
0.42558617714828917
-0.05603919536923163
-0.11272906925292547
0.09450846830713489
-0.7150016061471014
0.41287916585480655
-0.548683543426568
-0.21691956709182203
0.018916820508099397
0.0162213506587221
-0.8648182464815848
-0.8363579188163703
-0.7351050903216627
0.6273113903420366
0.9180230803515934
-0.21578730580790606
-0.42184673959828034
-0.04319856538791589
-0.2628399362931424
-0.6016756185081438
0.7754520482045493
0.6487829993697434
0.8146316303992318
0.0729048858855541
0.8524218272203752
0.8060338225908459
-0.6990294118339659
0.1655134455275935
0.04813485069363965
0.2707278688491128
0.37138368209403394
-0.5389020883724531
-0.3475306536590217
-0.6416626080518015
0.7209170106462615
-0.5705767061300127
0.3421715420012754
-0.7068190462354789
-0.42110086034725724
0.43563353533359317
0.40149893050957286
0.9583695413429045
0.42823670886969345
0.41882962407981816
0.9608890619991584
-0.1649846251141085
-0.2480629483451109
-0.9858678119778597
-0.29256294402883154
-0.2284501254144622
-0.609428607712504
0.2906904135768946
-0.8630546469596341
-0.43956975722164304
0.17007461333696705
0.33704079609978366
0.7611046067034664
0.18287683877753347
0.013480274420190064
-0.7741054984485463
-0.05973310378347341
0.6969186428529306
-0.316904850178815
0.019289671272294084
-0.9824819991177101
0.9266440154563023
0.48013925676818103
-0.8833396601316204
-0.7898343323389152
-0.9923734565538516
-0.6879456417274226
0.0860435145502072
-0.13369962840269967
0.747619160429307
0.9822264356997759
-0.318348575046276
-0.550680257824407
0.49780603118027433
-0.7964071312774963
-0.43241702923658765
-0.7057227448388808
0.5860885771841107
-0.6833835673484618
0.48339552240454364
-0.4284318819464139
-0.519909567494208
0.816946726574886
0.2609594996416298
0.18100597323789014
-0.9787319814944351
-0.3294334737281448
0.3903467223041852
-0.6924765488986335
-0.32046763110161147
0.46783850625674384
-0.9624544312122385
0.20505028991403607
-0.34194249569274526
-0.8000449596346781
0.21358612010454392
-0.6960071883949022
-0.3047224803741755
0.7743620695861919
-0.4588213823009366
-0.9101199480930044
-0.6845030389803388
0.5927879128078037
-0.23809543096651398
0.6034003298529362
0.6132552815317394
0.44617310399932264
-0.03373230493414692
0.028092494149920766
-0.9077742198210714
0.37122640819428754
-0.48439971507421764
0.6189803944676839
-0.05879523351495264
0.024398139602728186
0.22700939943594678
0.969653705922159
-0.15473414477390124
-0.06320777589696247
-0.43427789653062265
0.06042199947124516
-0.43861603169532093
0.10721391649421008
0.3476638234453209
-0.14844740866208417
-0.33217615690390256
-0.010689849539101015
-0.12521241213277645
-0.5720264877184058
0.7622370370027385
0.7148429751158927
0.44721734466592755
-0.09218194604596897
0.14024240259999154
0.17590010183387172
0.17802236209468258
-0.5715849668594037
-0.9177171953198506
-0.23712095699389546
0.6245329582740624
0.4897707528202444
-0.16959520206436873
-0.08632081557399984
0.3303015234315436
-0.5047898377976057
0.9149974195410009
-0.14677842697196986
0.354222458892693
-0.7140086602942168
-0.8456245265857463
0.5653507215393345
-0.7888405882240919
-0.6119908531863918
0.3548531751182211
0.8373157620250948
-0.8896757797304793
-0.448010299376256
0.6726569693648992
0.7529890680679816
-0.9337959834489951
0.2485339926147383
0.5823952969635293
0.2705506224075218
0.7508633891220031
0.4792563037298403
0.20137881049442208
-0.8448021287739984
0.4797471491445713
-0.30670194024755704
-0.5853120737319013
0.7340748998721915
0.6337655367853092
-0.6342331490313633
0.7845551579628385
0.02508074617376388
-0.14449712849439322
0.6222821229779181
-0.44966381384206766
-0.6571305372156884
-0.4151642072094923
-0.3432395272129858
0.6237420776990812
0.5698461378602822
-0.5431516217114141
0.2937490530830087
0.24480548881405095
0.23032700104276604
-0.15044600619047466
0.410351183455238
0.7579499441581412
0.5622692844607045
-0.6290819213647258
-0.07675837074193059
-0.8911581130334625
-0.9968515259342732
0.7531689015076186
-0.23638479328951356
0.6711465285596352
0.9923922811389667
-0.47292533123177516
-0.2680865790950149
-0.3701142015230896
-0.6938890067744459
0.057894325688828685
-0.7000984845739033
0.02033991206440211
-0.15225278710025303
0.0981596812889487
-0.521697290426788
0.9254139812453428
0.28281153535788683
-0.6377535128700924
0.25419606067097567
0.22347841346611474
0.38838770277265766
0.6366881578131203
0.651750428927744
0.07285519668803264
-0.956101275923859
0.6584639590080374
0.008289579939307679
-0.01906850805599336
-0.9752456917796244
0.09632985823583384
-0.6422356065721808
0.3958868999012475
0.42989554895629145
-0.09767371871174912
0.9799698500660516
-0.5574293402241
0.12190638467555615
-0.7573928477234553
0.4871546120230683
0.7496488145985705
-0.26495884520359403
0.9197717718892515
-0.8938899978319685
-0.8582599450958655
0.947777119865673
0.51924729218723
0.7995647698352164
0.20269802428343997
0.8093090909963545
0.8339899355285927
-0.3734104171273809
0.7068606242187838
0.5832357604351515
0.7551042081033827
-0.8772156861240683
-0.9331111728719588
-0.7357023578179058
-0.16495625778554568
-0.00699954495291033
0.4126788710636138
0.49663221200299534
0.6387613079809467
0.024604231816928834
0.7257445947660657
-0.7204347949045271
0.45165123195166834
-0.9214374033359558
0.20881993734616322
-0.7417666498822137
0.24796878436159386
0.2221499329234835
-0.6688277536216491
-0.23714655581565247
0.9327959077110488
-0.5451430314485057
0.10715408287666905
-0.7526266252717635
0.0013863531205531299
-0.48787268521747307
0.8648413687015044
-0.30563756549970966
-0.7488923838685628
0.40010119179229275
-0.8383956315099705
0.08094954716180913
0.7212134661127099
0.11603872840578888
-0.1655885067351599
-0.38797618357818453
-0.45884103937606713
0.5220733891829374
-0.1074334202512679
0.3941627813788613
0.8555833409988507
0.2475034162101215
0.6418201658807359
0.04037849635949775
-0.01214664150306044
-0.8570917222193355
-0.3663840612151701
0.39018404683981966
-0.6683859647487642
-0.5614972188740484
-0.7530873479341285
-0.6613606565532639
0.7691372986607017
-0.19123151386501358
-0.09017636628471215
-0.2558872552216882
-0.24961134609017943
0.8736933303482102
-0.22526606151993422
-0.6437245753987773
0.5007137096766168
-0.6019229872366512
0.018742068568127435
0.690232804484151
-0.9798146119033095
-0.7218973895472649
-0.597580458077311
0.03929008529835065
0.14195666502226634
0.14985724607388073
-0.7588296768597425
0.44045610907331967
-0.928656549623275
-0.37350887267826316
0.7903535260529233
-0.2861507358954616
0.6368066306440143
-0.24249913963990832
0.8403878302140935
-0.6979133479745925
-0.48195947209157364
0.8935867315902615
-0.8654461914034521
0.7778616983104918
0.2582858942177888
0.1777993503264279
-0.4629959445021754
-0.35717288012323634
0.7363598071426398
-0.551792815803217
-0.6830896916022438
0.5026149028943543
-0.020072658396279586
-0.8160187753625072
-0.5361272157536532
0.4713000260820539
-0.6448563847728603
0.7341912095367218
-0.1771122239981302
-0.5144726011980134
-0.379285290249904
-0.023286547020037407
-0.04226827806679556
-0.9976166102675024
0.3639008605617424
-0.4655451261109387
-0.32740792515117456
-0.7739246513785805
-0.37815740032393497
0.01266346483372538
0.5846525606386426
-0.0660329426581936
-0.33134320458223665
-0.48158438489591515
-0.9186370951936471
-0.5839660224227228
-0.0956540536088819
0.36619674760852705
-0.07960985437359769
0.5114364398139553
0.7595106912509011
0.8962202311490644
0.37835104906781636
0.3818527870716111
-0.7696937656074339
0.2824596609653691
-0.5646871393288746
0.4393858730572404
0.5535685241129304
-0.051038614256967874
-0.298066758141881
0.2999619700276792
-0.6710808176803704
0.23044415144237562
0.39241937235866176
-0.7929132735262947
0.49512271179815226
-0.9731663855785275
-0.12482718614800059
-0.6031061573671115
-0.4238950620647344
-0.6811632304480786
0.6670839503985295
-0.3656507743107227
-0.13733188511737016
0.578988692916071
0.8330838756987495
-0.5470538181381281
-0.10026122662333914
-0.9868388128467465
0.29161497367504796
0.5773191849942647
-0.7140801194480961
0.65714529792623
0.5641834853510359
-0.051095197584312135
-0.7521431412625701
-0.32069085585062673
0.5834367038935766
0.5160209715615629
-0.1636644248737289
-0.6552979264019803
0.9716596945493827
0.6809480599614464
0.15024844090499645
-0.5963647012231923
-0.3857225560780393
0.4036868264102462
0.38885941442874206
0.8457351904806938
-0.8806878155575026
-0.02700513708351404
-0.6435402988757277
0.6351864292799343
-0.22211999238775904
-0.7628543248350987
0.7115875627032291
-0.4515882165945393
-0.689580896957591
0.6458119220348193
0.5320280573373455
-0.8906496731091678
0.02176879710083579
-0.8134371443189343
-0.32703094739061167
-0.09807923238490046
-0.296036626353412
-0.2881479539613603
-0.8844407803000889
0.36546548672545387
-0.3823146259539727
0.8802669412300566
0.6774251616660474
-0.23326533121277238
-0.48144073899274376
-0.06492689536501262
-0.5589387506687142
0.6278546595183403
0.9057913332262615
-0.9132715534783478
-0.23322588933433042
-0.21340323965750785
0.005219927309489281
-0.6782321352687914
0.6888465745121852
-0.444284382523356
0.571537969008767
0.7937622264406621