-0.3770469360364481
-0.8287790681558809
-0.03161789557873229
0.32934426669138706
-0.4746548135165125
0.6995971281380684
-0.1710169236410244
-0.9003568509346151
-0.6256770938707827
0.8071604950232709
0.7008044890225333
0.5726711456005142
-0.6856112394835263
-0.36604282719121173
-0.5813830107201414
0.9595344942120447
0.5307173035592427
0.9140548711439909
-0.09052423579392066
0.0983877957578041
-0.7853904366607314
-0.03779693730741718
0.8214232227082741
0.848321943586102
0.055732200650842945
-0.028014394862619252
-0.11184122644952321
-0.9756669398492539
0.6002024845644534
0.41542296435989723
0.5885168814672721
-0.6857452187268305
0.6392832061869294
0.4157182868577447
0.1955683988603396
-0.7504028615983109
-0.7842474775477501
0.5007760899376859
0.8562281585290263
-0.646385104675343
-0.7884757776929989
-0.3741737590334113
0.9307101591249118
0.9479204245108412
0.986369511542571
-0.28993863428064937
0.7617123878273537
-0.16289280637388193
0.4195475950621552
0.17624733998324804
-0.45985802748496307
-0.46061183467886835
0.2252852138244661
-0.993667090814627
0.9892310637528494
0.2374023732238102
0.029400323115771565
0.31736142528904265
0.6824104152303632
0.42638581249431473
0.8922890269922226
-0.812943599425817
-0.9646907310703776
-0.2485711890289215
0.5772197913649242
0.9385137047467003
0.5177145652401198
-0.6174791737731997
0.9078565311923779
-0.8816620733804663
-0.8024341452717088
-0.4697103502841846
0.48985836453287623
-0.44690357375082623
-0.013545441467554431
0.7851649352143315
0.3956597771882371
0.9296923418341982
0.5504534266653398
-0.10492383185368315
-0.14133999952704768
0.5484127776449237
-0.744599613755706
0.7357115151848292
0.0981866190737315
0.8667327890326246
0.1804789496267336
-0.3526545264653427
-0.9498644106713565
0.5444189669157113
0.5440177182084598
0.786815066528681
0.1298318508733023
-0.15910198936722963
0.0017388758054988074
-0.6634057157022359
-0.5689613161825975
0.04556091923537031
-0.6861082937387553
0.2527223865451891
0.18674815385688204
-0.8527034183721871
0.43481662657342524
0.03646188946266227
0.9509455973542134
0.936108950971863
0.9756141240824838
0.6308503654636579
0.6354032222461989
-0.7483317822308557
0.983008755433084
0.8551739215065204
0.8376958814585445
-0.5498012320844381
0.21585058430975157
-0.24098208439570645
-0.18119506410506658
0.6944976178298672
-0.8278878847808715
0.5460826669186334
-0.05212268948874166
-0.9065381151700109
0.7630190460215023
0.5705821648768563
-0.7127151147026922
-0.8066723069611466
0.12349406997555445
-0.8173251382521347
-0.44833664204220813
-0.9150217564444705
-0.9756513856424434
0.23845910836496276
0.3504214362588618
0.578358587762994
0.39592209033101455
0.47864344136507686
0.007994318341517426
-0.5531969597758974
0.48898578296308504
-0.35025427960284494
0.47171530096525793
0.9073554404357624
-0.45269634687285865
-0.24939845223445234
-0.579161998035576
-0.1938236960495332
0.5728940596460175
-0.6501021132279459
0.05451057214712485
-0.17772197621287966
-0.9427330253070545
-0.9915240191083614
0.985583511340715
-0.1940521964585462
0.6008015001186455
-0.4833149817416569
-0.9658324720133344
0.6266295154297656
-0.39178377867872705
0.326567342181318
-0.9370679077564119
-0.6416682249458019
-0.9543371697856182
-0.8344890851576374
0.015850006544393835
0.4863045899974314
0.5086736504323341
0.06984994932477573
0.07024628934299293
-0.08857635638013872
0.8557363052323064
0.5212802425281653
-0.6519709083453229
-0.5957241350649245
0.8433038092640905
-0.8428022470410592
0.25601823390710954
-0.717145512615869
-0.09862334243019943
-0.9725160473303374
-0.18352077898489405
-0.1759732329180177
-0.7807758280677257
0.7491463738802056
0.5613827623667913
-0.29513921593018666
0.018989901682655352
0.6557335662250978
-0.9604074723405056
-0.9073327813070062
-0.2727996106872117
-0.34022083263732883
-0.025577315406828838
0.5938501313326288
0.8273927680950328
-0.7017614364325426
0.5190641383809522
0.5615736542868961
-0.3979394683316082
-0.08777834669987983
-0.9725895390753361
-0.8946303252385306
0.1462383920389132
-0.3433789641280114
-0.8421503086973721
-0.973676421880848
0.5295440668638827
-0.5715345346448462
0.7378717395489449
0.7144496345306939
0.9379819817628412
0.6591887503181675
0.16106564355923947
-0.8295772557376013
-0.06391476812380881
-0.4293757690655242
-0.3883152411256541
-0.8838514156462729
0.20581361902554174
0.04866087445299727
-0.12444013571093282
0.5777614788870891
0.6874693097359958
-0.7311102191270784
0.6619749033755695
-0.24651427037217477
-0.32507429365644835
0.5752064491863231
-0.21202137281113798
-0.49068284205711743
0.8351420228500899
0.7550628352453193
-0.06529495568756105
-0.8075376553376423
0.30294198846171727
-0.6489663248324369
0.2267070551763788
-0.9977879931438522
0.3665532550684074
-0.6971113140094174
-0.9179567084935565
0.8908135775665424
0.7734219452440065
-0.33407946252399134
0.5434775400468861
-0.029360536760032474
-0.8629591889117223
0.1398792751547142
0.026000602564270503
0.8479707478341505
0.16037613693713526
-0.3068686435407615
0.4092651637341418
0.9076721463820041
-0.488607084825059
0.16540730032754647
0.4293707371688771
0.905667394706237
0.8065345308173455
-0.17680417913414126
-0.9630752168814796
-0.3863579611369876
-0.44122938447364346
-0.6568798618878748
-0.10558923650292606
-0.3144038434693852
0.31666887294051005
-0.15742010515562033
0.38812234500795784
-0.8497341844213562
-0.2642441170588006
-0.8941717849337165
0.9823933149674089
-0.32135435860771877
-0.1721910545325469
0.8381221001012795
0.45369868624573595
0.2272578923094537
0.17998379465322367
-0.19061025777151475
-0.045280445337096964
0.5311003201095637
-0.7651212070962474
0.16207528472308796
0.9475868175779296
0.023060032810414244
0.23792720005794576
0.43306482720410644
0.7302877587620149
0.29165620983845986
-0.5132344080348747
-0.6913494387676002
-0.1716360674874502
0.18161976252954992
0.5044491885505094
-0.0019311865709952247
-0.4409679666989701
0.0109234455873084
-0.23559858993425853
0.51930012060932
-0.268997361222989
-0.7169951270806831
0.8493525163945759
-0.005826204993717443
0.7525343923118666
0.7558379897643654
-0.39191885344523336
-0.8155009568381311
0.80836551520083
0.26778842375269263
0.046176424878283884
0.047240308471396375
-0.8684863607313851
0.8880302133478934
0.5882322436374299
0.9637854665230301
-0.39525284386146575
0.3776588806118657
-0.5509721992154653
-0.9879047992056731
0.4375911654735738
-0.019847432990514058
-0.5033660601511665
-0.3173480285363999
-0.9448547841099237
0.3734264871724069
0.6300287535683051
-0.4509923198544228
-0.6359960272230718
0.6526561863266604
-0.42058648650155805
-0.17980631666077795
-0.457317143017945
-0.8172955259928654
0.12055019656655364
0.7882810999567582
-0.5169484005822915
0.003554089826076412
-0.5956171977460021
0.18153051651404262
0.8216746151773957
-0.7901757817491168
0.43796046959018087
-0.060152965231982325
-0.18515203869193875
-0.8821930484054077
0.21889129984850664
0.4196852959345563
0.6274885955890706
0.08859591386167986
-0.5128521496305263
0.344851303101247
0.6807598646866633
0.9079218718061794
-0.4435063131337984
0.15761027086321677
0.2954650953596314
0.1761522947143177
0.7941920978953609
0.44828882307027773
-0.7264750555339012
-0.04776969112214502
0.003783966086046364
-0.6067511397868111
-0.300801597557097
-0.9005052256460642
-0.31287700222200576
0.4905818163716933
0.9120245845769475
-0.8285658009421777
-0.39609707783102577
-0.3238046822020939
-0.058251391593409085
-0.31492744519694305
0.42912944948034104
-0.17595090788000012
0.9751901644638723
0.34312021092320477
-0.3559023674940951
-0.5013903211362096
0.5826779948698038
-0.1779313480067406
-0.9479825903572783
0.496631871274795
0.4960448669132753
-0.675700660773698
-0.34694711842856174
0.8944432090845351
0.39073181193180573
-0.1688808631873151
-0.196137029996724
-0.16843728499305044
0.3820393733547356
-0.19081720007359615
-0.17834670934512498
0.8293095310957701
0.15296022222122452
-0.7059184532809677
-0.4367130169474054
-0.13783858086846013
0.35841053148703095
-0.9201477075600684
0.11007369998609717
-0.6321175467310813
-0.5481942042256449
0.07215989879166762
0.11126580218958515
-0.7553563432128181
-0.5542000193284635
-0.62174612059826
-0.5549027378405753
0.740766596069447
-0.6070493660037319
-0.363647810186005
0.429928014709805
-0.2141003954189422
-0.29111109461248685
0.9858340167709372
-0.2712013945851379
-0.3833236617656439
-0.76303857258585
-0.9568391550419417
-0.08944428838489182
0.8890232619271277
0.1671382458716617
0.11293583602931512
0.6465787414526776
-0.7845498449635506
-0.037524418166179796
0.6211606558918898
-0.9112704516799284
0.1102483120503095
0.1419970530972603
0.724713966649946
-0.6414182665289652
0.9992036897192846
-0.46501395502114473
-0.9332839473386898
0.9058426047034869
0.6580303361018658
-0.615686172640785
0.2131664157315225
0.5522432522816281
-0.602675555493553
-0.9847104689851227
-0.7549805659684325
0.19204313385315874
0.5461705148989919
-0.43727482600849443
0.0672164390644947
-0.86712611286615
-0.24613833731518397
0.29089620468619426
-0.25167487198033167
-0.06438534173145216
0.767142240345668
-0.8409026785434375
-0.2833053385147508
0.8396388224728983
-0.9000692476036749
0.3880733100001712
0.8710683139025701
-0.41453754859380476
0.8475752167368609
-0.5361862488487155
0.9286052958209108
-0.7219212992235142
-0.9398156299684612
-0.28810935448963493
-0.9346835995422347
-0.3068724033300998
0.7653114046616285
-0.8312880974517487
0.2787226924722679
-0.26598966532411406
0.11910932741539204
0.3903942024939664
0.34909967396041175
0.20726463195933675
0.19544167896774045
-0.7057697672117951
-0.8401925490982181
0.6872889445329087
-0.2810693605432124
0.2599668616907509
0.5806699350518909
0.4724452489412385
0.600564042261841
-0.5697050756657964