-0.5678864489037989
-0.6213671086180361
0.9508054500108443
-0.6373910952669195
-0.16555743978263315
-0.11339463022226237
-0.2574489113159888
-0.058775265634959384
-0.4526768559496839
-0.025992031203372346
-0.8701769618132118
0.6904759571141996
0.9019480818342889
-0.2733063555082491
0.2086810103066561
0.4065782568232781
-0.20734026614058165
0.5042855968456543
0.5228597972687439
0.5137372138938963
0.4230994183289014
-0.7960022975850543
0.6858045636613108
-0.6920278458903735
0.8753224650062124
0.5189454504471229
-0.7300985499460282
0.23176305560034316
-0.13673097023323622
-0.11230206000629361
0.6307606090904925
0.882393902825809
-0.9573154136523436
-0.4003281434796979
0.24991689856752708
-0.05036884555337484
-0.8503020846717135
-0.8607169176364817
-0.09927485963624738
0.528319363210709
-0.7434527250351048
0.7378354787761991
-0.48930205189874054
-0.17857711104258978
0.7879087943687035
-0.1829255383573587
-0.9212095788471135
-0.8345157589288452
-0.7884895317934704
-0.13927631062203294
0.4277653069978966
-0.7546357366703194
-0.02304440712656719
0.1343107669705621
0.31441629404216687
0.29466932900937803
-0.40675047232312056
0.38793651590826994
-0.3108480450282305
0.47831698681340273
-0.9489441498585978
-0.12021450525073352
0.7755181475461279
0.9725337853276936
-0.7458499454014202
-0.39919949516954634
0.6179458064254524
0.5926926673964692
0.4033843920559761
0.11773881022095267
0.2992189679423565
0.390486876508952
-0.9286110711084918
-0.9791369647900765
-0.9388934960037796
0.40924260485925257
0.2841944120764912
0.6822264409944958
-0.7009438798601249
-0.7742067080939086
0.32320316560802587
-0.885773870215109
0.7770304073892222
0.8023954561049671
0.09587691640054996
-0.8620483479612988
-0.6914675775688153
-0.9404403172854616
-0.9591635911335745
0.06583912945072079
0.692906290413783
0.8255503637443824
-0.006880312698639868
0.2140058131164777
-0.39851124263911486
0.8887944761038262
0.8056842217966109
0.34319251690886565
-0.9500289946780229
-0.3018004616060308
-0.6291336628856674
0.9089204309634875
0.2556043237702674
0.41698082665140745
0.22401426076033903
-0.8723969329846297
0.0720724639811654
0.6329218577417997
-0.7123396835553464
-0.28551634412997284
-0.15625065976396857
-0.5175820595724931
-0.8563161212692751
0.5998477787783716
-0.4044038459852308
-0.03711768874972732
0.8316335126617562
-0.8890563184706353
-0.8254124199013226
-0.3914416828215519
0.08763552741087133
-0.6939174152932324
-0.532770491469456
0.9638089180434954
0.32591838401692486
0.9448020317180204
0.05727164303889576
-0.10076816907562058
-0.7163226132359675
0.3931311316340387
-0.5088116311112563
-0.567604747296534
0.3904754881373824
0.0442856299629657
-0.7611047670207247
0.25554647987531487
0.14672663815699183
-0.46497486040944125
-0.8195200756579848
0.8668748028009745
-0.9961871644012941
-0.9601260930867157
0.5130423779788682
0.6368886806938678
-0.638563989103796
-0.7468223270840149
0.3829244592853214
0.9359144506448731
0.7127297838139475
0.7234130068107023
0.9206143647629916
-0.014969570831422807
0.15390964366858495
0.027183608076320365
-0.5252665145530302
-0.47385986788523504
-0.03591235762224221
0.5228650084601909
0.7015799596282546
0.6836180776740379
0.5824992233219652
-0.015862161096899863
0.38079952119691596
0.6655041057910422
-0.38217184119343894
0.009213040268443828
0.5386722206879302
0.6964983250949115
0.34457377211049645
0.607237844405236
-0.33130544357634406
0.8539014160811897
0.9294742889324463
0.15221817709052243
-0.4836530958842373
0.09411530319249484
0.709340160140564
-0.41284355646558435
-0.30512309961518214
0.8827625536363097
-0.55086292488432
0.611316567249319
0.7818155916031762
0.5379428440273795
-0.0032338995030114503
0.20868600036953877
-0.7933436703533048
-0.3566073308116253
-0.4190276305961982
-0.8422752092588879
0.8532323383570839
-0.1153941064555215
-0.43305224552600197
-0.2786134795145965
0.5231899743117443
-0.7189548824363083
-0.5297343120198088
-0.7347644647523381
-0.5841638879015016
0.023794662701797753
-0.09460687755591346
0.343598681660082
0.19085697290481507
-0.7797638780253242
0.4816515179094578
-0.3829724684341651
0.2970735637432369
-0.6717085950287112
0.29312599947449325
-0.48687227772390496
-0.2750260542271401
0.8361460901119955
-0.5323179015107486
0.3370661152464405
0.9158357884095161
0.7570384677055311
0.04972087930492575
-0.5554495609001848
0.07086892737471384
-0.25037794449884143
-0.8186197697157971
0.28664801654803695
-0.6888533362506695
0.28396350935670056
-0.49967089867168735
0.05791028474191351
0.5432647384406577
-0.2022228662320964
-0.39472978001840775
0.2944334596216651
-0.6585514765691922
-0.3701360085067922
-0.6233986223020354
0.7995272619290745
-0.5419294353947293
-0.4938701639711869
-0.08720385315911039
0.14009984806031728
-0.8824947707684934
0.015175768128615319
-0.23366673140703864
0.08055492041979861
0.5084112931785567
0.9036067626688797
-0.40795771056793506
-0.31558098809275204
-0.7515343951079259
-0.0055318791773852904
0.23000761930583136
-0.6572733444300887
-0.5923017183755588
-0.8458632453346031
-0.4306793824190376
0.5386175354713145
-0.6823298583400896
-0.938556604795485
0.420754508126874
-0.7311378699430886
0.6523175789105768
0.33725739483415507
0.37099166880884993
-0.33704356103618127
0.03279561811912224
-0.6414230071012972
0.43025798777017066
-0.24402750802847661
0.9446458918364657
0.9990501702431316
0.1620161719277553
-0.6686142106296549
-0.7965308471132986
0.0566756486408484
-0.5222032665258123
0.4388776991612544
0.7768960602072572
0.7709886015753062
-0.11887442192196795
-0.6326043275056381
-0.3453836031728512
0.5421772851779745
0.5805153749311038
0.6345170763817101
-0.4340985271792195
0.8072262625493554
-0.8716057589060566
-0.2289250209550462
0.5701685179490028
-0.240169199494068
0.488037678085677
-0.10797482865780395
0.7947715604078516
0.20638140260625737
0.7067741296807597
0.6331802814791103
-0.147232305023133
0.5267295950597246
0.012286966221420892
0.834092402542751
-0.4745790559201706
0.11046315912473958
-0.36497666147421404
-0.35031963953302414
0.6599114109822566
0.3930261512321258
0.06377529190209552
0.781753643563093
-0.040308585372337946
-0.7264062938970515
0.8894700182913677
-0.8245226938623478
0.38065217358707204
0.5427800309233737
-0.8107479599839844
-0.03273891411461971
0.6764637756985146
0.605362611257102
0.7541335304923404
-0.40671995211241874
-0.75143939197945
0.844738162025614
-0.2512571142568292
0.4623245338870574
-0.5392346598589268
-0.716407473815317
0.27325547878091294
-0.6872353077054572
0.8213746029890299
0.4856400278963
-0.06592735508852887
-0.05880004279781703
-0.7745245467624224
-0.8151516062276154
0.7065068131351324
-0.08450119858919214
0.13157962110636223
0.49102215011355543
0.061874845580454085
0.5661500335546445
-0.3705872168969653
-0.7631905937224843
0.49265768269043564
0.26138281703459443
0.616623483612533
-0.7725597484110471
-0.4896715434169967
-0.6150796177820435
-0.9892883822516578
0.8996568567149565
0.2775901289712017
-0.5080331505653066
0.34919637855929
0.10414390854996736
-0.6961116910644396
-0.6854156257646429
0.7880467289045194
0.7029451391697956
0.821137820036536
-0.7811305629924403
0.7606904584933569
0.0027186360589355196
0.9905116219025054
0.09956970458425807
-0.9292112239563257
0.6394118734399112
0.4576832787540044
0.3537722401218468
0.7642659233700555
-0.06294385403613845
0.7243961481822769
0.1084049173448356
0.464845488867357
0.8082791709820314
0.5268194633093639
0.34422454801367364
0.3326727920024597
0.6234225641989715
-0.22385964912826473
-0.6639053908251642
0.7421081901046012
-0.4696658995846219
0.6702116974300372
-0.028841388528290324
-0.7380420107885888
0.6441217058680939
0.18909700002184215
0.06813109427644659
0.6704882219148864
-0.5033854375859825
0.32867685479524766
-0.3724723392129894
0.9525919880724456
-0.1073929733262895
-0.356701697135581
-0.9863018112148392
-0.6790756897823391
-0.06750910003977117
-0.545470752472702
-0.0663935805671294
-0.8262082105754429
0.5177764629348156
0.7318180160536356
-0.2857795762876987
-0.4636257697677546
-0.10346342094534022
0.14964258744926306
-0.41746174015984994
-0.9227607765681187
0.02844798605343124
-0.15125794632977896
0.29864971895772663
0.5718124454734184
-0.8092494726950532
-0.3253481563777738
-0.7138838239541871
-0.4738533331829433
0.25273750230667735
0.589709539254218
-0.7623314106939134
-0.5220439825225665
0.6913886303386245
-0.8618690134024483
0.42843878457875095
-0.4655737974684877
-0.7063199098759678
-0.2768523016532414
-0.4070723866441157
-0.9691760635710325
-0.594150710497048
0.5396554688968378
0.2197419336015214
0.9414748509453033
-0.9325515661896122
-0.3987841802140235
0.36434082161589765
0.3208100219728962
0.9443249380410252
0.41640899222880656
0.6402014321994622
0.16940717250576354
0.4451896512019815
-0.6642366754768769
-0.881271924171563
0.7131272563431386
-0.16453961532546169
-0.21926861488686789
-0.06642549977583156
-0.482677132206099
-0.5534119270022304
-0.6237171012115847
0.7583110740935177
-0.5690129377912889
0.9641386917080228
0.008181245927554981
0.5752745251880527
0.052567551252522327
-0.4115420783731327
0.7871095857045063
0.4927405820469224
0.483461912625212
0.2270279577920722
0.0365729389624867
0.21065539861104754
-0.3790624936511664
0.3761199028891604
-0.5880207424908794
0.4355298478799676
0.20260261839612448
-0.22727423994632479
-0.8573776303089502
-0.8955343389459245
0.5414577150954907
0.5769672800399042
-0.3491596631869174
0.7627492087187042
-0.574627871597442
0.8322423888347479
-0.5000294833525771
0.7021064956614895
0.5083206744717867
0.7566235917558188
-0.2963642937068516
-0.5014110043435649
0.5771657794341927
0.6206545753132684
-0.8238738530104797
0.565365373754191
-0.47166866677137653
-0.24550301476306569
-0.37080304268992315
0.25894598180778505
-0.0020668510264156836
-0.7418338743166069
-0.9698896336965344
0.4833440794755759
-0.2374632282980178
-0.3705477585212318
-0.47732830290078443
-0.8213929306526289
0.034721840736707144
-0.9057622817914106
0.5262225742835966
0.9726154055591743
-0.09235264074673388
-0.8976771328688611
-0.8461769573888003
-0.21671814580556892
0.5926894263020368
-0.47610270528786947
0.18142598729610926
-0.2358593239483704
-0.9266785765929137
-0.9607558395140736
0.4249207377390898
0.6845216152455404
-0.185044794409704
0.9419690678456931
-0.9015248209351086
0.30276523461018856
-0.9107312011291524
-0.16506065893995392
-0.004071165797846721
0.893780301289371
0.7670259875217651
0.39347466300158573
-0.5866155370284607
0.13656098573304232
0.9809558637582481
0.6432922571977506
-0.086041137247717
0.7712017008312126
-0.6547179235792471
-0.9177825355911455
-0.015461184396615701
-0.11561366090570635
0.5848742636428195
-0.01279847104836107
-0.7135694262819527
0.44271456509015206
-0.6575003047165016
-0.39560812225727715
-0.3438964297535265
-0.6836157137748742
0.4380023529195012
0.9935053749232867
-0.040784788321669874
-0.33353562193003317
0.4488196101933879
-0.5187839643288472
0.17504606932657785
0.3265636448720248
0.6337009574008357
0.7027293282929201
0.7667781077442337
0.6529859465697625
-0.7089152687326858
0.9853376164335483
-0.9158918804504816
-0.9137321620722274
-0.2716010403935478
-0.6013953554763205
0.47522930120533746
-0.022666518286385218
-0.6610112938541879
-0.2594612533963414
-0.48948635806794094
0.41643614729688494
0.12606470548790316
-0.6708506555756357
-0.35093901681516937
-0.23073032413808425
0.5536606660412717
0.003546039878142393
0.22402214850593816
-0.7848282615310005
-0.044210249907062016
0.8688251056177541
0.14567711945200612
0.3572097697232597
0.5531101824950735
0.7974750011082827
0.01952006010506868
0.20217100535635746
0.28762569488762035
0.5434494116024331
-0.794728703056822
-0.725977430343181
0.27245794264298695
-0.3940285300253503
-0.6320653348784142
-0.9825294272802281
-0.13740272640598317
-0.04888968875730293
0.15224350963684596
-0.8084872732992237
0.28739024036480276
-0.7382236274015823
0.5064618717796567
0.5670894380993547
0.27441643879110456
-0.5237493713143204
-0.9062765351825119
0.3197280561739926
0.7172166970200742
-0.08490465254842783
0.7919364135061768
-0.18338445959737015
-0.08561746020042516
-0.7236325932434284
-0.035175497545672396
0.7041462618130183
-0.37281678795578665
0.8198481340338033
0.9874825919491761
0.0840864660188183
-0.1581842477155193
0.0015352059691793318
0.046706720707573535
-0.8923868160682829
-0.9870112071703168
-0.22326277985470133
0.9415443557121861
0.3743361225547466
0.31642968565551244
0.4269990888393529
-0.698251702225118
0.16032636320230775
0.13932202807308847
0.33747724251246547
-0.01489248615591765
-0.7143706336301947
0.8467488167872967
-0.7401675367293712
0.49035579060173795
0.9060856597213303
-0.34852659223124505
-0.7467947057806568
0.5464231648936113
0.5410451688025604
0.10608744498646061
-0.9498350380701905
0.24731008543891475
-0.2376161223167681
0.07177718753367657
0.6215606076813034
0.8323726622990912
0.15777707736609892
0.8147441427736581
0.15294945367029533
0.33824049951442925
0.7052520056522247
-0.5648620044485235
-0.091935867070992
-0.19399690148355253
0.256623178036151
0.47727596759859936
-0.13260805513891727
0.055415179335490894
-0.5824789436465863
0.4753637752278945
0.16817059904205922
-0.2507607048641707
0.03298646996539212
0.7008694794539976
0.7131196514549478
-0.5486017514788291
0.5771446008540362
0.5824472970792989
-0.27129971649114504
-0.2683758035645176
-0.5046211257475031
0.6399262153913237
0.25139131809292303
0.17384731473816561
0.7165087815617954
0.693432777761301
-0.18743328820078253
0.5302211053083867
0.46486853576139975
0.16059908148013347
-0.12367671320938811
-0.12379858860983406
0.9139352173878152
-0.582380829623927
-0.4940169276636559
0.19929170053813405
-0.9823254660613756
-0.2174272609415071
-0.5612746792063676
0.5244988863929649
-0.9451652593948856
-0.8407058194143378
-0.20172288484327527
-0.6936719354142593
0.8049185227101989
-0.28699861169821084
0.6722955314298553
0.7738111899640938
-0.3397034093267697
-0.2827479671955655
-0.007381222725252323
0.4775349249379104
0.3088752976907658
0.24916281046492061
-0.19546599822657584
0.4938825758748142
-0.748811620595973
0.16328982556324223
-0.5954343952174537
-0.8678733525899625
-0.7448012202627878
-0.8020319084951126
-0.6466433382166876
-0.6159173961583544
-0.3445885301762335
0.7599957525484631
0.6993714423851702
-0.28726377505792056
0.771846146567716
0.9984783279457319
-0.47453710939294624
0.5202667054413468
-0.7481762373833813
-0.4828244272699851
-0.1245006433386795
-0.917205907872173
-0.8789138723363197
-0.77943187283086
-0.5522707059291465
-0.9280231469049189
0.2231761707472555
0.801932139565877
-0.404496285915545
0.5137080729404357
-0.6825045098661677
-0.6775302534528571
0.378601066183049
0.1850516526305952
0.5143340778557
0.7065194207439671
-0.0601395452191944
0.7483490379780489
0.23016001756120197
0.3964970431039798
-0.6584879465220117
-0.6589252175549929
0.7439499318858227
-0.5259780524442725
0.3693249802379903
-0.10687851134611814
0.6390874856669526
-0.16230687451964498
0.41002033922508185
-0.40333916188119034
-0.7016897463303058
0.30580942783295795
-0.23901794435480594
0.6658244636035449
0.5441913458338952
-0.38575323098575076
0.7876694167318428
-0.8833496826948604
0.8739721475513127
0.4983761092768464
-0.9948691442282287
-0.18241873963592314
0.4596829221736465
0.18273890654623948
0.3916367208918563
0.34570945718010404
0.37340611053096273
0.8957205102654966
0.5327855901884995
-0.8317840404714347
0.36443590225059186
-0.7276545290018712
0.8800948096474175
0.8470745898050087
0.690279565547496
0.38611516139461854
0.6442671124420256
0.6154429765430527
0.5002039931422138
0.6495102571992675
0.9447758639872275
-0.5727751407501509
0.7172505195582013
-0.980257440958826
0.012798961011989185
0.7489497975514716
-0.661095950239089
0.6727347974004594
0.14082512472415565
0.6131896956914127
-0.7592176618683231
-0.7030674995394268
-0.4498853126528566
0.8015109348491862
-0.15708704632140602
0.4409061626856785
-0.9748073200077025
0.7168620665108185
0.4996729071105972
0.22604927296856125
0.2376862552513732
0.9887969602462516
-0.615364052846799
0.48837945739785216
0.1544869266870712
-0.833229034002658
-0.5497089320126096
-0.15667409442962899
0.032933321687930395
-0.7827635912380202
0.5303655050993565
-0.469816597139068
0.9888353243507262
-0.9426989007359188
0.5136207004978259
0.6776765545391774
0.8259839692700239
0.6942010240480518
-0.29478196253609057
0.811710661756647
0.9663117480306664
-0.6937219277004256
-0.09556925754012435
0.9744645717803735
0.09991396425606225
-0.17470211549155157
0.30981997016477214
-0.8814513928879522
0.7324060794640139
-0.024031448924653365
0.4664141501036927
-0.05440738831876568
-0.007496196507282393
-0.16138534149308992
0.1581798860694381
-0.8730687000737198
-0.4896856359344728
0.4037249308584119
0.682386378895774
-0.9496809847390162
0.047580741539766436
0.6640642069890688
-0.3305067793740788
0.5987515206357916
0.11725544991044923
-0.048571200286118055
-0.5145312848310282
-0.7022647743500408
-0.3003271889602248
-0.5339096474043132
-0.6448482377157272
-0.4014192897563349
-0.5458420697176214
0.9246325309003054
-0.4605943005830062
0.6235566786650617
-0.8493582740701462
-0.3242467335456527
0.8059573137234919
0.947010972206253
0.5254939391939883
-0.4193734763088426
0.03617523235393039
-0.5784069111292056
0.40980677906963403
0.06839683711563782
0.09407870560204978
-0.7096705417594862
0.5427429275223843
0.833812556611988
0.7825725176141585
0.4100842389396835
-0.39446728155718613
-0.1619152993166062
-0.6044286357490805
-0.29064514628039917
-0.6548597289929492
-0.9481433386190639
-0.8640256669553965
0.10020572031092567
-0.3494628402760547
-0.04954848152522451
0.024698067991472783
0.543691139260077
-0.012133401785431541
-0.04790017139344549
0.46109143873303093
0.16728206337391094
0.6356184898189059
-0.45120111000537455
0.1503126823671901
-0.11444497224898931
0.4890177506856275
-0.016799904076002292
0.5484045770990009
-0.29177541172107446
-0.5716056042680944
-0.4805199098932169
-0.22074065768339302
0.09508097094104939
0.817408646688603
0.09385620619410329
0.933952516648352
-0.813961155133998
-0.6138960445671127
-0.7431231226164288
-0.9434874299433231
0.4707332858967028
-0.07291320221419362
0.1521655759513003
-0.3304132941695159
0.8034263250940297
-0.650420741274796
-0.47416429507058866
-0.22756108097761651
-0.7763730199790955
0.39737314426602643
0.44049654760137913
-0.040647416310098494
-0.03059234348749107
-0.7339920646006104
0.5002153825438722
-0.26223515471903225
0.44105508344001687
0.1051223554063061
0.4205485500467019
0.02772072413629556
0.27755159224866444
0.10586857003529082
0.641649879010951
-0.07159988206196655
0.2641087379145737
0.4636603788509759
0.11830823886637876
-0.9218887102817557
0.15066613832878484
0.09082688880946099
0.7048882635780758
0.43295241578933075
-0.5510519786807504
-0.4328365407027339
-0.13246243533704227
0.2411934681520873
-0.08815904733468982
-0.17987402023374788
-0.2627204610073268
-0.6650622398503232
0.7468712241135746
-0.2080655444923989
-0.6306274975860875
0.703862905254143
0.9756630121245045
-0.19425455252534318
0.8075182086086792
0.5895038825461314
-0.36863544173195084
0.6759824286321534
0.07330817282899349
0.41697316417877417
-0.01828172822178975
-0.2514905209156575
0.33090301548537315
0.16963548966388942
0.10482184895455249
-0.6697753505947825
0.5302399842923868
-0.40854674069708996
0.05357942654283421
0.6732707786576295
-0.3470893010662661
-0.6846216497277915
0.5270383442888971
0.09757407726671419
0.9972645692441793
-0.5523850472311365
-0.10093702051100584
0.7070500023642794
-0.4431628608144378
0.08436146309819681
0.43366196459864814
0.40249497722798266
0.28814439967221306
0.17694076461930353
0.06875854452959107
-0.47734990133040767
0.08641325939653721
0.07786077488246379
0.3516623743217486
-0.8945144234861431
0.11230431431023669
0.4020596268386454
0.4728857624811025
0.38373005194535637
0.09428086962253945
0.4573937357836009
-0.6590294502670349
-0.41097493739209745
0.4143451630154782
0.4904211520636228
-0.6799699836126771
-0.7831855686995897
0.8023649405445366
0.1587178255168642
0.4097949244033754
0.22276421568431415
-0.837426798044423
-0.6291845589498875
0.13285729364312915
0.195335333868093
-0.34967470727383354
0.29879728641270753
0.32535052081495586
0.0673336764587682
-0.6191546580541196
0.9615979529113041
-0.7624183665219799
-0.3301389648129387
-0.36259651354184563
0.19704150971639445
0.8748867625682204
0.8598017898441543
-0.8035679395884681
0.8980835896313433
0.23045383165692357
0.5487794886402941
-0.34832562336060247
0.585167631609798
0.4352048954623562
-0.666583214470974
0.6466792387955345
-0.8882438915340993
0.22645127108014096
0.21203649687717707
0.3455989190393065
0.1506991849500876
-0.1331799197269119
0.7888914943590399
0.07513318585622342
0.830073605979166
0.7342662776525231
-0.285693651732817
-0.5313223442125365
-0.44085219320982194
-0.6538319837456397
-0.25526767145871876
-0.9262917467049101
0.9297458518240611
0.6964339776456874
-0.485411380576265
-0.7216175299289675
0.05924273832302962
-0.7170851954677764
0.43869363457660615
0.13951465569616572
0.9578626647995481
-0.589190905953979
-0.4908461066015575
-0.2304573114536328
-0.8013164535610515
-0.41349834495096793
0.2958783792619115
0.7003383935280609
-0.6908374755810089
0.12103531322012206
-0.18864626133285234
-0.8306479022134559
-0.25560094306587433
0.7251089600727585
0.9876808551881384
0.41623248680761926
0.09135453952496375
-0.5296436463309979
-0.9296833815382306
-0.8272435355716112
0.09130818804216667
-0.3815677236422865
0.0779328689243235
0.48559969130999736
-0.8606101017738592
0.0025925970522935327
-0.09571253264256119
0.023678285088285955
-0.13017629277122622
0.16781446642607767
-0.8456729424593139
0.9109213215492966
-0.6358879753446007
-0.6222338234074232
-0.9947592555479805
-0.14571952255428622
0.12244241433313752
0.3072688989745236
0.10774445967633883
-0.1582396977478837
-0.38526507861284065
0.23100928020355083
-0.09088341075615558
-0.02293111080122734
-0.9855759702577906
0.02563173299176502
-0.93862372607462
-0.1510497543898104
-0.8624768403461376
0.9534843717952268
0.46633926472653675
0.7788046525491423
0.7039796797315672
-0.1559436409302839
0.7820811332845024
0.3419197110333425
0.574157273416463
0.9779550138494162
-0.7873808601306038
-0.2930165289457314
-0.09011102169910035
-0.6888824793506745
0.36753364064225513
0.40518413366235473
-0.9524114966311483
0.42895606683170673
0.6882164951546357
-0.2991704931755834
0.513988246289885
0.8556558501970604
-0.07549902834096134
-0.09717935459130511
-0.7672736870326848
-0.03191621365588415
0.5743116533096402
-0.5113486154193227
-0.23775793055228323
0.824884776218701
-0.1993425576552481
-0.06353531597756579
-0.8384994931727792
0.09226809376162359
-0.29654138117785744
-0.593320039755076
0.5998292815785848
0.9041128114766579
0.31370114094818
0.3268104892553043
0.025965152042464412
-0.3811829433984595
-0.18007858685997524
-0.3535485912929428
-0.09512644161896877
0.5489708659641608
-0.16197133889285364
-0.9927907706290771
0.9808570997381107
-0.9319898019848931
-0.1082934642543083
-0.17735724856812718
-0.6168143795961214
0.29914842887257387
-0.6481221659388796
0.08197864944713973
-0.7879437152227751
-0.918365945233645
0.5882936435171686
0.8765376613865932
-0.5388494590708013
-0.22021884858477847
0.20454044455648512
0.3782301154037242
0.16186906445421
0.07556852340799769
0.9456397418016211
-0.8082530273191131
-0.413675000088517
-0.8453066900535735
0.6065182348330898
-0.8328858007334448
0.8255054346016608
-0.25036831640514867
-0.4473392939045502
-0.3810601650386476
-0.4276278604201964
0.4699954350787785
-0.7680074803453683
0.6812084921103412
-0.9878098202177394
0.5072082703445475
-0.6191496838467299
0.5748938341228715
-0.053479011611991645
0.4565697915594946
0.4092643696380198
-0.400623106185541
0.20942825205920013
0.7635538205612626
0.06262457319924475
0.6110807430398322
-0.8100260542653255
-0.34969691733554287
0.0025285994235573206
-0.6773451535168193
-0.7646159955569221
0.40871284941816977
0.6482688113245083
-0.4418159943888489
-0.6101114766968876
-0.9934358499243983
-0.46737684835829163
0.34274446269735526
0.5781410392720652
-0.43505521968853955
-0.9000159919724975
0.7639844554944004
-0.1777950779171027
-0.7808674055939289
-0.31467229599883595
0.5866042178078645
-0.6429708326313615
0.3716376821058345
-0.5915315407826089
-0.7355321173929752
0.46357033015616356
-0.3029171049314643
0.5759581030789225
0.928180147952425
-0.4944360659597
-0.17592574752331558
-0.8510527557390812
-0.9468511579668752
0.8273410347240988
0.08394507962000342
-0.09522026714345833
-0.5181062549574269
0.775210046040556
0.9606314643381535
-0.08418679970107368
-0.551247193197546
0.15778362739572005
0.7954309392374559
-0.4816887996136934
0.7641798932738353
0.5910081369498321
0.4214239533304105
0.47538986253280213
-0.5573339374050807
-0.5480534470362357
0.5617447879633188
-0.7252083863805892
-0.9390598219759203
0.3553953449179095
-0.32977066802444566
0.8749268354595134
0.05401653435296794
-0.9512259940776104
0.37064341105293597
-0.5446192552541989
-0.7107298783958402