0.0671072780679034
-0.356894730834028
0.8651683060951278
-0.05825263254962754
-0.8441605028700248
0.9239208162182428
0.7870373969908406
-0.34701399029130275
0.8191491867984386
-0.3402586118417503
0.022651298366274997
0.22394433491287558
-0.3525174431181435
-0.8463310172659111
-0.9268488276292657
0.8358301932757846
-0.11193140879801966
0.03336494680001234
0.21935887354674732
-0.626508590495789
-0.47879785998297986
0.21197101521071104
-0.11005106689361122
0.3049532945283877
0.5780170207719901
0.7389411206780645
-0.013551620164387934
0.45654701593072633
0.7004428324776664
-0.5917565507528817
0.548952146899061
-0.7843955484567575
-0.562719440130738
0.3979820409611621
0.4706873873339834
-0.9966413771923641
0.1608868234409806
0.417294312119769
0.9762795761370813
-0.7458365826885498
-0.9608368318446117
-0.11400557856395865
-0.10909302067594484
0.4780163781153557
-0.36179598257233536
-0.9349966412018436
-0.6375866282403313
-0.41621883685223326
-0.6442139841832901
-0.30509802573493516
0.5403879466865116
0.0832155508190362
0.8144348681934188
-0.10542037207441246
-0.7891014639251193
-0.6434147455435282
-0.8593337923694995
-0.07943200425624752
-0.526029687509888
-0.028813086073685712
0.10931952079158602
-0.21703388438977167
0.1760000493933127
-0.42756652519510596
0.4444906288394963
0.0398056166778864
0.8624056601250145
-0.6286385244567876
0.8800411916393334
-0.04643116091699473
-0.574533836086702