-0.006859615513456374
-0.630132819031102
0.5753914314823911
-0.4892088987631782
-0.5025801189328105
-0.2955682586596178
-0.24542844836853162
0.09842349561118469
-0.8544788793878835
0.9176247492464784
0.639196893932785
-0.47464904309584655
0.5738036347338313
-0.6614573173437448
0.5373872721464679
0.05599693320175869
-0.9825560819074453
0.9519218337387967
0.15968845037916624
0.23250997754764402
-0.3298719120526783
-0.521244679360866
0.0904171704773149
-0.6129865345235248
0.6072704107408184
-0.2691322186964513
0.19979294832083871
0.3090248639849864
-0.3522918362457157
-0.7999000636339046
0.4583324489486995
-0.40523521084363945
0.5362563269188931
-0.9715662982875415
-0.7278672932033028
-0.02068331897100717
0.8975291458115369
0.07774021791178765
0.8784453526944533
0.6688859665247036
-0.35636220175071487
0.6034934824728335
0.8091834781583875
-0.03993638299702784
-0.008482368401316442
0.6561033685543514
0.5594962307856706
-0.7124253043397266
-0.1747911387899599
-0.12490111417164185
-0.5770769475971795
0.16695296313002372
-0.8308519461084538
0.9697667268280747
0.314544557222616
-0.5832070461549343
0.7451567949358813
0.609402946191989
0.19043698348831817
-0.417096381053367
-0.007955919845376691
0.5249010828194369
0.10314730588651289
-0.3319290724741897
-0.9305607133305651
0.4316070805483285
0.6091719466372489
0.45865142966523575
-0.4429665660481301
-0.9627934679015386
-0.5489038282008702
0.014267457063163125
-0.76069256964529
0.968015421984981
0.3782162540673124
-0.947426456581828
-0.8719493578324171
-0.7429729190105112
-0.34710224099784504
-0.6580314659873536
0.5298688315746725
0.6988705351776203
-0.8980218568952345
-0.29466515056318054
0.2753960826031594
-0.003600611599210435
0.21344553026714674
-0.48669617603855553
-0.2356147052635671
0.6632017947898874
-0.7402464180587707
-0.28907622512853526
-0.9686695087856376
-0.9146025963474651
-0.5043312136412292
-0.3854738591667024
-0.41490447019512344
-0.11945808461902763
-0.5683546447992356
-0.26285084840069506
0.11018280175239714
0.05456384650959367
0.9032394680881428
-0.7080146124614142
-0.34853046537614385
0.735987678532495
-0.39787516194028605
-0.11541986965950435
-0.05279999214412512
-0.21566478364888964
-0.5606712626063011
0.02191587004169193
-0.6327038703766168
-0.8959834644033433
0.9320525462995939
-0.5679769517256725
0.2508473024654765
-0.07952267133677426
0.5061078580999478
-0.2938269303360146
0.6295211529635332
0.4823994137291543
-0.5203434429117475
0.21240840356045387
0.9615587251626032
-0.39441969575288494
-0.5603747356885143
-0.14656430102244178
-0.3127332187786298
0.21509352366103385
-0.42782539434792954
0.9936098465365539
-0.12007704465061919
0.8594010123354185
0.06376833551592997
0.9087678108664119
0.7005845023118431
-0.23075823371474113
-0.2415597973873156
-0.5969706173076856
0.867630028642105
-0.438135797236316
0.8628046272734076
-0.853583574168699
-0.12883139642980979
-0.47936388527987894
-0.4145570628832753
0.24354256112161066
0.1797908189759636
0.6220983705658638
0.13331676796284575
-0.1337765696283777
0.8038193998786956
0.7948643457065532
0.07571995177796897
0.5111364346211695
-0.027340519041140432
0.654357311709445
0.8901794783809702
0.7796357173231157
0.5185808606849194
-0.9541727417393036
-0.6965378483399287
-0.06200677011126832
0.43580040850790924
-0.36441940267832673
-0.1394807498487345
-0.977136707458458
-0.21345083275946553
-0.7198884754892678
0.5954402680289361
-0.4623006522314448
-0.6104744689074324
-0.695589497875807
0.6801885500326228
0.7339802015451435
-0.6475871896002092
0.22652332304361789
0.11158941413184342
0.5258216551969932
-0.5534139044663888
-0.7826468592338558
0.9158259895532084
0.5963534155037828
0.6556149024804432
-0.899132642559308
0.5458424957551442
-0.29538586887860085
0.706021777112444
-0.356944898713915
-0.7198507273822348
0.5215543617794671
-0.7067397635022206
-0.16572255701957195
-0.6755955809780043
0.5959084022562227
-0.8483558127800299
-0.12335018350735028
-0.379558987904846
-0.0522462819668037
-0.40335350208047793
-0.8993438069883377
-0.4343222410365204
-0.01683001457153277
0.17154204316490507
0.6810932587437004
0.3614543159856063
0.22059359054187477
0.24266799240516312
-0.15772273491077993
0.3810973846498342
0.692277939048292
0.744228344195901
-0.614402015167216
-0.35734510352182713
-0.9862941982433315
-0.6695027065127594
0.2049487618069623
-0.3003873895943221
0.14244520432676544
0.9344658972356892
-0.9961665302001961
-0.6450779732956777
0.26591631679378835
-0.04877552888233194
0.9331154611162542
-0.850311890661474
-0.6974630117656171
-0.3451510477494255
0.1151559707492329
0.70399510372598
0.9845806784297677
-0.6335825336082057
-0.3676670500578012
0.15641384716503337
-0.252515751547175
-0.3059966999446584
0.6935428390777947
-0.6021075410319541
0.27642757152607444
0.12778099293052558
0.4622628497633474
-0.6478468128099888
-0.5179338827435556
0.9706983713500144
-0.6650965118043308
-0.7282046476614665
0.8600433303226336
0.6809107941469903
-0.6462935425444623
0.4335303474901091
0.7438776623069185
0.23557652811699636
0.6555478473368967
-0.13885407540511574
-0.9876623554557571
0.3865462838883049
-0.49908253088688315
0.19799475916833398
0.3691368241726909
0.6940579077348472
-0.17820363665488004
0.008144386241879742
0.32106956518831997
-0.9017805650969368
-0.24068038922776047
0.8451669346656447
0.7770033474224278
-0.8307783154095669
0.6000088695556474
0.6340397572966223
-0.4412904108435296
-0.06300864936175454
-0.8178453398468564
0.2504308157830393
0.8304086723665542
-0.9149807751833412
-0.7461575819079913
-0.5049396641295287
0.03321721056211402
-0.3033253716929105
0.2634036733299914
0.30737042287940497
0.49722501760278703
0.1013987518003665
0.9600483048323436
0.19487288293025262
0.3972878991545139
-0.18719710545266044
0.12016700440393957
0.8425036279154319
0.9527581137316417
-0.3326111723335696
-0.7531010282826331
-0.35489026077330155
0.7918311339731436
-0.491400538489122
-0.41834266178403423
-0.12000722171674072
-0.6813954834224465
0.4646437320675334
0.5049137130560517
-0.06126713252879479
0.32718304204568205
-0.2341371127496017
0.02989873156366052
-0.44564893578137244
-0.4144165291268902
0.7060549297703247
0.23548574940914313
-0.4085613515318747
0.7258914510778622
0.9415664481090855
-0.906300474974046
-0.7928653506845655
-0.5705791412872017
-0.3243139408297244
-0.604043987641544
-0.33360596294160705
0.7536469043760678
0.6223551569835963
0.41642437409405164
-0.904111039090675
0.0437314458464495
0.6508419041030409
-0.14928606301412728
0.6718836063695155
-0.450130883400504
0.9521835304363011
0.8184524300152467
0.13881009279803025
-0.31696075025564174
-0.13866931864441656
-0.4730229681099871
-0.4521831709097881
0.7770247009983513
0.01503551687659832
0.5964157176254423
0.21197653809390737
0.3273202669412829
-0.2002822390669754
-0.6634502899766987
0.9949932537482236
0.49573947957033804
0.33831005856810226
0.08885702648661664
-0.5032382035188476
-0.21582439294222056
0.30528246336689757
-0.7368347692997885
-0.8483368034580032
-0.7596244432134236
-0.2765669340062349
-0.44281610681586536
-0.6336299252888475
-0.2200537718461253
0.5526344125149965
0.8498227629382638
-0.34478706603645515
-0.5658670843286604
-0.02298283085407893
0.934998767768972
0.09199616705802738
0.9523019448781984
-0.17629058261592023
0.8593414028007895
-0.6518115479184223
-0.8578695427745089
-0.9552298233992256
0.009976603690139862
-0.05635377344241976
-0.15399090629173195
-0.2941957363085481
0.20256953947898304
0.5480622888103888
-0.9270481976231182
0.37444522682511905
-0.8935919016899545
0.3844596967006495
0.9204943204153666
0.573599364672585
-0.7319741523881267
-0.9786889650509092
0.10642752257845056
-0.7111521977286424
-0.22856967260680205
0.2022792952336272
0.9840403990513129
0.8318861438828251
-0.26911405663107146
0.48264112285178884
0.9832814644812224
-0.4640028941835055
0.5817409881544227
0.971897831405951
-0.39374445791293766
-0.01059482981825921
-0.10240884766297409
-0.5722020886655081
0.20609655969863638
-0.5975112349729796
-0.6430270570512879
-0.7431702461063567
-0.0681825630901125
0.13766444475722972
0.7069726135635424
-0.7751244757585674
-0.6617020475315467
-0.6174670195875027
0.3334835031252672
-0.10027577295451628
0.8945232242418104
-0.7882601886741518
0.8839701303759917
0.4332018099001962
0.3640023785571431
0.7178902487055172
-0.9243198010648976
-0.8465563072484483
0.8791543455849222
0.9329432121286072
0.48225828541901494
-0.4775093880093131
-0.9212446241322949
0.3750379529071268
0.9834640574145712
0.9258220713659218
0.46334850236799663
0.49466091498387943
0.5605841999936372
0.42354427793654237
0.13562958691947768
-0.1534975807730703
0.09964991871091011
0.31391061835836
-0.931419075730513
-0.7457343116511621
-0.18956007342556025
0.07462214537788547
-0.7730851910069525
0.7121493964114858
-0.4828398882967271
0.08201150351607178
-0.06616170941881672
0.4589214279374412
0.664518178733428
-0.20716075389053024
-0.2816456801175795
-0.8149121792726679
-0.6662825838579003
0.15094281155801847
0.6487143428237598
-0.8021341634410821
-0.951233332861678
0.8636393304807464
0.27698762993330694
0.2552965986416429
0.20866479281839045
-0.6768992982693485
-0.15376549163188624
0.06990999737209758
0.019960862784915046
-0.591342822600591
-0.7815148971759174
-0.947564752663645
-0.06784007768623601
-0.8821841298433626
-0.35786808528788416
-0.809549801776182
0.724186675563437
0.4317279892479162
0.9385311134137948
0.8860172013637606
0.6789239833269336
0.2550885201366475
-0.917351781877179
0.6022442049849497
0.8004793914675419
0.08095104631098415
-0.44261381629005636
0.6272033901588405
-0.9661661417138092
0.3292055896996078
-0.48396682745769937
0.09736841992346057
0.051562055711881216
-0.4488363413390666
-0.7698299816987797
-0.48476331532011563
0.5915193524200488
-0.7212192583975316
0.900848457833159
0.7762250424344039
-0.7681004792940507
0.5424264661698583
-0.37701055535585826
-0.17313984232820845
-0.03137701281542271
0.5160379040771554
-0.8383495752092798
0.10463349125522647
-0.27763043538446164
0.7853787582341425
0.40014622901255303
0.22379364401561408
-0.04815282188493164
0.7032143603621146
-0.14266487641723824
-0.31772006271541375
0.5230662563162993
-0.01321112404447855
-0.7741376340565373
-0.9762080921180918
0.5341790639800121
0.1248574160895295
-0.30093463863314307
0.919813944154779
0.34858772590734977
0.54477765003158
-0.3840652482474345
0.42432756194438426
0.3213650690807257
0.525169767702397
0.2437814151754636
-0.8070522201281263
-0.7821611793840697
-0.8698425887192365
0.77101525548228
-0.5870486155625811
-0.6272665058802864
-0.6449977389654962
0.3089045561628332
-0.7912151211138423
0.7595308479063809
0.5340874266751139
-0.14924109408762298
0.5196877379757379
0.12143793154959837
0.05317260182012773
-0.6820438981469885
-0.06720733548287172
-0.16312586788297834
0.3950531388849712
-0.8940324805538187
0.4950423335971801
-0.43892609595355303
-0.6975108396379253
0.11735891390135356
0.9373625048449423
-0.7960831490360147
-0.40627468367564923
0.34232157475201896
-0.3366953178621612
0.3848762264965844
0.5018611985164039
-0.1278142227624648
-0.9818715995750447
-0.5545681486482759
-0.15506854954254257
0.3477153299545308
-0.9620336220306447
0.40401434949435666
-0.6070299060615081
0.7386303370375604
0.2999089938968633
0.36833112432654747
-0.8935141217651974
0.0477282726908983
0.7754379929370667
0.3626721824344694
0.7952227425785239
-0.9911561129874078
0.6130096709124015
-0.912548118327899
-0.10912102566417348
-0.599294852256294
-0.8004824990771073
0.05252161602825067
0.19428283895363196
0.9891444726725473
0.135450950666119
-0.6117477767644355
-0.1526692343554199
-0.6258056076905192
0.9779969334095284
0.18671036625490722
0.4651106165682375
0.48260879313777694
-0.1963905989171293
-0.22804935750429212
-0.3756524618742354
0.5855875623192501
0.3075503394134209
-0.1685352993654461
0.16555764037613896
0.02592767637764637
-0.33365274958055635
0.8933583441060575
0.4811470723819733
-0.8052036496013142
-0.35377539412248904
-0.3383969540002072
0.15385636740505193
-0.09410966913050722
-0.6090572410838118
0.5842147218461504
-0.12453485000217279
-0.003691676368218433
-0.9089040524537169
0.48135393649464464
-0.8681685148731151
-0.7954659314114472
0.43615705730370813
-0.24417431153563518
0.782970285116545
0.6066398605591732
-0.7203487408715077
-0.41332309283398194
-0.28962655344818344
-0.15603327411920076
0.7614100829203372
-0.37427760814376554
0.8350687109756656
0.8368979472948102
0.8574865372508662
0.5010192891053566
0.40021278008372096
0.8836429053371555
0.29620615946126727
0.5966595792326088
0.09471817627799961
0.6274859431926003
-0.4235057771288404
0.31259165523847265
0.6165884758620626
0.16260287839013343
0.2058361120362282
-0.7952507718253325
0.7625158305714945
0.45879587930279975
-0.6588165408956606
0.20916131497036328
0.2933744761762438
0.16397005597454295
-0.02671739979870691
-0.2104652962694964
0.19166781905756425
-0.6071995755759898
-0.2629849288496271
-0.8637810886644166
0.16945074732187382
-0.42517073070402156
0.032145104005959046
0.5378409065791907
-0.3796493142811228
0.330963937997675
0.9656375742111547
-0.46435997635479986
0.4291765849767324
0.511393607063632
0.6230777792635114
0.5975756366278993
0.781940578914802
-0.5874879782692863
-0.5243033036437657
0.8280528008072476
-0.22447623716393883
-0.1030935045741248
0.30921592920775587
-0.5778948354100479
-0.22969678130887328
0.39523250064181803
0.8313797130377885
-0.9033330012729925
0.027490190080985855
-0.36819443278405495
0.9236368017451158
0.5965720413312896
-0.43132296125008396
-0.21355738204169072
0.7712550976682246
-0.1627489084526581
-0.55924166385775
-0.8814852714586769
-0.7803084443769697
0.4317130519694583
-0.8161715224267416
0.9606565450765281
0.07561909712149273
0.2495963191191497
-0.49443724149434076
-0.19074229354180883
0.9196512162772554
0.3431325469032789
0.44865240058361544
-0.6947847486382386
0.28502671682246405
0.08146996395419426
-0.6629692649841141
0.782711124974367
-0.18222591618088457
0.9546632640344881
0.5611247118261027
0.8116272243613862
0.44659262693151835
-0.5453378619546749
0.17346417241792444
-0.03889199669975296
-0.11392524682299077
-0.26831042099239566
0.5491202622705169
-0.4435807113419079
0.15521801946643543
0.6268930245840787
-0.008887291594740443
0.08900593819833813
0.18497352788086685
-0.6597354908775155
-0.16416585281485396
-0.886256647004767
-0.3717490401431882
0.24906737502543552
0.8680441316298353
0.8599232638202443
-0.9950518142927114
0.2663434072366666
0.7059303177179987
-0.921752413419912
0.5128286267377165
-0.3773133206408146
0.4970264000010671
0.42603158084474413
-0.6296086859350474
-0.3748099799732403
0.004915348338199177
-0.03558926247095062
-0.19464123470702277
-0.9781325676351114
0.6543601786111592
0.7404716218913898
-0.6920765019405264
0.4839429621074238
-0.3648974624143533
-0.855695581306932
-0.19440540259632777
-0.5071800802202331
-0.8395016212927047
-0.9350538464638602
0.5695073290182195
-0.8897689816098762
0.8624383833667175
0.06444495050848187
0.6307401438692724
0.23500978246137572
0.5780871429721708
-0.1122952703062503
-0.27204083548238467
0.7747552630579055
-0.7276252860924055
0.04033544416732271
0.4300991067336397
-0.686693316889039
0.29886238824154465
0.41964179535637847
-0.902240080086675
0.6445088978336093
0.9712373305785931
0.5291815429864384
0.7970811746493511
0.3370360841629898
-0.43944282363970344
-0.11502157464556095
0.5562903038948637
0.4089014582559587
-0.2687998176094335
-0.9507076634156191
0.1598084063619456
-0.8978680021293477
0.07476071876588719
0.20321218346949488
-0.896732866555012
0.6367989379696786
-0.5499619003653757
-0.03206078430043191
0.9081999021401341
0.30670649879613454
-0.1420581545487658
0.28253914078044295
0.47290970667205223
0.5603620606532853
0.5096943660921385
-0.2740872299939221
0.4695292860729292
0.25359086902992534
0.3518655454920967
-0.5737206520835929
-0.6101278854302159
0.5334644645446449
0.2676847659268413
0.0795744684778974
0.9713385352417743
0.39968176500465336
-0.5432885990527314
0.49002329740358586
-0.8914217411229708
-0.14722159810990654
-0.050270742791942435
0.6192463658716005
-0.10771258429405006
-0.7498226177210043
0.9662171191467928
0.9985164778278033
-0.9462230004165697
-0.12204954841169391
-0.9020711828136048
0.1671673269200975
0.777024342528541
0.06704558973551711
-0.8917615362346647
0.7616147833316287
-0.6518026442599334
-0.0475643495470941
-0.2651336303396954
0.8640700315556269
0.6725699878609612
0.9155245072991658
0.002069956200766443
0.6317847456628738
-0.768861471983483
-0.21359353168051398
-0.071525833267579
0.8716560304791106
-0.17602356462849822
-0.5601549316846564
0.1638873776630716
-0.7343907771622114
0.7114203709836058
-0.16460650626712758
0.6708629591416431
0.6828040277086611
-0.3282685399705765
0.12251990622448194
-0.0008607243314537882
0.004718718197598726
-0.24199398581343545
0.16542637956281303
0.7128469460380336
0.6971217189362922
-0.5618900026735252
-0.29150835241291273
0.7328966800790901
0.7375652406857323
-0.8494238204094069
-0.8950734265453777
-0.9277451040104723
0.23737054595984897
-0.07675273965383811
0.4775289412155197
-0.7967762826366356
0.7338474761036222
-0.06956572634813885
0.09262458175522248
-0.4999251869021344
-0.9461930825204068
0.5151783522021802
-0.3268066867932191
-0.37770457091475906
0.8269310712634654
-0.7205202714180858
-0.5871663228824848
0.499551831773436
0.673841805104747
-0.45740631614532945
0.9308281536885099
-0.988918571432706
-0.8773006740086637
-0.4507458191440805
-0.42908809344166743
0.27837991628832226
-0.3569520062212861
0.6862409434885184
0.9364387086463752
0.6277615570278572
-0.04423271794847028
0.08905409076610593
-0.4468507884667732
-0.6339086410546797
0.6096457956139256
-0.012239432415633633
-0.863028973225791
0.2546989622574962
0.7682346167484992
0.9472646745561497
0.4988377568357636
0.9508378419805537
0.37175561531008383
0.875216348397039
0.6437964155378417
0.9130945534027859
-0.5152314305055932
-0.3243108790218192
-0.6134600220046464
-0.10587939998896823
-0.0834067947090722
-0.1432006749413297
0.46464968753148717
-0.7945426660810146
0.5047182801473045
0.4410588164520113
-0.5880077709337175
0.8300652823049717
0.01230790273161042
-0.6848830921607398
0.8272484096905395
0.8596696732042863
0.20642969551452794
0.7914063654529859
0.10558650667418457
-0.9449167983561031
0.8663429225402868
0.739477327274723
0.2460877101281378
-0.5809919788512006
-0.8463072707865473
-0.20910989899417332
0.5923376242015563
0.40514921244705127
-0.3405940689208904
0.5810167076260067
0.2778781280572782
0.5257705025055481
0.3625556881863401
0.4744621846275654
0.17868122559963684
-0.40420258988461444
0.22377972572110827
0.036673908331355864
-0.5992364597256858
0.7342539390140455
0.663829223034071
0.10230667442142449
-0.39394827626465423
-0.9282192290035982
-0.016714132577932528
-0.9038000804778055
-0.7214498939741101
0.4991735627570304
-0.07477601696955549
-0.6149269740209058
-0.8066435851649059
0.386968387064192
0.3114948837046665
-0.651645007930721
-0.3109081625054817
0.9059776808015865
0.5086539364611395
-0.6197332755691216
0.43072994257979524
-0.5107286493561933
0.1724526657152181
-0.7378802015191819
-0.07966118785463161
0.1432420519357558
0.9870226576148704
0.9844335210848425
0.08725514269043999
0.6930010575909991
-0.22956329180901047
0.486190163213601
0.1976470957697778
-0.04888508543972714
-0.02066313847252199
0.28697441009946
-0.3810041661189749
0.5120058187063852
-0.22289621100314272
0.6507797257493333
-0.6044208491033611
-0.4038609359085059
-0.36533832053500026
-0.2336629907973229
0.8822868555489112
0.38064908937233644
0.44428518956786633
0.32453904179789395
0.5283101601799407
-0.20627342814341243