-0.8382211657867891
-0.13946374756967517
0.5787358438035775
-0.3926770183034709
-0.45395166125014685
0.7360710670151105
0.32782481873079594
0.779532225288577
0.19877686567391994
-0.709364028501899
0.6576169957288143
0.04268614223852785
-0.6611651159045357
-0.5245872383226802
0.9339791514318432
-0.5437746343251719
0.544565495804572
0.3613092967749447
-0.9015127636365594
0.24165798271009065
-0.15457908446546043
-0.831877926702645
-0.011905109465238928
-0.59775598312825
0.6372071875274943
-0.9759123065124997
-0.3317735271768789
-0.8547928331861703
0.00825513911691278
-0.6953184808941988
-0.48639428255205286
0.8623852877962943
-0.21372274571716576
0.2463811277290664
-0.25869967013681827
-0.4262006351257188
0.08968563808210406
0.30187931819408154
0.23662007262776763
0.15216893026566902
-0.6856175100608481
-0.5948836201963008
0.6243925282537748
-0.4715920165020868
-0.6932936671257575
0.4029049358000205
0.2537252908061063
-0.6547801156127797
-0.42987400326586545
-0.31701938842495636
-0.8994110955783914
0.3393939889561055
-0.5817523996433744
-0.8780461939323603
-0.33994635516789806
-0.9216191484015583
0.3622995087687011
0.12454303418009127
-0.3336055188666567
-0.46668547360782586
-0.49262448682191606
0.5863704296817986
-0.5690292667654941
0.21998574912572777
0.6864393453488891
0.832773285924888
0.4880363928999396
-0.809025598098031
-0.7443914605723134
-0.11627111265736079
-0.8125982107201104
-0.03747529991984577
0.6043574752534757
-0.22084816926163153
0.05804707799594189
0.5905941827435748
0.1268500459509454
0.7263801461855839
-0.5076202928454947
0.795689840639316
0.7017613301155328
-0.3600824000998295
-0.011163100095840761
-0.19468699889066454
-0.31874007781202507
-0.5615204010298824
-0.9133455824694336
0.6139375820813442
-0.26045938126268586
-0.43907437699917873
0.26967999563251954
0.27093824099416386
0.40884468578741884
-0.5765398649370355
-0.8344456940000506
-0.4997952985622163
-0.01615789866441153
-0.48010994199874135
-0.5690107858896523
-0.21943043978605314
-0.094806730500264
-0.6697310204677269
0.39412937188033803
0.25523520063314686
0.45011441799696605
-0.7578389839757249
0.5560083072912945
0.6178360002962575
-0.23117838251093548
0.1631824552092338
-0.19869639677233653
0.5742211142067135
0.4477352743267027
0.11845979608653967
-0.19408451879382738
-0.08240377221007367
-0.19323466039120807
-0.34998421073639197
-0.2625607724819352
-0.6418829338699745
0.3765188018285146
0.05830636061224892
0.9042282959119903
0.056285509344058404
0.18636964273513312
-0.33934300949110496
0.8017744831767284
0.3664903998384763
0.06420226376617855
-0.4654410164038123
0.4756970501749409
-0.4077491505629933
0.8450940315697002
0.936762427369072
0.9612549808381927
0.5932143528869049
-0.6108212356686282
-0.696189893156284
0.3786455420025947
-0.17483916511725872
-0.7390740680042849
-0.431393757467716
0.16846044228341572
-0.5021645009750793
-0.271263311640336
-0.675809949570312
-0.8968561473833456
-0.15463735236451126
0.016714349207745505
0.4184055072600892
-0.47537302826594163
0.6710569917026545
-0.12810994048315738
0.9262464850957239
-0.8350831316899447
0.43386865929245855
-0.04716554852380739
0.7615465817788645
0.6463840342779301
0.34347868405420323
0.578293600280589
0.6354086636292402
-0.5154608855943448
0.697519477260186
0.6999307227623226
-0.3018974139770645
0.7281831857325536
-0.5250721707306663
-0.9148523814194427
-0.8476114960278682
-0.4791838339870811
-0.14219128480788545
-0.04532014130267381
-0.9655117157609734
0.41599034325571815
0.7547939901745564
0.4739076070682322
-0.8844971071289884
0.1680796824972719
-0.8473888448312479
0.3328543199893004
-0.9567245026497064
-0.2532304032167836
0.0082943417834771
0.7253004168873054
-0.24637536013584116
0.3440140496643338
0.5684913282083981
0.11975071648463964
-0.017326079632378644
0.5764103722902683
0.7903783013367363
0.9006306987552091
-0.33168679094351616
0.41059429057487207
0.33592346970654097
-0.1677373843748966
-0.08171335621215992
0.1810065984377851
-0.1735282515192067
-0.1892908835675824
-0.3329919694548973
0.31697885397253156
-0.7073155937466398
-0.36408216543393146
-0.26268038739910904
0.6210781546778352
-0.5593393412285375
0.2172918248886544
-0.9883931718982961
0.6332584014816933
-0.40099019412349834
-0.8864627007875971
-0.8405096298520294
-0.9714237490268762
0.24809139530000035
0.4028890533173626
0.934635599183735
-0.9456816942349973
-0.26274247477853097
0.3850423833823955
0.2893684186541319
0.5507656507525096
0.9195021841535733
0.4644181861830754
0.8336510087790421
0.5219861797608683
0.2995925798565575
0.5498806589454748
0.6960953873886273
-0.4709647190078965
-0.26337949821272955
0.7933112442791017
-0.31097374828856017
0.9257559045085706
-0.10615322162258622
-0.3130463619143167
0.6012288780143766
0.5075608324221901
-0.9055035971325112
0.8724612170705455
-0.8227989916660263
0.42198839307724034
0.889601590907118
-0.8241002107749436
-0.8076513866231074
0.1923388983559653
0.8974306072645606
0.8004762817953466
0.04501351566990941
-0.4869060857794276
-0.2512331622147037
-0.4778912017430108
-0.18199903450003418
-0.8769394688984993
-0.5097336589946291
-0.48202908597622685
-0.9210685644224466
0.9418819178350524
0.013979064257934715
0.4430707154932856
-0.8185109978569653
0.34653305333313766
0.367123339705979
-0.9222244566172004
-0.7819279543008253
0.09535795558010807
0.9773054739516993
-0.22128040095952306
0.30084954360868754
0.852606144352644
-0.989336809225589
0.17400095505177915
-0.020093611965685376
0.9512071223639644
-0.8671310753199146
-0.09839648341552931
0.5807109676329072
-0.28648901548222994
-0.650172218543632
-0.5705630631215124
0.3256000274173756
0.412751630488579
0.3949160153429232
0.6862542550480843
0.7720178880681816
0.12418794548785961
0.32524526990375446
-0.2086629667474571
-0.5254679429035392
-0.8517103627928053
0.412545192639608
0.22499272164368977
-0.2632409592831242
-0.4201344582690911
0.4029293201771418
-0.8760981933683907
-0.9753152003957883
-0.5722686634438481
-0.78414281059688
0.8211530419869162
-0.3543052222569032
0.18338142189909545
0.3055115541669102
0.2808522354892493
-0.564517770759472
0.5159776476106004
0.7965220593655418
0.5737593027768328
0.1745625395652084
0.013765630599005707
0.8818417426906675
-0.13250383008898203
0.3913528231291128
0.8829363393600449
0.9024708009595626
-0.6956303679447666
0.8412899538919336
-0.9718019677526122
0.30564581909852473
-0.27970879375844215
-0.2592337082527012
-0.4383696776542756
0.2368904730522765
0.36756853569165804
0.9206099372959882
0.4464855312800087
0.26939875857665596
-0.43103806565536895
-0.879281766908891
0.23855006174106164
0.693980491483001
-0.41003661231079747
0.206236487316247
0.07198562570016209
0.4770400002303046
-0.6370712594745034
-0.8476533423961585
-0.9614804687393961
-0.38823314225088446
0.6267248874971614
-0.9287808404598696
0.6885577073343805
0.7379380935993023
0.509552120203451
-0.6884440229744786
0.6683543963250207
0.4293206655806725
0.18092926119707942
0.8455542560895628
0.07569822839640561
0.0730744184569323
-0.2605680172500344
0.6513576968396286
-0.20132413272347804
-0.4040275642026714
0.22474428391801804
-0.602927336921786
-0.22672793170014693
-0.5765756462462373
0.3169189543319566
0.19710143589408124
0.05883688666219267
-0.00519873770835888
-0.5364161882737641
-0.6331333886871915
-0.7320163564408242
0.6943479171218196
-0.5154647892821278
-0.3361636133075556
-0.011440101799305102
0.14745120613193485
-0.34366695870484043
0.40250817020818475
0.018340559087783204
0.532588217231887
-0.8381286334508824
0.42366661680859874
-0.7851659545014347
0.1328746831511578
-0.3831779125724146
0.3280253287393329
0.133881051640661
-0.8106006571558366
-0.6283244271818706
-0.2951656324431122
-0.6511471842010144
-0.290216564033424
0.5115305999869024
-0.2700880213016894
0.4589657148559714
0.14335888828595822
0.5189476789360379
-0.7846314111791595
-0.7650638579290379
-0.6529936468847022
-0.9710294379115632
-0.4221498210635597
-0.7800947285585782
-0.21128531117289495
0.1735874880513053
-0.5297506116220039
-0.7301199228890092
0.8782601812835373
0.2523997663880406
-0.27631861175558026
-0.42605872722102767
0.06817300217955813
0.5346462065737014
-0.9308233533234667
-0.8525273284862955
0.2690544331905613
-0.7445593064795526
-0.7297506672437193
-0.6448638356462653
0.5751495592066949
-0.8676744067932871
-0.2110250507861644
0.5858273960641214
0.9699261878780248
-0.7258340169682971
-0.18543320588802725
0.4631166601463157
-0.2723271270333365
-0.4049713028017994
0.19613368368160566
-0.07483863850736805
-0.6690825698154497
-0.9577401169832
-0.5941382104290842
-0.8497412480885136
-0.675915253522396
0.7902629360435343
-0.9398199512635392
0.0873302802598912
-0.4304649502064122
0.3269969948571967
0.8092111999994862
-0.03863061907070753
0.29073077538780834
-0.2486547181479759
0.7640747146105744
0.1753960734388187
-0.7942818376929393
-0.7628713107353375
-0.8859137429461301
-0.7299490279358465
-0.6623257817451567
0.5276618373996442
0.7302309136040468
0.13321364456113893
-0.9602257812615855
0.0075421466823295535
0.7220760385687297
0.8197712070885439
-0.6944607525796436
-0.311461482425504
-0.35451835259554065
0.849042808403365
-0.37655893364728765
-0.6582561748487417
-0.44877561090219964
0.4923790546661577
-0.0836332063552927
0.28069081284531316
-0.5528741179492103
-0.5806008991402469
0.3535924213310344
0.914537030555598
0.21367971836892163
-0.38679404409069673
-0.043600781533253974
-0.25181542789170486
-0.4299074456014569
-0.21120959347924972
-0.19418132375964126
0.9680872079939582
-0.8692391457548434
0.01604376297208754
0.47296738048231024
-0.35210271896369316
0.1495858265129406
-0.8393264717799729
-0.7655517370528766
0.259593213909487
-0.08248560327318444
0.692731579167682
-0.21027633294111436
-0.012527849579593742
0.2782573753045905
0.5565805372713286
-0.8389696812419343
0.8353200801547642
0.34332737655927836
-0.8169770020631624
-0.030769044061581763
0.6333996858497708
-0.2715220823057136
0.2929248986443138
-0.7895419509454762
-0.7118345763511476
0.012649577917249966
-0.1428673378180243
-0.2079380365189496
0.9567508518777863
0.4822349242521389
0.6427060508106206
-0.8594085106782161
-0.45297600614956335
0.28836128319768917
-0.7944059150871166
0.46278822496611705
0.6267559575995312
0.9289180939726467
-0.24880066526433375
0.9027189066159771
0.8692657429596562
-0.5293401612863817
0.9051864089323922
0.2742724275479713
-0.31142196239428355
-0.28002959696055774
0.09960464886163334
-0.4599366257906685
0.08745724965520107
-0.08206873003274984
0.8951739854724186
0.12250088484982702
-0.46427025614721873
0.40045996457920796
-0.11030103250492362
-0.5573124371470577
0.5721348420594914
-0.06813845542805308
-0.00036565091647511316
-0.945976653874937
0.23749587349575418
0.5517881987576303
0.6075381641807698
0.023342610259876162
0.8832224105704396
-0.7446153564105562
0.38677143401155534
0.5344141782532379
-0.5177661604286936
0.7175561163853512
0.4170937049639458
-0.9702463434448856
-0.9234163985519976
-0.14794364374163105
0.2132241904483021
0.15576485246134641
-0.5004156847564649
0.5716319222544453
0.49220972058458123
-0.1702192317525748
-0.8441578979873479
-0.7489211159665572
-0.7291871649955681
0.6475022257739462
0.1972263223676547
-0.4947308433832802
0.59524160187352
0.21994406488488316
0.08708559787514236
0.7000387664224126
-0.5586310974783804
-0.6010026001336002
0.41198982364291314
0.2306440969150616
0.20190256244727212
0.6151696454467086
-0.04415559408379921
-0.2954906156817805
0.5778244301060174
0.3947403200259443
0.5961220859172169
0.15413044123755215
0.31295950130284345
0.06136325694618727
-0.42869248865373755
-0.5121191520945954
0.9937543315697701
-0.016023477978611256
-0.932161142315652
0.09421426478510386
-0.4274112016681604
0.17117628713323074
-0.5810436038071995
-0.3480064339521649
0.9603323195216833
-0.8212359001046892
0.4504185709493784
-0.7297949378860553
-0.552588815055858
0.4724839801168488
0.28831077236404123
-0.7942776921252228
-0.4132118738583339
0.9015331355474947
-0.2609139023540754
-0.3924967991180641
-0.09192875906481124
-0.7671737637798293
0.509324193259534
0.5577094956203208
-0.08025913196468593
-0.3561147684020938
0.6906501737887307
0.5844119010217408
-0.26477603349324896
-0.18218919958090551
0.4411520676678009
-0.9644573320201133
-0.9195890360560193
0.03176463314282785
-0.5907216122942056
0.7988986262137334
-0.5041391857211597
-0.5351907947772756
0.2603921760170571
-0.8253044688045605
-0.9020698274114316
-0.16493856493660797
-0.24345422942546002
0.7859174603862815
0.28411923836013653
-0.37321884394681226
0.22437991550046799
-0.09027195861200443
-0.6058480461798801
-0.3279300234261804
0.980112320976696
0.10409512744439575
-0.6806902802222818
-0.3991760875777295
0.05042698687438785
0.24711313902979848
0.9597356102424148
0.39113253202052856
0.8533682500092226
0.044239595413472665
-0.9537775685759149
-0.21183827746381922
0.45510884408562746
0.7139700385943493
0.8580690999870084
-0.6136609456258444
0.2770495356729066
-0.9255119298592409
0.6973989765634836
-0.6493588949970184
-0.7632377886491808
-0.6250145030624197
-0.32822505979715544
-0.13856844928677647
0.13177463976109927
0.42553599019385335
0.32478882991139435
0.9015770043814195
-0.9695953991405559
0.47858432751635305
-0.34584019979805336
-0.954519764572713
0.5147407838551781
0.3195802027311079
-0.65390373285376
-0.4325610789636196
0.37975736321866305
0.6209314438045155
0.5182681716448105
0.35716204056810463
-0.39269972684703625
-0.7113996562085054
0.8491083704378548
0.7171444888197716
-0.9695398318003192
0.2125875803034245
-0.9178071467665629
0.540269212447068
-0.08708601127047788
0.03564518850261322
0.145405938638151
-0.4816980964510187
-0.8401658230825626
-0.6263186284745255
0.7761947367220039
0.6387173754285285
-0.9147932605099958
-0.9201012711349659
-0.23210458959285507
-0.6136891021215849
-0.17639294322067278
0.9791355511330451
0.5176867937461609
0.3870981855251321
-0.8272629399276832
-0.2884671837372159
0.14991309425560306
-0.5298092267801562
-0.6342143268996647
0.1849176023284791
0.3787069374611256
-0.45723970426492944
0.09090476342859599
-0.47673793493015504
-0.6111871675511857
-0.4007210678931319
0.603796311209224
0.9544328336241279
0.41361036801138895
-0.7867544976920671
0.4158449550032508
0.2549762018131596
-0.9733989210624612
0.9121732062109957
0.8598730412187836
0.7042909800063768
0.20410866681207307
0.12930268930257105
0.15729748728675474
0.1353465949034598
0.5099341578761878
0.21970946138810454
0.7314601892209514
-0.315396963292079
0.8159040156272563
0.15600267619305153
-0.05657307441074755
-0.5209104633868162
0.8582740337479788
-0.1914716175642004
-0.5712001153846338
-0.19478510476846722
-0.6402669544433768
-0.970774008387395
-0.7243164563751407
-0.6172289764875509
-0.018509404671205765
-0.5158792249183939
-0.7620068303669314
-0.8650481107852468
0.49121609659680265
-0.020534642940013503
0.8631837750286222
0.8582949941435125
0.9236484870701853
-0.4364493358734627
0.519288011821815
-0.8744638009126569
-0.9139447763189541
-0.22543909884807212
-0.9571298838585545
0.9888575008680909
-0.06207743587595105
-0.2667983384440833
-0.9000819239767825
0.6434358871674997
-0.18711326837023412
0.8370060442082936
0.8053769510145321
0.10471145775191237
0.9296846951078745
0.6371999055072499
0.46533855825123416
0.7191487283654734
0.6251031864089593
-0.24787655022805755
0.6262986517105973
-0.7560136806072784
0.03299881961199391
-0.7815867449511147
-0.1627550913012048
0.7755184414224363
-0.24980517096046628
0.7931326876478229
-0.13768058334343802
-0.9168023833663341
-0.9037129758109865
0.9039100461842589
0.7302756758211917
0.4620989225906227
-0.9274107835861145
0.5298516765713377
0.7960791711559794
-0.8082064356773195
0.47354413642910864
-0.4421066004463827
-0.38986580731223497
-0.22907085400558613
0.9084917217876161
-0.7073226306939115
0.08256820904253481
0.20287224047409058
0.48827390457396413
-0.5394895919464389
-0.3951093504676326
0.7557519580331373
0.567746543149396
0.04685790481184937
-0.8518625913704014
-0.6291141079293214
-0.5914804998410894
-0.8561272455962079
0.060160423993137035
-0.24417278392431285
-0.6337800382118084
0.8931233201116486
-0.9945372295028099
0.25873481537744425
-0.23998318955624698
0.11465180919103113
0.7509905503394061
-0.7364357737928291
-0.5009318830811187
-0.7967795158536743
0.04574328139961814
0.7437437553873325
0.21334617847238735
-0.7293063811375946
0.32790074335488617
-0.6365573094102526
-0.4243589324962982
-0.3372512671715273
0.11032884794003306
0.35457824537982474
0.8062996120931321
-0.9755659982841995
-0.5073492517678675
0.49257966291030275
-0.9298194581363235
0.10174640606764473
-0.22823558884825057
0.34218618102632004
-0.9872718708924004
0.6230817387226295
0.35365652688458726
-0.8800421142722197
-0.03793829901109169
-0.4961933992659504
-0.3178339871925224
0.8816209496136862
-0.5409043015129251
0.6460447736203989
0.9660113921082871
0.6733160233779103
0.08797894647476623
-0.14788844244671862
0.15738153300763935
-0.20737501849397133
-0.7767175155136388
-0.8844334788991368
-0.3353430811692313
0.06389687151911838
0.13759617665189983
0.6362735473658936
0.6213544618129372
0.3504317048349439
0.7451364207146154
0.21838745015817085
0.20572329357810326
-0.9988595830940781
-0.43443061301888775
-0.33592451758849484
-0.9610770934706581
0.8666684005581851
-0.2570611647387413
0.07899843184788735
-0.868088475423971
-0.19427557300305498
-0.09964242077753838
0.35056401206865595
-0.21685923483566505
0.6109901744030835
0.9955914088409008
0.5446017085394286
0.36968150301288527
-0.6036336539870055
0.5235964965022584
0.40396050350694024
-0.1341601029637538
0.6583018896719834
-0.2622103993071101
0.13094484823142083
-0.8577561800903379
0.46610194401778693
0.569459110001139
0.43822746744472507
-0.10255406762499963
0.29358066832537144
0.235220958130814
0.11766077597705893
0.29011621411058486
0.6711588755229512
0.6415465519776953
-0.672656071966993
-0.5841386647827931
-0.2796023781507453
0.32279429911302593
0.03676651026569289
-0.15507762257691926
-0.49224949463230794
0.7254165449696715
-0.696572830887598
-0.4237928812776177
-0.6209012862067318
-0.05638649229421944
0.9941627347580013
-0.532237957532111
0.8460661111918586
-0.797027476425882
-0.5069035707170204
-0.5635203470311563
0.43235874641143535
-0.3931424424010974
0.09865160604589196
-0.4585705301939722
-0.1556954139467972
-0.6990361625254862
-0.9109608476448121
-0.8326152999189271
-0.9838089943498665
0.29011384897490755
-0.8443277936657165
0.42986095805567603
-0.3165674615109211
0.2728302255902677
-0.11555725535911021
0.271057422782643
-0.19872398864300278
0.30389008883668134
-0.2509507739050636
-0.3024811951940223
0.6867874686840989
-0.7344151037783218
-0.9987625175031551
-0.5556851846519333
-0.9676725156566766
-0.2698373047489162
-0.5780192206066681
-0.9975007278543067
0.8472038977629222
0.8304597296864376
0.06611583637119911
-0.831495642600125
-0.9314902958474958
0.12165039937887823
0.02819094758871188
0.3792611103930723
0.37595658581188074
-0.8866827698941095
0.3972477418063882
-0.6210190463234906
-0.03571829070679566
0.7150016225364246
-0.21797150912455887
-0.21248691983986046
-0.9221676423296781
0.9170234546361291
0.691523640430588
-0.2093092342316023
-0.17648468674813445
0.24625417671659844
0.4143992838559103
0.6916477719461318
-0.07157070009923494
-0.22320280651471758
-0.20679109708514987
-0.3383391787385739
-0.8615140193774387
-0.08427449738124904
0.36404338054998786
0.6105815087099322
-0.12059785924567512
0.0220330965383857
-0.018073921548416028
0.9262715204090981
0.5071475912711476
0.5965669086242573
0.5999508776623779
0.15135935027131797
-0.43902021146623205
0.8555791009673934
0.596406571512053
-0.9187056309879349
-0.9322707330532078
0.9141919423052078
0.575767479383704
0.28227617449806264
0.27160522885180227
0.5098524293986055
-0.15795894583974035
-0.017453597226002593
-0.6735758763652542
0.021783697141096736
0.8512100534492382
0.033128043042342625
-0.38837296312259295
0.3473029682781519
-0.3073789021524094
0.9130654328299332
-0.44116042279849466
-0.9400567297630733
0.9364930689743056
0.39792470032965466
-0.112238112958015
0.26136354073959334
-0.6627395607261106
-0.3127239888999571
0.5070012996461863
-0.653142428594319
0.34842021844616133
0.07536943698172571
-0.7218434670315266
0.34456651703127683
-0.6892990071026068
-0.34531140915020453
0.022941570660011568
-0.7677577998538836
-0.1919785596943444
-0.9231213716450326
-0.15333512348525202
-0.30429440387020623
-0.30058931860809723
0.9879217713344626
0.7243870129679086
-0.5040910895928596
-0.8810486411018095
-0.525616923829088
-0.20205754895779715
-0.7637139896619547
0.5102633007878659
0.11076137273252473
0.2635954938808953
0.2992266690204419
0.22553925494619254
-0.9872847283424684
-0.13475301126060524
0.9623491997360807
-0.48120521108354875
-0.6141617774573547
-0.46419776675187285
0.32203310497033044
-0.499660358204171
-0.5027624034219604
0.5876614454831504
0.4851755601939751
-0.7489646990265719
-0.17921455549415444
-0.17898586327214883
-0.23704915536328808
0.49576256652731754
0.4843075933245935
-0.9552305054607892
0.9091245503453216
0.41410353534967115
0.06460408478772517
0.7203421884991321
0.14809125270049095
-0.83718229216503
-0.7417611710926795
-0.7170636350844939
-0.5759441437286119
-0.03132648448850217
-0.7065044205087947
-0.20517698590431444
0.511649288012824
0.7074159626383234
0.12747079023868801
-0.8356869093879002
-0.08672761773379545
0.34975710926307846
-0.8169229820812904
0.5015022739850965
-0.5100358438299262
0.08950318066455276
-0.18062573912126179
0.6581237139439562
0.2591143020094704
0.04470436646900722
-0.8320319841799322
-0.5089265541527193
0.988434457671518
0.31598168798618853
0.5927126882520939
0.7441241418358568
-0.3921782476792106
0.5311452227838585
0.11863545916545881
0.44973034111394683
0.8565214070033382
0.36379674947303764
-0.6241693435386211
0.8358779884070251
0.8836002065233663
-0.5588652485822061
0.32516989014222597
0.722534432741037
-0.9884728396289266
0.878962536458596
-0.5936973089411546
0.11860381233794426
-0.0965895890388091
-0.13029384731640659
-0.047703177425902465
-0.9644125169039575
-0.9985095093805008
-0.2791710676210577
0.7151640628358751
-0.7556625256833751
-0.08613308610368486
-0.36881731052933575
0.19034187717990192
0.24947552670220108
-0.11381507903224453
-0.5444264620275547
-0.9121873550967916
-0.38791308021771687
0.9491332845646898
-0.16341601712738618
-0.29925957586906926
-0.37454514471530187
-0.7217288949062133
-0.34646276185329783
0.20374736842996377
-0.2012459147632597
0.6226980079880196
-0.7657602607503178
0.013828564681915845
-0.30861432945293044
0.2525694790773523
0.4226131444623522
0.6010018945572053
-0.9255076566064129
0.5126953716733431
0.04808711434963797
-0.06074525691449284
-0.3245991993947681
-0.8615470693692555
0.757155066914678
-0.10811236523832113
-0.25243089719718137
0.679072247252787
0.4393289198446131
0.08741561760316396
-0.685964381817177
0.7761981395962336
-0.4633893183514126
0.4365649348952034
0.7083506282762835
0.28517006572471293
0.6923068894213891
0.8088915059705237
-0.08130401211914551
-0.2629461363176706
-0.37447994898381576
-0.23826751285103165
0.351030085259451
-0.81387713480892
0.8438161521572869
0.8947835725930755
-0.3953060003447635
0.5295199240178639
-0.677558307192448
-0.46888708841349214
-0.9236362139320873
0.252242420630175
-0.4093306701380013
-0.8823023695835448
0.807106519069386
-0.8819301835901538
-0.5655818562861743
-0.8229310984234972
0.7990574437947486
-0.9145669580982416
-0.38072768573258986
0.2315988401694984
0.570972526308116
0.5333715991169574
-0.6731620128949256
-0.07397440101798503
-0.8989130752037184
0.28876305490149035
0.34363208502788845
0.8717168411291136
0.7417894596888948
0.8016534928048022
0.5762875920054205
-0.8823465323097783
-0.4781562675540436
0.7584949126608074
-0.8099791375508303
-0.5986329343654515
0.7095508245626942
0.9773805387391263
0.8140634310850183
0.7402443268975825
0.14014751740085019
0.17763741410874978
-0.15818603400089581
0.7230885487639742
-0.748684450563339
-0.6125825598823094
0.03105548402590852
0.9474289920269372
0.5889362529321704
0.4509304090890236
0.42469377558346855
-0.306893735989475
-0.3410027415210095
0.14986428394295603
-0.11671858846426408
-0.16469867351643974
0.6590623539039917
0.2057963345652971
0.0677149189855073
0.3432130694793012
-0.5212144330726802
0.07114161218886661
-0.9716414576193699
0.631385571118092
0.5690300884780006
-0.8634485192462633
0.4611514296258725
0.7082231739179867
-0.3595595853763647
-0.09686019298205784
-0.7772574594831771
0.8022445791501731
-0.9600000269120426
-0.7956598086386355
0.6179848170477829
-0.6090258659592622
0.2033450956032128
0.04138054986950879
-0.5051028000105986
-0.6074014964884338
0.9906773302614453
0.4667486679234727
0.2513632359251645
0.7832214883987796
-0.43739511511474594
0.7652900074357225
-0.21885223661763065
-0.3338145675297921
-0.32320673763722807
0.19751238353190836
-0.6084675562218465
-0.5694505104417289
-0.309725875320924
0.2838870999742438
0.13678383141690564
-0.32650896609811575
-0.20420834295359014
0.007107550536853635
-0.5165758813484542
-0.5391586101220573
-0.16470229223263733
0.8853982096491821
-0.5272118575201756
-0.508726892005396
0.7014673208168825
0.48842756035491464
0.8845526604214453
-0.6462606228224053
-0.21429162692554793
0.8626010928931931
-0.3122107308581574
-0.7384948947750045
0.6796160173979715
-0.04160903838518126
-0.6516227165875705
0.05806142122487534
-0.06637517537004634
-0.9659573386218019
-0.8340795824091007
-0.8766392811377433
-0.9420949873795212
-0.5986385914522865
-0.8355555919942701
-0.8076481037555403
0.5188076056699125
-0.5222599625060182
-0.9758514160645737
-0.8645075599200887
0.8925188199708372
-0.5182197797790151
0.03325256182752456
-0.029516841667004856
0.18507102025256272
-0.2602214296897267
0.394662697516976
0.4184669124064939
-0.07948459553566245
0.5701022378899623
0.718863802042272
0.34795765516960886
0.8674251440941889
-0.06556151474295402
-0.18939841806535163
0.6174660595060075
0.7736690515924107
-0.10528954789012213
0.27293301679994286
-0.37675342719665306
-0.7636823683999769
0.18222569448549053
-0.8836093196170294
-0.5803298342475642
0.1584813760247923
-0.48032627925946736
0.2167388421440386
-0.9751170730742529
-0.5670604894232061
-0.2746269021075374
0.0030615124582391573
0.5214408342968495
0.5832766428935148
-0.045829655606823616
0.5152291481532065
0.7470472483086188
-0.48842799929894753
-0.5230302583811255
0.15307493823337937
-0.20382721658851288
-0.05202773328249011
0.11796015957432204
-0.21255180492321335
0.17266628221514968
0.6501511954883965
-0.9911339513317674
0.7927146785286094
-0.0900867211599854
-0.5659939364693605
0.05046098319035819
-0.7647912091811597
0.6091875299964324
-0.7529171015014351
-0.3711984633744956
-0.5086398125528448
0.322434008648087
0.27184110044732446
-0.7330758015876524
0.8162566804236335
-0.28033985074807277
0.9006368468455794
0.8572337479849022
-0.5179899793031406
-0.9859414242560494
0.5962808326268478
0.4687382424973725
-0.6676465976093904
0.2659627838628549
0.6193818677917977
-0.5155438151402101
-0.9807215959396436
0.21327770845886285
-0.2134941635278096
0.40620568858248873
-0.7950090329629671
-0.3639032381178262
-0.7248035956754983
-0.2771025993926337
0.31730487512938654
0.2062831042418678
-0.6140568450880846
-0.6008056284035119
0.665886831464986
-0.20649900363772988
0.5347776842600478
-0.5692584647360266
0.25691837774761095
0.5209673968980606
-0.9641274934408364
-0.8014352472905111
0.12718648434735402
-0.8067109499570644
-0.5493865650007732
-0.7468946606363727
-0.583697294034675
0.9023283714659778
-0.5831696102469266
0.29315755098082774
0.5823272833745554
-0.44167554431159717
0.2243053313008725
-0.5224083180660473
-0.36918648911762597
-0.2218622835138535
0.8750078580756309
-0.9645321052607421
0.7567161192114797
0.22090354008388413
0.6847500876830457
0.24991950559942344
0.304419531180981
0.0057926504580270155
0.8567280690881474
0.4928583123610253
-0.23572769961897966
0.5303137491749408
0.6854104290658529
0.5520018811046947
0.0077560514004446635
0.30434138220918294
0.7185514474874999
0.09050417788036591
0.31459973779117956
-0.791144990308766
0.8191276618149079
-0.24770313795438348
-0.28850163509237614
-0.8432085093459849
0.909562659054074
-0.9429888126894839
0.5194630485201712
0.17386807339367438
-0.5995096046291053
0.8430531187826249
-0.1147027972849961
0.5307940522695362
0.7148191679100402
-0.591406090924117
0.48837428948348416
-0.15253697229313046
-0.504289870757586
0.6687907630155216
0.070623310200995
-0.49939187295553866
-0.6892878560432933
0.5607993272283287
0.717225352170695
0.6739902011276695
-0.44853316713161173
0.27802751629289624
0.6335915039873254
0.4411991768716437
-0.0859376471077482
0.9288320522676023
-0.6354729067582332
0.21331913173958306
-0.697959726897819
0.6178018938957393
-0.4745254742200766
0.25433001041886016
-0.5936450496856065
-0.45197618742792045
0.9717540314083497
-0.5713432619636472
0.5748376614842168
-0.3480739250637521
-0.8591161393305011
-0.3297193608695226
0.8391906260555908
0.7006759058496146
0.7490895614387165
0.8220125863757206
0.5389535644574783
-0.5214888986343931
-0.8167541214700225
0.9785323038637568
-0.2733721413432453
-0.4122103409471576
0.28753997513953977
-0.0365564600501731
0.43634308870380956
-0.4638311979666814
0.8427740115592319
-0.48462021100064256
-0.7102803005497773
-0.27956813305798356
0.8039365248113086
0.251820491714811
-0.9456014858457111
-0.706062121781839
-0.8292714683680609
0.4057234395013889
0.7220262075515818
0.20381823748549222
0.06361283599575995
0.8406300295714584
0.21954481927154657
-0.2964450280015032
-0.7501665395703336
0.7759475517017507
-0.4697591600903612
0.6405476733898401
0.545637800493703
-0.22348935417478688
-0.3411450284376214
0.5439298503372458
-0.37144969249769044
-0.08881550229802349
-0.21384700148931501
0.47544879784313765
0.9047826285728902
0.7956657106766098
0.5354640768211609
-0.8822902976076283
-0.0351382462709664
-0.029988418525066063
0.2870695880435321
0.6091060008843552
0.8453691912295433
0.921250321892761
0.3013489554422384
0.5975747700985843
-0.6691832563247446
0.379769537988941
-0.2809966905424153
-0.5079117604551711
-0.13225055455348378
-0.06430200495069438
0.16272498536485114
0.37916345657832373
-0.7080174825087768
0.4255464128751334
0.396771248953083
0.3004031486260228
0.8099864230206071
-0.8674524952595766
0.0417959990922252
0.5752890151443415
-0.38487165487696573
0.8206987610200263
-0.038798454533141014
0.7642401628207773
0.44967373512271647
0.8451027274097227
-0.8923929033443492
-0.602769476622836
-0.77841542793582
-0.7396156622977399
0.701367932492452
-0.22447768188986417
0.052193882425752625
-0.46615361643642017
-0.5009959146472627
0.1612907089949973
0.19386401496053107
0.9621633056929664
-0.16589727328542758
0.26001440817434274
0.04759105641465422
-0.10787029984124064
-0.8946647925009383
0.4864592024438088
-0.5782485168569742
-0.17180510959085904
0.44590620521868685
-0.44683701660437536
-0.8164765012222313
0.3303634662466213
-0.5379864575158453
-0.7806203871104596
-0.6659134355423846
0.23848841666339582
0.49450235070724924
-0.552585438575629
-0.179805777491038
0.8406644281423148
0.8496988445459104
-0.29192735567723016
0.47925408338537734
0.11511440831475706
-0.838847646121295
-0.6203419596335984
0.6125000355649055
0.780558165884897
0.4338208082337742
-0.887733394121798
0.22270976698835065
0.1877915238413983
0.46363261167945957
0.5045894184384034
-0.8711944656716484
-0.14618062997855885
-0.8344821614504303
0.6642025086306604
0.7847326670061887
0.554333419908144
-0.5461610717671652
0.4808798347603005
-0.7774954114477115
0.39211059661387204
0.710040435151744
0.641475417672343
-0.7756751221933436
-0.3108345556060168
-0.8308042996561713
-0.573412428905353
0.19157985759987217
-0.4901810366116459
-0.44997824930138597
-0.3394904874755753
-0.8565135191961188
0.35720415882939394
0.21438129419142116
0.22382413844577065
-0.9818578322325666
0.32241159118161034
0.8450988613093764
-0.6989037926249266
0.5886195234904241
0.8776720252450523
0.39451008967124546
0.6238038685692451
-0.4353517046993314
-0.6889456275539245
-0.4137569381523878
0.9525245901750927
0.16911094620312284
-0.6434239471060939
-0.664579180289594
0.0011978652573871873
-0.5600183703287136
-0.550523923619322
-0.35246791051552884
0.011734178319875888
0.24238527583160652