-0.20336896088691714
0.8557556573715395
0.3076507846841423
0.6543382287629689
0.2605665585766026
-0.9680486271525466
-0.8122040924162302
0.8435600322975967
0.14655736636991978
0.1553441288863544
-0.6649873020879695
-0.2742405500557037
-0.4089296138743317
-0.38555137117288196
0.5830317878461584
-0.40864321113044744
-0.3538737050793406
0.9735414312220532
-0.0239176996678081
-0.6114349596238036
-0.9776483373733362
0.781117273795032
0.6709156292851859
-0.485677179218013
0.3409878044606036
0.7182737450699488
-0.986409595904364
-0.38468368671116115
-0.8029357134042268
-0.8790849377561285
-0.7727733651077349
0.01785034025706378
0.4742941922202091
-0.9206363039981402
0.3604188594563227
0.21574060884043855
0.6608038647794456
-0.9145958223686212
0.25449309639751183
0.6534501835670175
-0.9304754630847503
-0.2860732254874443
0.5945375713622121
-0.0286258316633341
-0.06080692511219388
0.15661484250643398
0.13398737755365198
-0.441793147066867
-0.6534504780920645
-0.9150212290603699
-0.10078659367091691
-0.016821335908888457
-0.6162117137258587
-0.710770145184443
0.1644454754350222
0.0032508346944846167
0.0011049474640496548
-0.014523363946864043
-0.9497451846657283
-0.13090731457668503
0.7929107912988174
0.5319788535299312
0.9589719635592273
-0.2598201871561301
-0.34549571970685133
0.5930870513483939
-0.8598673010208733
-0.5358125999077621
-0.8021242388795249
-0.6735941796080824
0.13323017796331116
-0.13701767332230008
-0.7218364001897268
-0.9700205281584904
-0.30773719239753583
0.7714147840935961
0.6871056301615206
-0.1971344124098997
0.4526436901395947
-0.5983648583756265
0.44013049498957213
0.4842196839124926
0.2784763925214253
-0.7320221547109689
0.3011778516617727
0.6909060739358592
-0.3970319306047505
-0.03590289764258858
-0.8642063311265307
-0.00478807695856065
0.8440302720712776
0.6617782197848583
0.07655167118570083
-0.9640750426037927
-0.4218492018829436
0.9922709713039546
-0.8978414652422313
0.33487743345443755
-0.17286641525181334
0.20495990551716914
0.08252226497446036
0.44651647192010935
0.4482126467393448
-0.8158034658427122
0.9553755337733671
0.2293405438895706
-0.6723458899168877
-0.86346940635098
0.8057798326486707
-0.5038105257537349
0.42029893345336666
-0.04792715954997395
0.9916521513014969
-0.4295128036560556
0.2757756603772661
0.31316260124365347
0.48642309767994596
-0.14110560125943716
0.8008938920044046
0.4916072926626567
-0.36055452098321505
-0.737309770709764
0.5618921934746213
0.304490887290525
0.010841893347423026
-0.22793800895356786
-0.7586608166140387
0.27814036419008303
-0.9750134804514949
-0.2006036121832997
-0.4049536132362126
0.25157593238126164
0.5289587002105616
0.6769304768734599
0.8827695668243603
-0.012674134572277174
0.15127849321112774
0.45381993564930023
0.7432179298608395
-0.8824354817791193
-0.7795678983054994
-0.38444356320611295
-0.9461705996445329
-0.49535201288214936
0.5073811488348632
0.2815851643396876
-0.2917982605258391
0.6631838566952153
-0.511639412898405
-0.5750913330445389
0.3506181388337761
-0.2203333287646081
0.24497947409888643
-0.36972673322778027
-0.2893526697389526
-0.2927772962499591
0.27688739344504976
-0.044375598991256204
-0.5104575449951418
0.3504082029362945
0.1341347817518086
-0.7331618804362792
-0.4343019598588016
-0.905866895579333
-0.13507170713230887
0.7157049695357944
0.8679814151241323
-0.5716262749481251
-0.1261337854081983
0.2600485462265809
0.5890698220119304
0.9856411127679401
0.29769169301080933
0.9185515108750921
-0.5897027621919977
-0.09387938816206165
0.6055168867401419
-0.6586525000825947
0.49452224334039885
0.8015449966972301
-0.9266775181327027
0.4350599136087572
0.2719101476539525
0.6328042490919557
0.8613277622594662
0.12117380587920468
-0.10371193280871016
0.8415952226161687
-0.31801005933193194
-0.9508708801586403
0.6024727060782193
0.6491956111161494
0.7101274441764007
-0.6584376626245525
-0.9535613814919084
0.25839405179431374
0.04758995277778566
-0.5019962219682463
0.28132212384955513
-0.9916227708940557
-0.8536893106423986
-0.5719617124641603
-0.9151600414004062
-0.23703411676499342
0.038253416799274076
-0.6187687832644126
-0.08444059092429579
0.08653081832868059
-0.5657981133669874
-0.7894090549482105
0.13478262235115412
0.5906135589804633
0.46074963349828946
0.38381078015009096
0.6168987846400231
0.43125028520714337
0.4698437843835399
0.13418818727196302
0.1545858373637432
-0.4684216329034294
0.20925658670780622
-0.6515057765193366
-0.8180718298710736
0.14430263361642215
0.544906503908414
0.5363108845127393
-0.405640217913551
0.5228562958459548
-0.2126229129943289
0.3595212773014742
0.11713532755837797
-0.7606311268965742
-0.6077420759329122
0.7977076438717245
-0.2885392390459187
0.6557703012048011
-0.43697181575496025
0.7456375743449195
0.783344702043439
0.8605723906023091
0.7696832158825213
-0.9251178343923756
0.41579217454057815
-0.4786467615284422
0.6599194164779694
-0.19584298921172683
0.2587013288719293
-0.8459147343136828
0.33227978961302984
0.9165595391369437
-0.6075144539860398
0.27956088334821083
0.4891186173806086
-0.4513684866406975
0.7975301543448094
-0.022095122696383696
0.8907902690972844
0.5554193583580973
0.037700435041785996
0.8576561131875837
0.24419940139733742
0.278875846906923
0.18256652909490945
0.8088700313825663
-0.8989790816983005
0.8829589241030997
0.4610695409817702
0.7492476818741649
-0.1492768514036822
-0.056170011052161684
-0.8879931100308691
-0.20386934173604776
0.5487008173755312
-0.5455557673007905
-0.3748577041041705
-0.7793730440895916
0.824924321181963
0.6464190692640261
0.23737655891143405
0.5169921651827323
0.7628009579010695
0.05139218344001728
0.583253724180278
0.7139571707778982
0.4148587487137074
-0.9604346572342839
0.5849481189858194
-0.02060146161870824
0.5047419979880485
0.5381826544810857
0.38155182369261387
0.8699812265544398
0.3900249375552285
-0.24057860476967252
-0.49517084615511964
0.23792224658919459
0.8311605659554975
0.29734101709862615
-0.8121704846630389
0.2846163064164642
-0.2506242496710429
0.970778630746366
0.5716687334578547
-0.3253901723975383
-0.4148467647128333
0.13675481363801167
0.3093836317758005
0.66557046265789
-0.4161925112986149
-0.34634689530616525
-0.15366042694659265
-0.015931015829046213
-0.12318812441695792
0.8273435997179925
0.27478486204757235
0.8391468013597008
0.671125979551654
0.14246436632143822
0.008678121603470812
0.8569077159161071
0.07122332664079245
-0.006415398056327071
-0.7015366551171316
-0.4895097783533511
0.6958275011187665
0.465666998711872
-0.9483065899145642
0.8781864663943943
0.19006851770510025
0.5412448810634038
-0.472033472628143
-0.31387370239255263
-0.9217053700064823
0.0746158396655261
-0.4472896654708063
0.20039211077679409
0.8028785511859258
0.17592951714004657
0.8939011819769305
-0.15978265997022878
-0.7943290583412017
0.6847584405326899
-0.7780761675024161
0.30830122441894825
0.9198295240114702
-0.8971889389361516
-0.3596462043556974
0.29658269522086056
-0.9527670766642256
-0.7274317594597033
0.9056381635942503
0.24296535887346216
-0.7919357893294243
-0.6271040464049378
-0.38839426972193003
0.08213860569664466
-0.4867651772560273
-0.7011350014485007
0.9436543016170775
-0.1614324592661227
-0.39119367850159925
-0.790885054121109
0.9210684943441292
0.9342746782366136
-0.2978800499406047
0.8123029913144224
-0.6031537965405875
-0.3966382746360966
-0.40438990419394183
0.25490737480116676
0.7395187777478931
0.43686584737346945
-0.1424681955549676
-0.4827939942105548
-0.0832646263417014
-0.9599451183279495
-0.9632282413977156
-0.5362017412029001
-0.9484381751206159
0.9500157603387156
0.8731695813183404
-0.7959499114806436
-0.4647011395374814
0.09333265562828319
0.18056908236543467
-0.9291298244091968
0.6985595651316938
-0.3254411908473893
0.6744713256814854
-0.9509825467255613
0.8168927195074103
-0.7348175372746235
-0.8463124211726627
-0.06153890562579134
0.5031815326074698
0.36044757592432997
0.24600068741397418
0.1794421581576673
0.771819094260451
0.6217635619056685
0.8076993786234639
0.543469528818368
0.6435509355783677
-0.17454714737978883
0.6691419957561537
0.5059897355773066
0.8421318850882218
-0.07996300870855344
0.24156965509176187
0.11501230546281604
0.3516118870444642
-0.14237836558888484
0.5869968247931654
-0.28987098612586437
0.8956068797415162
0.1341443297550049
-0.7754719582007965
-0.6227085326337212
-0.2849163504168899
0.21559620384260403
0.056213544326134235
-0.5664923351441133
0.8083840935024778
0.6943748514374966
0.7469390155617011
0.11099646769714044
-0.9981114016364856
0.12153236980359883
-0.4522375237261971
0.6339122583942358
-0.07021130447253343
-0.11056393298108702
-0.1971907719526933
0.06479358842539029
-0.7343224409324691
-0.357959901315396
0.698380902014931
0.9479654992016473
0.22941694108707367
0.0630418426195507
0.8814917543912855
0.9308727363182805
0.19086673369773255
0.9224092134135247
-0.6614684726190123
0.4193519340165748
0.5024996859757624
-0.584023355927878
0.3472368944516304
0.37891245763702774
-0.289091930998991
0.24594029509982085
-0.906147872634913
0.7128639119206768
0.9685025042962989
0.25320945661506933
-0.41600453167411233
-0.8780353066881903
0.4226735494906866
-0.45802237046443706
0.3404403183029894
0.8283959576764197
0.04622346345915718
-0.06312815665634708
-0.7451191325718256
-0.5740192633800962
-0.9217354954726205
-0.38149710176235807
0.7732164545415074
0.7314424475855408
0.40707740024326244
0.5711502412614158
-0.7985750967163867
-0.14092716866382204
-0.5669924472988657
-0.7522616289392883
0.7478620551784185
-0.49233152509235123
-0.12072955682765119
-0.27933138786891565
0.44280499882211966
0.32571349818294926
0.6767700664593097
0.4830677319577299
-0.9506954511741139
-0.8307772984377126
0.11782311965180292
0.09433211082487203
0.29982390889694455
0.3725625998389599
0.2632561597730658
0.05629025932178844
0.8693349850750094
0.791750678870655
-0.2544859829703714
0.4798614984115388
-0.4598436362996676
0.4993407254292579
0.47643555736482135
0.7845420086887989
0.35330954188439634
0.6917552227184502
-0.24258036494686386
-0.38005933079936893
-0.22163792819299588
-0.9493619174504593
0.5188281666244714
-0.4567274645655248
-0.34029140322354356
-0.9240091452704415
-0.1678652732601107
-0.8340224653252994
-0.41670479292748763
-0.3372141231432437
0.8637706358464561
-0.0691995669581007
0.03567372331374319
0.0645417959382566
0.28328522170809034
-0.9761670862003615
-0.32942965136263336
0.889557783553004
-0.5773763694520062
-0.27278617162816166
-0.16826502932916276
-0.7140726377200513
0.8164203399735557
0.7749054019406585
-0.04784342819862819
0.4920726685594141
-0.820672397276639
0.5567259540246365
-0.887197269413716
-0.8088101932130638
0.9004023959924747
0.18082330901977683
0.5546463204026395
0.28728046869068335
0.3934917701070366
-0.44544017886497067
-0.7772742408515523
0.7689833832761328
0.1305624407745949
0.6306606493263105
0.29304071526330855
0.9116431916560317
0.15856775940885326
0.1384679451532167
0.5834528029786452
0.22910012922099887
-0.3699981676654913
0.3728301890887016
-0.37056016662125746
-0.3706995056993003
-0.952787558658077
-0.3381478425523077
0.2653503436777549
-0.47474047458324864
0.5408976119793054
0.2903716765165394
0.010573852881856638
0.7173731947497282
0.4360958751941679
0.2185144809095847
0.35746807007341963
0.8355460635102088
0.18452018908250967
-0.3075679918223362
0.48836914821779254
0.18535480431304174
-0.10163779784259841
0.9944162273409534
-0.2482268816833335
-0.7011304465355233
-0.1942827307478816
0.1370611151335126
-0.2955407103539005
0.33402920596439123
-0.5421838196482176
0.7659308159024247
-0.08960715268722219
-0.14840305889922178
-0.9362467666147869
0.2850826716090862
0.06687723287999203
-0.865939070451839
0.8597745990002583
-0.5761431996335644
-0.6033805834640196
-0.3404749006079655
-0.43109496286961413
0.23424320095009277
-0.6900155843773761
-0.4192470406454025
0.7805014025888048
-0.9195768092048009
0.463695426082797
-0.05356775749889042
-0.7974283475237081
-0.7945470191986523
-0.818505243125943
-0.6881075050172971
-0.17310052629615358
-0.44442387589864074
-0.6401058324529827
0.42297592735831646
-0.3534132242028829
0.1547990220404485
-0.24831691593717276
0.7886738313250765
0.800391520300709
0.7276962522621522
-0.4545603963040288
-0.8059667489373548
0.59939746179695
-0.7201874174796705
-0.5181175711690136
-0.5186309759495116
-0.6127226188513826
-0.1521559988418444
0.6862823903752362
-0.18786978881313
0.3065003721277886
-0.6353657595894457
-0.7560104773837364
0.05036554798483883
0.3057988565979155
-0.3185333541732942
-0.03417560494998573
-0.010354525941836279
-0.11689560415763678
0.014699464375034221
-0.7137001507971827
-0.5363936195261096
0.7222916266529846
0.6523300256463247
0.48104785668906525
-0.8114848847586249
0.8852630911375554
0.7384473534290652
-0.6487649033997891
-0.5429658757760496
-0.32044099727247777
-0.7371569335487245
-0.2238876349990213
0.8194985818293656
0.2803185755959017
0.25002651740102233
-0.4883984930630474
0.7276147371765309
-0.6686308383059256
0.33865248786712376
0.16159731784621623
0.12647013892495873
-0.06110309880874709
-0.7599752841717913
0.6880989958230634
0.09709654059107198
0.5601085531476799
-0.051110455863735194
0.6637738161533788
-0.6375824270844006
-0.331014124927244
-0.44647545347137885
-0.23297362811687683
0.2822990600535271
-0.6421727775798904
0.20479371660700885
-0.9889285676645279
0.23568067649492908
0.11352083120059087
-0.36844944568422355
0.6595832270933417
0.9575771783941116
-0.41743104894732164
0.9799038632868007
-0.9167766140695561
-0.8926473673257382
-0.008860269608292448
0.21320893573945
-0.8924884710282106
-0.053905076476992386
-0.442405450028738
-0.08562900906571635
-0.2784982634991304
0.9917243618471723
0.6966991966099982
-0.3022056424993589
0.5415626497191743
-0.1544216322505101
-0.18960859887398862
-0.2211047150434564
0.08535812700395695
0.8063373982716338
-0.5305528550312952
-0.5886992843601622
-0.36579048283294635
-0.7544488661962023
0.48870999620863453
-0.6792343427951772
-0.1885833347138659
-0.7664325750498353
0.4554669414784416
-0.453261819153536
-0.24778016293359828
-0.6105374305651212
0.45731141786187224
0.23721009141440996
-0.5580937445880285
0.2016661709950276
-0.7547410938821395
-0.9732612604360509
0.17671770826060285
0.8666872825107934
0.49470552849789695
0.2561164724597338
-0.18015219472830957
-0.6706787490701893
0.8327840651688585
0.433309007375416
-0.7118379775570371
0.9635562359517957
-0.3744819067633516
0.9134346644081237
-0.0654119559382289
-0.19577341231821577
0.6005232871357082
0.8314461746973671
0.26728614522784166
-0.5597600613761187
0.6043896314086241
0.5574657780475003
0.14789376664717802
0.6345056872545192
0.4323848070956813
-0.45971505544069413
-0.7379612831746059
-0.8890208887492121
-0.07615163242060197
0.9394236334420147
-0.5333277610647831
0.4758349552385148
-0.5073662295620174
-0.25843606505287875
-0.39302937948031413
-0.49767753174711826
0.3676596318401917
0.47378906130687315
-0.5138603631741638
-0.17451129322891412
-0.36835195226993744
0.38506581988754496
0.1465094304930319
0.7987724492712609
0.49007362001275445
-0.9277225248550527
-0.3169488398362015
-0.8040915598884408
0.5132820874179942
-0.9153726526699699
-0.115255102364892
0.36513860460563907
-0.46460469460445664
-0.8954687984654612
0.0040887766718211704
0.7421896787364539
0.04092948223063342
-0.46018544686565477
0.6067245062247297
-0.9234267345679872
0.7770506689017254
0.9195477357278679
-0.6406450929863783
0.31571614368923995
-0.4430254593566241
0.9294679211852941
0.26861007510624946
0.39361003114942594
-0.26376322949219944
-0.19288693831110182
-0.7307245888431795
-0.2189315050031786
0.7392395987228313
0.5445362165833216
0.32320137347834765
-0.03292906429871123
-0.48793957115670605
-0.7485758772837492
-0.9329496085705928
0.6602629377067608
0.13667091139552867
0.6293016341824289
0.7142248556494779
0.35465065171674337
-0.32388816620803085
-0.12191270374321928
-0.4969844041360836
-0.9813857490999676
0.6740547872021876
0.28666204652543237
-0.06648179929067943
-0.6896415115252392
0.330221082902016
0.5545725310347407
-0.04789381296214423
-0.11069263257373008
0.8650485753511774
0.5979495626445348
0.6394328340693978
-0.6282204990173119
0.043176992489584176
0.39421726984863215
0.9412351327082105
0.1304751593228941
0.39379073362090256
0.5217463045774038
0.34963906828373315
-0.19395079363453527
-0.8458979488387868
-0.8153686401576397
0.7130012285928355
-0.890486840349435
0.4373196343190078
0.8642367060958731
-0.09154265796323213
-0.44160854762674817
-0.45593634317709975
-0.6738138226774821
0.30842568132455495
-0.6242579317707175
0.7954624286249932
-0.8499001494001519
0.003241839451966877
0.7292181432051235
-0.5292030819158862
0.35715227804911587
-0.944959242011862
-0.9428038125958123
0.8188774108935983
-0.5099153594813064
-0.5538317781157185
0.5110857578167831
-0.7643703582553774
0.1335381456984961
0.7464658475422195
-0.49146147623467495
-0.2870940325272213
0.12342191658188839
-0.9572344901689953
0.4375780536493954
-0.10460060429316198
0.47774081417139147
-0.4210770954107532
-0.23212893012091396
-0.4110272209324124
0.41241172959862227
-0.5858492205542836
-0.7669211071712234
-0.9921458629228361
0.4413320972507231
0.07888963168792551
0.8369887209336879
0.37516177665027794
0.7042625973737353
-0.17744602473018145
0.518645300825971
0.23047873206217306
-0.4243075211975398
-0.41525269728373404
0.805669163934086
-0.07769437964258841
-0.029445524768894726
0.1545077089746203
-0.4614134615791712
0.20545195401058636
0.04043058056711635
-0.11339170160480982
-0.13395371511960752
0.23288732915834753
-0.5124423216217078
0.044497267643181626
-0.3480822034435318
-0.8884401570175362
-0.6112015534286133
0.7923502005325656
-0.5321855671846207
-0.6599158803702927
-0.312691393066471
0.725463725144535
0.15702593429222333
-0.4932711840604942
-0.5427489574220545
0.7112847107911555
0.5056424509982931
0.2170579680396827
0.7358711350807547
0.08546608007692003
-0.8235004600284128
-0.012562348689501679
-0.6095645032228385
0.7449806391654847
-0.914496592619632
0.805359883850983
-0.9481657849467806
0.8437281797025555
0.5558659693470331
-0.6212865103679448
-0.04915092117055031
0.8840572546493781
-0.9255928550615069
-0.009684343614469126
0.8907647300604098
0.6751286217940327
0.39176445853442954
-0.33827256338306144
-0.08945406715834792
0.7025522328521627
0.5505852125525943
0.07456924904957374
0.9135155903832697
0.7010053745773284
-0.4106010523844308
0.9057891216001657
-0.4500154503302001
-0.14579978142040706
0.21112848864738343
0.3351854892550361
0.11062268983364754
0.7939125195241503
-0.8209931637479777
0.4679097106322574
-0.8573869669301895
-0.6636039044746584
-0.47025373121318936
-0.1746149985488643
0.9363025830887322
0.6143927242451497
0.006120575709470444
0.21141084034162083
0.04878148906737989
-0.4415847761037959
0.10049577046525426
0.6480318630791626
-0.1605924269781296
0.28757922877589603
-0.5564570310623773
-0.9505926434794159
-0.2067794591224763
-0.9758065581270166
0.8933764828352859
0.5437526090039981
-0.7187178407411043
0.3857013590363574
-0.48014556475721815
0.21019413846459578
0.6314946659260607
0.9880506449675668
0.848257005591359
-0.27902580450421266
0.5862990043070899
-0.1626390437770533
0.4469353967379852
0.7821695218488496
-0.17307516867332629
-0.32611519854127224
-0.6092921812875742
-0.7782077905001148
0.2377165101160239
-0.5581668853276969
0.7289625508758208
0.21146841674114691
0.7617542389674521
0.5763274634762552
0.08544924206714599
-0.1345238868516363
0.4957747457744748
0.9193182809363298
-0.5338946521266548
0.4329498983378406
-0.23019257069116095
0.5839599451022768
-0.6049059870575204
0.8335448789568232
-0.09367430287505196
0.750045587183958
0.9310401463578633
0.7974748277195494
-0.1490079765096064
-0.3616009991231339
0.5532470523118742
0.13473538657230444
0.9239437315141967
-0.6467128853048962
0.7364983576546607
0.5650589839553468
-0.337769932963206
0.022069064262225213
-0.06992481060120737
0.5544163480968769
-0.8096021527052681
-0.40086469718821705
-0.5353007288257294
0.3029874705702189
0.6796204662504337
-0.03521864565041666
-0.7184524789045996
0.2972436132587146
0.19070455871019698
0.9464625798654254
-0.2941656741474614
-0.4737999112754381
0.8513609441594099
-0.1638440594081243
-0.927603732166185
-0.37770955063783274
0.9399869054355026
0.6815091747145046
-0.7958900906605819
-0.6734383322465418
0.9187633097727363
0.2693795733676587
-0.1483385264476167
-0.37399189410210787
0.675552426909894
0.47162837667733126
0.978441421503558
0.9085021398865738
0.5126092270419524
-0.6074284671015744
-0.5904167160400058
0.5128736591916738
0.28818893377279764
-0.8083430703901759
-0.5389101719294447
0.8464201652100576
0.24355364814249625
0.004216734604912231
0.9186352322347231
-0.7985635320272293
-0.7058555546728835
-0.6177788137935765
0.9320852053446547
0.4161878775082719
-0.7661798199202547
0.5378415665667904
0.1808077153517862
0.0508108083672727
0.25049362426145083
-0.8313277893448587
0.06445724713196732
0.1331663076687415
-0.8523149868995614
0.4376747578930742
0.6551924730366159
-0.31091682096617235
0.945873796867436
0.25152232745913294
0.2747764072611498
0.27987284386425837
-0.8208722234322305
0.11437743570378278
-0.9483374457085343
0.1014968108367742
0.6938208652974838
-0.6556538564408287
-0.9509699312321072
-0.4418283451132181
0.37153254654461443
0.7453334250452386
-0.9737401317260703
0.5877732578752848
-0.9115976247084465
0.053213482469401274
0.1569740986068806
-0.19731824430021883
-0.7121728572986532
-0.7984410817748351
-0.8936437953651919
0.6237665585658092
-0.9526766826169255
-0.46160922471123644
0.3356249223178238
0.07415285861990095
-0.91473228903781
-0.18154193952716202
-0.37082936608141304
0.8933346094429462
-0.017278575073745417
-0.832690919933917
-0.8289775982276515
-0.1620516241155241
-0.3297548349140338
0.2511905201557507
-0.11707453989618499
0.17400785171213928
0.2990297501391215
-0.5474677978458637
-0.18430359290181952
0.5053306982212722
-0.7796488521533764
-0.3499243770174125
-0.9055124298052297
0.6269668889441835
-0.19498895516112347
-0.659884885492996
-0.18738065309865015
0.4715314656009775
-0.3991772867654171
0.20429677908162014
0.29265756221239236
0.6563578200407547
0.4524703051286596
-0.561017020333296
0.026406891268909494
0.8702071412994024
0.6000343738549703
-0.31435215500536606
-0.11354906104834317
0.596354695472227
0.5649290392370583
0.09938565114028686
0.7124703834530526
0.03997007355153959
0.5591691944756909
-0.4857157408087398
-0.27664887237898284
0.45925679038887446
0.7821138558869125
-0.9047833210410556
0.47074799701655534
0.983895652976523
0.9240898450676602
-0.4715736746311998
-0.1516520861622941
-0.28361342611202645
-0.6051639484947613
0.5076403927209787
0.7600192089510054
0.33725738799811733
0.42299345337104777
0.13290952048390725
0.4500161416487325
-0.2186510809124711
0.2603265602359053
0.690165852756029
0.31924481048377684
0.9240822502820742
0.09902299980455731
0.06349454138814359
0.974592085717829
-0.5762791507539571
0.8624222951072076
-0.9898005646184282
0.5057237504019225
-0.4418049186087465
0.39518651681383865
0.8898360904134013
-0.41607285727361853
-0.925988701755851
-0.7404943337345138
0.05167820428745529
-0.06933231700573184
-0.6895808611450696
0.4817655864417305
-0.26854138026125773
0.9817995472682544
-0.3487148077934048
0.9357859841964153
0.4266891313892547
-0.9305991655423944
-0.1419018521790496
-0.39590536083313377
-0.6285843347958937
-0.8126267430088459
0.11856155426887072
-0.2820809088781513
-0.14702622122975773
-0.3905608371779714
-0.9383652274711145
-0.969449043699609
0.3162999932005839
-0.554205761870723
-0.7274846986362822
-0.09817367489914086
0.6643465845077301
-0.8192787349616952
-0.7957319864391927
0.7417667987372469
-0.15718739205940047
-0.5645510203736375
0.8139915593952998
-0.11863008420910393
-0.7382717430031536
-0.7271493209147906
0.6093365716789572
0.7056919203594085
0.6920215035381378
-0.6343573190507059
0.9281586682452836
-0.6637320572257543
-0.9146764561151659
-0.3661033896583079
0.5047852088022955
0.12792487967029098
0.5595837505771186
0.5215196933598649
0.1499810192457678
-0.872663698176195
0.16111638073144796
-0.8252294900911616
0.6577890807503353
0.3633108643973313
0.018761565508761846
0.6597141638828601
-0.636515261495328
-0.47351906207041883
0.0025647584359211884
0.4822036431895709
-0.057727728007094914
0.8902189273844774
-0.2862070535202623
0.7725293906098387
0.2163714168069284
0.5298198241194219
0.7289228083886752
0.864791626629853
-0.8249685340903736
-0.597076468659429
-0.7063212948678934
0.14789065998280315
-0.7525513985736656
-0.8234645046489999
-0.5862526979244442
0.9984234521829085
-0.6843719765071212
0.2695189907307891
0.8792922390061502
0.4052333680099085
0.4522482646327839
0.6044717567037481
-0.8898038454215176
0.6643907437390923
0.5903014220371439
-0.05446400387835593
0.10430967946155612
0.8860385557276849
0.5897392364946079
-0.790620719277574
0.10849764994302613
-0.18429415237538493
0.869226107351335
0.039821432824494796
-0.4484991580747706
0.3895612795679375
0.3205440031680864
0.5877889355742212
-0.9814911085417368
-0.7689826118554866
-0.9183421601852131
0.26706632713296274
0.10299215365363001
-0.36471529578157
-0.41110327545361325
-0.19858350224730037
0.5158621591196955
-0.015522424864216289
-0.5507679771720968
0.7366957216340559
-0.10980372265695215
-0.24543675830919498
-0.7609287466116808
0.036108537872780566
0.23102280806217812
-0.8486759788710532
0.8377160488888862
0.5230460118216271
0.37964580677268644
0.9982417513277815
0.0897055057290359
0.5791955857581734
0.6182312593195298
0.22544795982128596
-0.1803272926617856
0.3373354967624864
0.2907089440159507
0.9038879667502031
0.13615965199733715
0.8977977825323664
-0.21143384376086516
0.1696247769944086
-0.4952208445020698
0.31711619962053184
0.5393083026943264
0.2507310636965454
-0.11257528311500553
-0.46886693009680336
0.4162194536034818
0.7039826828514417
0.7328637917578666
0.20109303128467393
-0.1255981375936932
0.9733536492540069
-0.2812464936605188
0.732565573815853
0.5844302655275719
-0.9327410312486282
0.9293164844092638
-0.447197294191674
-0.37437301031578984
0.5127974151575141
0.5574328594025415
-0.7432774463072411
-0.6963339722102775
-0.34860855351662545
-0.7410133436422861
0.9654485622802371
0.4033030373140911
0.2756567497480864
-0.8207950543703404
0.6616184959655
-0.47415423350103025
0.7238276123630334
-0.34999792504946714
0.6024789478740464
0.11933123483407737
0.8065066334518025
0.15356173214753976
0.4382143551827682
0.5298885063269443
-0.27500104312455065
0.1899672927961802
0.17777394018056736
0.8768627743673867
0.5680703056994127
-0.5438307756832632
0.23066029551614076
0.18463647984707143
0.8359871434526673
-0.501985412134293
0.13765326718644433
0.4331897144930723
0.11771656294393207
0.8956787350462747
-0.675617836384558
-0.5322844730465808
-0.16621171728402606
-0.9008131612785522
-0.5145964883947012
-0.6037080093254177
0.6783930487225975
0.18097604796580935
-0.8870457749554601
-0.5977182349468306
-0.7517356454496513
0.29679926560426884
-0.4192188822711662
-0.5347889113124369
-0.3730545254551345
-0.992083925852808
-0.21494636986584692
0.007985649270698225
0.5135901978291817
-0.5282087658070127
0.2098158978054161
0.5871772265328279
0.4133954028133542
0.29499373771928483
0.14096568387715203
0.03829849986481082
-0.7061637384251027
0.4744337823679816
0.8845137622350039
0.9687723992164565
0.5894997377205229
0.6901516363554456
-0.6499631051322952
-0.895191867080231
-0.09955486059654395
0.3814721458634416
0.5099437899273631
0.03709400788589967
0.00441815518108668
0.7605637706067121
0.8597852455791384
-0.8138144327007168
-0.2303060607199401
-0.16666790580492807
-0.3578368512928036
0.19508232875382947
-0.7375086742030856
0.949228851452883
-0.37023186881869363
-0.18046663325244428
-0.22611904364035507
-0.9303183811419053
0.9448610281979066
-0.7982291623923368
-0.9339351170808976
0.21886122203732228
0.7145098852554272
0.6186533232801414
0.5028387837274839
-0.9723958488441355
-0.61305220034041
0.3848080129251026
0.16820859861314696
0.9801533179062503
-0.7413477765781089
-0.9103701485036735
0.8029527970457699
-0.15979790707279729
0.8309108179771285
-0.11768051132473523
0.7763012671232852
-0.6930470992904418
-0.1440682966753528
0.16219765810730902
0.5932871556441566
-0.20588871417535137
0.9900674452339167
0.5926390888748598
0.19702593070856356
-0.9353268339514524
0.03086111124901003
0.7834061410149766
-0.5476695858629468
-0.0037217432418941154
0.7339747747081384
-0.40984510959243736
0.16839384613859276
0.6737727848257389
0.06712512826613737
0.028172225001533713
0.38439011563352166
-0.8743929493402762
-0.6010858870979792
0.31856881005942506
0.4044577122362647
-0.08439916754811039
-0.26251086021350023
-0.17327723567752473
0.974811651105068
-0.40748947294775917
-0.015377273277865422
-0.2077787364736452
0.4532352422224244
-0.14207353781642929
-0.4371096880472456
-0.6566672963285796
0.1080591006390017
0.14946426521275336
-0.05205848769125976
0.3933469558992668
0.13656491894455525
-0.09024303738692985
0.9623410893975837
-0.12297159192997653
0.7814336119999987
-0.4931196562067306
0.571583969834282
-0.10105238238989545
-0.986103113530856
-0.011102202811341666
-0.5603456773050088
-0.6135932716384858
-0.08138298733833293
-0.3780195809900919
0.03524979186530741
-0.852309484422062
-0.2847390463418835
-0.46211008363994543
-0.5225006066197564
0.057177821669218254
-0.7929407609858834
-0.38619149913664064
-0.23672695940456512
-0.12702997727046594
-0.7938262001909655
0.8729671162718886
0.8028752663618282
-0.06233316614039297
-0.4495708029731591
0.7995631318783427
-0.16494192778231898
-0.6708299800402175
-0.1822025550667392
-0.637960315031415
-0.6771393361326667
0.4176351500494726
-0.5929273279963261
0.5861348287362733
0.6281650301206612
-0.3130775935165506
-0.4470066655773084
-0.5224855579761472
0.7730382513028973
0.08226726653453098
0.49110434789248125
-0.20802572668435615
-0.26428849883923644
-0.4035273757425919
0.6731372697265707
-0.7714971739378225
0.6772675844683782
-0.7563533146606054
-0.13395115032611615
0.8060254657410764
0.8337329181800239
0.9974125764366719
-0.34253968747193486
0.3557175831135537
0.21512150025884114
0.8723530024731443
-0.9173571366927757
0.1917378126221143
-0.1090111267972187
0.4699080192822389
-0.5161599542367619
0.7941366061004989
-0.4121464231062353
-0.6136246356631896
-0.9163373526534382
-0.7836045085082199
0.09545411328092168
0.5712805361369486
-0.4654839750432429
-0.9281257539298311
0.6672058389110727
-0.5209806645620203
0.24586851735873583
0.8349516892655933
0.25722312337075093
0.2921150395389862
0.007102641688877087
-0.4825267915992588
-0.6093940555852664
0.4677759234584964
0.36074469467112835
-0.9625714261435745
-0.9825105161911405
0.018962274877409202
-0.9055353507035204
-0.3758796309115642
-0.18322361194762604
0.4685480348643538
0.8891188258157088
-0.5981832788040846
0.38456317148006547
0.8136942853357774
-0.08177742195107007
-0.7666535062423134
-0.8533790582604863
0.6801978381262186
0.4376046973841239
-0.12296932518573755
-0.10901616295889638
0.8291643241463778
-0.7800828491016001
-0.5733772551431773
0.3438373063064104
0.37499658034690886
-0.6006092026887457
0.1286630039667569
-0.5888186738352996
0.7898330337401651
0.7758459914801601
0.42429866185255816
0.22653365385494983
-0.197548658163073
0.4501253204271336
0.8745406523124899
0.37640518063552664
0.9681621446407229
-0.015120704147745467
0.2428544170475717
-0.5245722753740285
0.032217552141787564
-0.1359891469108998
0.45379845013481823
-0.2756151963716025
-0.13908363270515145
0.7305803946072538
-0.5670934277139765
-0.6129792574816755
0.783410527062351
0.6549326625275234
0.6130573157695847
-0.00488484537621936
-0.1889923284030932
0.6695551087441081
-0.4647028923225833
-0.9299219848975238
0.7476536763482591
-0.38113436828044867
0.9828177621377794
0.7523786664319723
-0.6637368573381128
-0.9098369922970191
0.4614815478592864
-0.5758249191523634
-0.9334146204964169
-0.2976320702110753
0.7428109581731168
-0.8403312554904683
-0.8457458017111774
-0.12837912986544064
-0.4848350919137161
-0.6981263700069431
-0.1857788608676494
-0.8709353194887304
0.4471494893475283
0.22074257080908
-0.600557083025244
0.10384598275735524
-0.8160311419367248
0.24131021666653796
0.3577056402166878
0.37338908861783393
0.2798601200246149
0.6854427940833812
0.9234401981320195
-0.36372054841918455
0.32571007494099136
0.4421092242488578
0.25657377739339027
0.4539331552371031
-0.7417348588659287
-0.661031312181007
-0.1631069575559092
0.07272078694365525
-0.02941638404018776
-0.6974648263078222
0.7187167841153639
0.2157531011880951
0.25106549966368075
0.023250197124182526
-0.8407663585501448
-0.4425601822851746
0.7004427578471273
0.9599028662995799
0.39811288767121056
0.055319314605113856
0.025452600038789353
0.1905863154697578
0.7062927534344547
-0.5306050733540264
0.5731324128937347
-0.30169144528291136
0.9750698259087129
0.5490623056081481
-0.5623117304592484
0.034057923028639525
-0.07999673706621935
-0.3390982764637498
-0.7162521239283561
-0.613345900348593
-0.484453030872934
-0.4887982439950891
0.030577349339521387
0.2888938738718423
-0.1855486872497194
-0.31210978358260477
0.3646853277990978
0.16726464536181207
0.03489474868450637
0.5469488449091724
-0.9690479302363326
0.5225930496333373
-0.046708685778994896
-0.16042742301311996
0.4832740939724445
-0.5945332988959879
-0.517196882841158
0.7390783502051048
-0.0024636449612096545
-0.9361346564217323
-0.06187994964573029
-0.744980470182868
0.794503759990236
-0.6761428037810129
-0.23415445739167118
0.4412213790723081
-0.30818441404586183
-0.9663524748633743
-0.09651943831328813
0.3847798314560731
0.5742939661256754
-0.5650753972185207
0.03942139520691734
-0.8218707807555583
0.6544341835099408
0.37402943267178346
-0.6230649987696499
0.5538685185945555
0.9694746941029557
0.5642320585875575
0.768401036695352
-0.5314098294019021
0.5426294494141071
0.21010213133176947
-0.07443342078560011
0.7650003455282715
0.2886404463225194
0.6042297373024823
0.8433144407919066
-0.5498533788234259
-0.2871095163328281
-0.1904150126301969
0.6345036277397633
0.16927983783696332
0.2950113817852158
0.8165588737873601
0.026069058177549342
-0.03978179554781991
0.27253443227403906
0.9121790339012272
0.544196161018397
-0.9255988759504672
0.35269985666207115
-0.9560707977659348
0.362548216854756
0.689245761349893
-0.7712319255065774
0.44774953206801027
0.9868956636032615
0.40011900719199445
-0.9154056856251442
-0.8379346330663273
-0.18237127761820715
0.9592174388884782
0.7270054649198576
-0.5755656525148178
-0.9068064241039133
-0.4346734794742755
-0.574453159962411
0.23210505822169925
-0.5088991344967302
0.5441999867379173
-0.7153137574831172
-0.6036460187939996
-0.1414411158376645
-0.8196591518870939
0.7017277247061344
0.9415209460559617
-0.09871226984499537
-0.9260380118477698
-0.13805585559222666
-0.4197623669450392
0.2895430375165198
0.4551029194643641
-0.36829632367862764
-0.18207407978110068
0.6812730255601216
0.37243835878986054
0.5584631478992017
-0.24780004509468045
-0.3537596794892588
-0.4053210681986481
0.6873504510564603
0.1110778573688529
0.003523858347427522
0.21061502818239486
0.11611846699364947
0.4819263732383907
-0.4392544521169668
0.8332006292890848
-0.11188363811390145
-0.07612644301693794
-0.9954076568897914
-0.5149856586556607
-0.6636025333617659
0.9556524972406506
-0.26231960014376954
0.7584325361895043
0.2689399844473481
-0.09124653896929891
-0.22539096003018955
-0.8466746155518139
-0.8136908296073084
0.31307790112427947
-0.43418765415460947
-0.25725991453705843
-0.07536939445669777
0.7927479919134486
-0.809769145023034
0.24487345813380657
-0.12479670021586187
0.4606539869723376
0.7049982661335206
-0.7201013118154298
-0.24325905011369708
0.11869376211426852
0.3060577014710524
-0.8885941773970067
-0.9095272072116993
0.09336738442594839
0.44697831638805074
-0.16643334836028756
-0.9960595545677211
0.8099819954568195
-0.8288842707229938
0.17975457392289318
0.13993041456298894
-0.7696110613241198
0.7535976100754471
0.1503660623084122
0.22886782862416233
-0.7823940241573786
0.07074175421361129
-0.046930614665031456
0.0952705867478385
0.5220364180880459
0.594532425703963
-0.7720950024730471
0.7083350899610266
0.7315649623525573
-0.4015287740063851
0.5907230778424428
-0.8426860247315495
-0.37500781972713226
-0.3282428832942599
-0.040428764907047166
0.16599438035241199
-0.12656974943920662
0.9070858756813869
0.02248148211042289
-0.590439345659092
-0.9483382431863134
0.27134307485381215
0.4526473968192928
-0.35863589914013594
-0.4167073860213548
0.3080522242940511
-0.09013421001980504
-0.8634812085156356
-0.9248878362574067
-0.34436649834113364
-0.021357761492903693
-0.557188837752816
0.1359958652794131
-0.5316900858498708
0.937284118177369
0.07983255058493421
0.3045999754740638
-0.980086495005908
-0.5967328328244756
0.9720033060727826
0.2605595742365363
0.3031991729953709
-0.5248649769891134
0.05560229190518973
-0.06600764948263804
0.48295511039630257
-0.04140145616843016
-0.041522252728434905
0.9982705658314364
-0.011083896385546854
-0.7802165081177304
-0.18484890917207775
0.4857508306809937
0.3176110743957552
-0.9485368198830086
-0.4798299096754257
-0.19719832223060973
0.3695284265778247
0.1823161420633468
-0.59573555975477
0.5380562973904706
-0.053169564959792304
-0.6758403463453841
-0.32055018569206006
-0.08890566120049792
-0.7733878584868719
-0.3091675842754271
0.9892619141892465
-0.8489887805652958
-0.7316356648423659
0.04244666594632385
0.9649330436844519
-0.8839738997422237
-0.2966195048873639
0.09706438135557405
0.05485892085712529
0.6581695555384108
0.4871815851106427
0.19027817095091315
-0.6237649470034798
0.16242735143489795
0.7066998243393932
0.743806983537479
0.12386321041052506
0.6161353799688143
-0.3943113387046415
0.3390023660803738
-0.010156400431862611
-0.5594494353718313
0.5313512687762509
0.9150076407542702
-0.9016457544145344
-0.46534214162597753
-0.14743078460436254
0.2643414948936724
0.21039696794752438
0.330009342088333
0.7458532985119486
0.5741977479804317
0.3342253485281619
0.5261127278030326
0.3536018997427348
-0.27142214998637204
-0.10947823968573434
-0.604000005824243
-0.12203089124512911
-0.24921599138653372
-0.5057900806128628
0.44130266490567216
0.503538574732102
0.44744631970874016
0.7277336356262056
-0.35599410090208283
-0.6030799074172752
-0.18071657227612037
-0.3801196929163926
-0.8115895004785665
-0.10463887430537366
0.1499467639873664
-0.21525886968698504
0.45427360563497565
0.8828184464380096
-0.4268217216498511
0.6799132197147062
-0.3878741827260248
-0.46966759688653403
-0.33483616908202674
0.7228784418371867
0.9664641415290955
-0.7351393536544206
0.8895643075797439
-0.7086158857020264
-0.258939359499053
-0.016631427291581513
-0.7107279588839657
-0.8327933833387269
-0.26378746275712905
0.5095539355756298
0.26026995302577327
0.5279562516940095
0.4196742339142956
-0.18245700317286495
0.7869351723089315
-0.11017680673426589
-0.8628247320399187
-0.9444332209733501
0.6892588920470888