0.8610197348299429
0.750874150832811
0.6457766993443426
-0.6021368537129355
0.7813576391072132
-0.67250158384962
0.32002519151113273
0.2268204421512343
0.8359538038692091
-0.7430707454592766
0.5664727197955344
-0.4415751773590979
-0.34317071260617826
-0.5987052167192572
0.22022768300762885
-0.3818269127849627
0.03786942645242419
0.2093247438766077
0.16061271689695733
-0.4370370501992109
-0.8323921951846058
0.3608445380213532
-0.39718108187772816
-0.6232451450390866
-0.1697676008275797
0.2058695284162162
0.7487177150192699
-0.6728561357150074
0.10504918937596552
0.3388452731294107
-0.8846684606077799
0.2750553066473207
0.4707380112742994
-0.5339273489969183
-0.5003491117250316
-0.892994590672028
-0.71220271169979
0.6418903460350089
0.08647192941655213
-0.37189921047040264
-0.9413786702666844
-0.009883370251249968
-0.7127172478243005
0.2569625844907726
0.9610143450198594
0.16754103434149026
-0.7350662379296009
0.675789880842359
0.6654251414318841
0.6165947082742496
0.3798828820796689
-0.9223904405849306
0.7591631974981567
-0.47033921309300397
-0.3745803348500858
-0.025751727473541264
0.42531201733109647
0.15022156834595757
-0.2761926121442553
0.5010698291614613
0.21254895031943066
0.3539940789724767
-0.3178466910780957
-0.8394153324881981
0.002579353140383045
0.7017339257499426
-0.5684001724120651
0.07335876385748774
0.6862024822524142
-0.7736245393359482
0.6787126040595752
-0.21227224369009146
0.5351312485242401
0.0024404227811249957
0.36093131284495694
-0.451112039032433
-0.6667804818732783
-0.19553140087734233
-0.15569220931304462
0.7465077279118746
0.19216547683718677
0.49462402409035255
-0.2167046192604558
0.006044162462452096
0.25748498536065445
0.609569192156654
0.203609015345404
-0.5037639907178402
0.38671691021458643
0.46482195324374764
-0.3517580409244092
-0.718714972877702
-0.6188737092176968
0.3572444568138491
-0.27634855950703874
0.6809468818349986
0.5842015873362765
-0.9859400230538591
0.7587575504164716
-0.33974809535954464
-0.44808626330148016
0.6384210489927937
-0.03939083801261756
-0.6401952877715191
0.4343226705844545
0.242183087781207
0.12496629948890026
0.38687651038034354
-0.49032032840524886
-0.5495586406497273
-0.7426114259088847
0.5403579442015116
-0.13697711641147947
0.799965528045872
0.784460529504569
0.7552436978765718
-0.9281585746947478
-0.5841713879857466
-0.11579774755229666
0.3406228415702406
-0.9020009100242621
0.3241079732053258
0.6124754736452209
0.5091162988523461
-0.13567984565574198
0.09060020442460259
-0.006591925664235054
-0.37690175544155435
-0.5180180583076717
-0.11307909672932204
0.11563239980199458
0.671601016711977
-0.7908555740121801
0.6020608731934791
0.6793163365039818
-0.36964495565562894
-0.1137928949260325
-0.7902119320555072
-0.1357104628335506
-0.13063213373813554
0.25630703011146605
0.2516731961065173
-0.5231112597018379
-0.016751203076710075
-0.02258258511871758
-0.9788126963618056
-0.8978272472842179
-0.9460490105346209
0.09961452739025423
-0.8990429184563327
0.6175400843923458
0.15759489944504934
0.2666775190780464
-0.15079990087485906
-0.6779078790381767
-0.7437973343953845
0.6686152695027319
0.40725617712139073
0.788386395202487
-0.4587828388327806
0.163768434474318
-0.7923933609268674
0.9676679113592312
0.6932511110348316
0.4290884679938347
0.9825447269413174
-0.44933960203706924
-0.47266036163863645
0.6121695008703334
0.0338180375958943
0.2557576150531704
-0.7965239333864933
-0.1417038675909814
-0.202973219923533
0.09944884057913006
0.3719714288747342
0.6425929558429684
-0.7740516171621523
-0.1898912331114715
-0.8503898441097142
0.45781053133853056
0.06012100802808962
-0.5513455993808027
-0.10568257498202849
0.9144137837131789
-0.8319361150464755
0.0251063437774659
-0.6087608895393177
0.7535473652332865
0.07303891980079236
-0.3454276048337199
0.3711946938031425
-0.28854793729970507
0.15417145101110763
-0.31973182613946993
0.14411434076593288
0.30619076473626294
0.4498704395223805
-0.057268340023453046
0.47850286794166275
-0.4244546065305601
0.7026935043042473
0.29750860133537715
-0.17623594998909953
0.4615979875077425
0.9215908656027807
-0.20090588312377422
0.030466998952270563
0.32610393788549086
-0.5503799625375465
-0.38170088233612165
-0.7472018224891268
-0.03827042093598809
0.8127427048596048
-0.6324855945590038
0.06355324254685057
-0.3552934455689456
-0.7091793671448994
0.8099736169836285
0.1701922020969886
-0.845579820218405
0.9442686150008395
-0.5952555036409244
0.5749613617370966
0.7709004013742196
0.31117916095278364
0.6478353845525935
-0.8530926328184489
0.998135159879372
0.02283423734842205
-0.6010204187799006
0.49005385150841496
-0.7686308216295237
0.13433497420167773
-0.5254803593504636
0.11692659830521901
0.8538876198110321
0.44994377024189114
-0.32674525275897515
0.99380164061319
0.10552844990006105
0.79099831789222
-0.7923050675619787
0.9254201509478723
-0.951316071511572
0.21740068264948098
-0.8246500177272686
-0.8591747187928196
0.17215096264782725
-0.19221615408545722
-0.7801939552157402
0.8490850446691598
-0.6544122883718095
-0.39161798598233344
-0.3305116624613489
-0.751344407450057
0.7322741942900566
0.6774467620164875
0.3069889252786002
-0.4806835386289474
-0.9584992915077919
0.06956639058335368
0.28628315361057943
0.21207382795726337
0.0672956109917906
-0.1273420849976743
0.5690847765492955
0.817515434761575
-0.042390702937846525
-0.9669285978515312
-0.7624003745767058
-0.6796418421336965
-0.050662308167668924
-0.5642591933829766
0.9169661001315828
0.3067295326217978
-0.3020955373923071
-0.15692506976296228
0.22792461236791772
-0.37380136271997455
0.7441492225471653
0.47311922535025563
0.8624357352665422
-0.968848896858695
0.8605180705997617
-0.7456971397475205
-0.5781237233163707
-0.28577526095720596
0.5728539114077928
0.6566705812098081
-0.6753661584862416
0.22879020345637335
-0.4697065528938913
-0.6169344550640712
0.03536038120215079
-0.46481841736928353
0.3761525385575455
0.2610021592904799
-0.3502715451590972
-0.09538269582827863
-0.1328639182684035
-0.7364013239079741
0.8910080381614764
0.7862954532222823
0.6772890528754547
-0.09036316813494838
-0.8374205667961181
0.778581308402202
0.42680344078627575
-0.29265808167600893
-0.7690035286857384
-0.6095918261708619
0.2020919872229774
0.7247178948081534
-0.17842961403359214
0.0273445195942692
-0.07988541174841957
0.7441651962222526
0.877340532490672
0.7904793120920124
0.033411963299160075
0.48872816606524316
0.4012691086671798
0.5168088442012861
-0.4295257751465513
-0.4733666337452027
0.398779233385945
0.37331219687712247
0.21949060438708234
0.4504042485917008
-0.25323207712691786
-0.7565011434126954
-0.5297664791475714
-0.7001989833989783
-0.6324689912391672
-0.19701017789402409
0.03440669620215542
-0.29397547081566233
-0.3042868146016777
0.4444550424568856
-0.7516176750647126
0.5626634178657941
-0.2928044550185738
0.29010062959261473
-0.3716008745022532
0.2510825206839442
0.524166179525601
0.1296265455634662
0.9667582487063924
0.9257357209311692
0.9813988122485624
0.6145027785795965
-0.19468976111276093
0.973319645031181
0.06403090707576031
0.5998229181795922
0.0051334286514574945
0.4010978796444502
0.47703947391673274
0.35691190860963284
0.6409546925513283
-0.614960272802634
0.5424224104979636
0.587265669641895
-0.9475612671385076
-0.29984334624712305
0.2994610109381477
0.0726176070713096
0.4107613510922634
0.7078810918802598
0.9031840407517897
-0.16496218866436307
0.23656208666326717
-0.1800480818006065
-0.8400589508765792
0.5666306633775113
0.5532582752461783
-0.42496411646843746
-0.13888901719133684
0.7286900271072907
0.6972664875017343
0.2505895015130637
0.4157721286354814
0.5558187175965172
-0.8478629900825707
0.665805364100984
0.2839629975524982
0.8229190358106011
-0.4959159133990638
0.10367760062877651
0.6152084413653669
-0.054067654756869254
-0.5323204600378209
-0.9942551531978825
-0.38255031593761024
0.9891203440733729
-0.49173527342718293
0.7825959129215125
-0.939407800961017
-0.1563875458428181
0.7343804546834678
0.006293604663379027
-0.8131388959614714
0.10434111505003041
0.9264671215907603
0.9339185136376911
0.5085580937249137
0.3000530775341306
-0.08291164617089097