-0.12945824469039535
-0.3191366238788331
-0.46163787217349994
0.6038543431990149
0.8579260407514475
0.37250252678639284
-0.36409925504183294
0.4346656364232291
-0.46441565566810583
0.9093906642725378
0.3139643450572649
0.580589712131248
0.5871908413094249
-0.7331337107297471
0.7626077006276768
-0.6993819690967196
-0.6970947240076963
-0.2622023192880971
0.3243577764991896
-0.4674754517503157
0.9429426779967685
0.4285400160070214
0.24587916581129532
-0.19554721148919763
0.7430220938019723
0.5967556072715101
-0.17380871661907138
-0.8886103478851421
0.6027779784155411
0.758971670398839
0.3887261686120125
-0.25740241978697864
0.8300042234236595
0.6634648514075181
-0.0844273090405232
0.7586775170276456
-0.2948011425664372
-0.5249579098586161
0.5246847762214055
-0.9733559108436247
0.04000014455208345
0.31070348968609407
0.525904467781386
-0.4125110480185845
0.06500374720897772
-0.7962159869665157
-0.4785557597733543
0.692425982642281
0.002245730400558754
0.704513286348097
0.3335888869993511
0.56199820876136
-0.7769354221423495
-0.6385276145762611
0.9057900189179111
0.43474709002805767
0.5225109420341276
-0.017468635434903845
0.7649723358973615
-0.658967416112352
0.845409048746794
-0.4534620178833335
0.042156473040098286
-0.5679890059669384
-0.4193290575839814
-0.4088923556068216
0.9636649040223317
0.6319512389025088
0.5286325475926923
0.631566503069475
-0.3472770935214087
-0.6078542369821673
-0.13535429653666875
0.7281197569117266
-0.07833739913097593
0.8241625083389066
0.13784338343753855
-0.09485381724533815
-0.29964731690902835
-0.7178988717007684
0.8103461704930355
-0.2771039507160227
0.5659586732908912
-0.24568867762036128
-0.7872833368491929
0.42886022681471236
-0.615886838860777
0.7495450489081519
0.2476441628506758
0.17751173369254336
0.847642387222789
0.8894334157059451
-0.5189584627814166
0.752614809377836
-0.7383632236284292
-0.531310852324012
-0.6054831670448684
-0.9998419005544676
-0.8792220277259015
0.823388605385247
0.6409194439539541
0.510762132098866
-0.718873288307351
-0.9102287803566183
-0.99193390496199
-0.7360498677023948
-0.05578479528481295
-0.6882995175009505
-0.46297941842343504
-0.31281235930893914
-0.5380122599363786
-0.002145207847040753
-0.6740910092750763
-0.5741533320074821
-0.5963742050386174
-0.8674485701089039
-0.01785891338368395
0.3390984591861945
-0.7006197314419831
-0.3017632853054457
-0.11284655055401305
0.4137965019069598
-0.21814260889971382
0.9165271526389172
-0.5990135992690488
-0.6958550895434039
0.7163750810467213
-0.9939836445804902
0.23150675973001444
-0.8030407938528081
-0.3736543651698836
0.2750572314797881
-0.18698490740224782
0.6813397531085879
0.28177175267715326
-0.7247814383028566
0.8194040590009681
0.7171114038527002
0.9497898088964423
-0.1469584670121864
0.6680299870480477
-0.25495132995937264
-0.5531144739037088
0.8999451091700257
-0.32054100788133355
-0.04264139606716033
0.2027599314410642
0.46782150101381426
0.45898473127880335
-0.6373027591279292
0.6891442367557237
0.023562744039886452
0.43652189792245233
0.4133280961942689
0.4947538292518381
-0.500305080743793
-0.8399609940912536
0.23790649085599114
-0.5232758090001419
-0.7172901772790445
0.37864416060248174
0.7684559892796856
0.3579088418251717
0.18408135988143215
-0.04059138602447754
-0.39232917879110696
0.9474813620224445
-0.7225270176537242
0.45056325226811356
-0.3640656114202703
-0.858425538442781
-0.40417511322622146
-0.8248599326152717
0.6796230530161269
-0.4143718340154696
-0.19774305829292205
0.30834343224796457
-0.2847597882504811
-0.9855144495585979
-0.01982904807032071
-0.24121082158352092
0.6945088853911126
0.7270674839333469
0.016520740653116706
-0.22943251198559134
-0.06229458700225843
-0.7668788544157035
-0.8264887284167746
0.7829747195926089
0.32577791189807903
0.21549403685587598
-0.9651296347653604
0.13521328224953977
0.10942626358162433
0.1627730219178507
-0.047598317873187135
-0.10272775799362921
0.4330818114565669
-0.7047399665416263
0.5614029356402239
-0.8532111839558938
0.6264186294535345
-0.7416422123231818
0.18099746632093594
0.16799571930106239
0.27051380269187053
-0.24607952624163354
-0.6799525813162477
0.6440407689098069
0.9150210595995278
-0.8121356342243542
-0.14682613992097515
-0.31584603296666813
-0.09092146183499605
-0.8601240520200764
0.16101804017043997
-0.8993503722343832
-0.39578177676360893
-0.966317346945978
-0.2555247983810578
0.1709586050424241
-0.7426981145121125
0.9490859480842198
-0.7171855327817078
-0.8902074596141165
-0.4929751319757141
0.4289989033298658
-0.6909058993953363
0.44632599669579887
-0.16894172822851994
0.4880589045517265
0.4716429956162662
-0.025749784185478797
-0.30504738366966944
-0.04482494394198211
-0.3068274161636213
0.28262721409438907
0.8457101929460822
-0.5341474652611764
-0.2400732655840534
0.6253164504712241
0.5339978979960416
-0.29848789426187405
0.08468818199057582
0.2982873119159337
0.6592770747622299
-0.8072007648691732
0.5911581309122635
0.9476719670892764
0.6176751686775444
0.34781851212355663
0.5524204508852357
-0.7685869152964802
-0.9401424999152683
-0.6899194389148289
0.2775461069431979
0.9378823910660441
-0.2612905857152332
-0.8738811155677662
-0.6795815634388311
0.9830285830975438
-0.7079709459989523
0.04648639469474514
0.9381530878702646
-0.859264468774678
0.7609932042736294
0.5809532896090319
0.7803138609872335
-0.1884136677810615
-0.1984289202026739
0.45600494951361603
-0.8710298670129257
0.8719454394220356
0.7871039506185096
-0.028142474783336313
0.5829115724154517
-0.09257927645040254
0.19596331502451414
-0.3440223834492149
-0.33349589564856297
-0.5758615735321548
0.6481301689029146
0.2843870986175434
-0.6003386718871722
0.7817617822907736
-0.08850812910881478
-0.8968479904560966
0.4704086234057878
0.8945838312992851
-0.7705426644459901
-0.010947572206148726
0.7591112115663246
0.5964015776869478
0.37800527634464554
0.03751720312208362
-0.5689575098379536
0.6807387348671237
0.2044801734965931
-0.083310051667014
-0.22074481417650627
0.8804423999787905
-0.9204803317802908
0.7980698693708288
-0.8282710956374073
0.09358444559668655
0.05969537624727983
-0.8599417647495868