0.16097554411605786
-0.5461448960710968
-0.20355362775229358
-0.7336726203401716
-0.8174800292835884
-0.8564285811352002
-0.23947834759055953
-0.66168748658476
0.9557289899608303
-0.08025541668714431
0.16313750416053652
-0.982837356412054
0.5178940229451112
-0.3806123888286381
-0.35807731969872303
-0.4778540913307028
-0.6791734291464213
-0.39421282416873216
-0.5956951873243792
0.15257522335470863
0.16362594932414876
0.7226532404706005
-0.7459814079130873
-0.12988563486003768
0.8731587912393155
-0.9369064621141792
0.7284139759955999
0.9940344112519008
-0.18069566632419098
0.5097647097795617
0.4131719130317002
-0.29892959576857425
0.7288869538273453
0.0825537419458382
-0.37528313261266333
0.7545121338818943
-0.8188039871814152
0.7665931238508328
0.9644136253421152
0.5911198074909396
-0.32193287089773226
0.4914567450436438
0.7975343620420237
-0.01072094854009964
-0.7773577796986906
0.2454529283211837
-0.6726305249557067
0.9960464144846339
-0.7065505151760909
-0.32205597787386253
0.4289056760339842
0.3611031992053988
-0.8155411833684487
-0.8049335023425188
0.4585195136637159
0.8036358496943683
-0.43465528053128866
0.48860518177875556
0.17306078574604955
-0.29879032230499636
0.14327535182036488
0.1800190522679277
0.9475609164428531
0.202864770617184
0.48348094316703416
0.0644443796531351
-0.6803287522414414
0.4375829704709058
-0.7987608890256503
-0.8521794639004365
0.230697170329087
-0.18769820309239482
0.6523392607095106
0.29042256074999706
0.19086319978969346
-0.2847167252277325
-0.38088870588795753
0.49889332261554653
0.24184881970344052
0.59258762179819
0.254810763469266
-0.5097016631721318
0.29016864972385514