-0.7132791095743598
0.06681726153193246
0.11428473460518296
-0.9377020886402041
0.824680616087357
-0.27731546878683844
-0.3920764160858725
0.47107230415180057
0.7363531125303158
-0.6181092182279666
-0.6913190117410046
-0.8444019984015723
0.5342160090416903
0.28994153574429804
0.32106284226628223
0.9051259821194211
0.8685281647171652
-0.39348370229777596
0.30838759483853373
0.6857136548901683
-0.45627876083227914
0.6424866175342192
-0.17248062725460223
-0.03710695047902157
-0.43775083617071586
-0.4538597330244396
-0.09074643996200571
0.46104040819589254
0.810837668145078
0.30907840902419537
0.2294464965126526
0.4590840461080994
0.23133699773415461
0.5525799861054119
-0.6319486455372512
0.8991510856547651
0.07749323849209899
0.43269985366925146
0.3511435955443081
0.8943759678242671
-0.6158506165917415
-0.35435234566771756
-0.33091439854058113
-0.38520020930302334
0.10523705903761527
0.8884847619134646
0.7751731244219613
-0.13647797776710147
0.9822085021236069
0.5073016698121802
0.5020932067532258
-0.7666708993316449
0.6961168672914566
0.8605806126895783
-0.9598281392688799
-0.7509950760301687
-0.33350479604098027
-0.2282459278279787
0.15811360811470587
-0.3130513643882289
-0.2623321224812043
-0.6797753589286664
0.4534426921372401
0.8386027507869791
0.21295026475176226
-0.12388585596011525
-0.28251049315622767
-0.49633809472202306
0.49270796936030425
-0.2863207196280393
-0.9164377131249586
-0.7030594814767519
-0.20087718653156816
0.9754973243315461
-0.649346444788365
-0.3291946278428526
0.85108660796708
-0.696599423871314
0.7306653258842639
-0.9812996952144957
-0.3067957480383916
0.25491847221238895
0.9846009870024315
-0.7391110455397107
0.9507387941484775
-0.27072437758241863
-0.8789880830107737
-0.7936917945069906
-0.30606932120107433
0.12463427263563709
0.37544075527973275
0.867731652936701
0.11409300117442833
0.16610267022219816
-0.883229952817957
-0.04739048834876525
-0.21374805518335638
-0.3239170439951653
0.8355397027545386
0.6194935622570668
0.1950738931326852
-0.506338653096934
-0.9582792228817192
-0.8005635281199284
-0.17149685427285832
-0.6614310131444261
-0.6257835892550125
-0.05142168151728255
-0.26483752703369223
0.39259921510847406
-0.7783730695844255
-0.12587257258048545
-0.9629892367209294
-0.8080869848265579
-0.899420460102353
-0.19184875202385965
0.12797429132112081
0.7536766614147081
-0.032525247370138954
0.9096098256910885
-0.2550616128363865
-0.22844639545091883
0.050583593510092006
-0.8351376666982744
0.3885786217348772
-0.08487207835109012
0.9780084433481249
0.0883372567450782
0.06131218029452001
0.5741143555117669
0.5961109094606509
-0.5502478512011391
-0.3087684959071546
-0.6499090279242459
0.4542640234011597
-0.09076102964353772
-0.9259605408791007
-0.5563479453775524
0.6240356700913003
-0.17938206321999006
-0.7762560799060692
0.7256389577098767
0.5744505335308985
0.9376047695484171
-0.38632827496740063
-0.4237615949912825
-0.9150330966344145
-0.26154955840396776
-0.5028576680201051
0.04897708085915409
0.20368753131736073
-0.9803989506473145
0.9792838316593953
-0.7427219466034038
-0.45463142935670287
0.16906239447775273
0.033010480871538794
0.3027709513423045
0.29713561374261577
0.9489446572554789
0.8570797377717079
-0.11809964097796977
-0.4540818673067468
-0.9010914592411938
-0.6887315702810186
0.3969389744064049
-0.9472116223141311
0.20215975559873445
0.700752670894847
0.5047508369394138
-0.2463776070059136
-0.8600025522888715
-0.11759965338577816
-0.7354339122636344
0.40150595809333756
0.5023941971229113
0.6569665232965871
-0.15114513099094817
-0.7066932388469076
-0.9957942077813182
-0.6358318175982831
-0.5561506071152458
-0.7064057852594403
-0.6429193527743762
0.44265470475497626
0.9420667510589338
0.11018296626414426
-0.6940846954298638
-0.13819737360134798
0.5184192397042797
0.5849969128449191
-0.2253208410907075
-0.6549697879699348
0.596735933507115
0.9704370166593332
0.5393452313251652
-0.3282827138163227
-0.03972213053730078
0.10618640311298866
0.12311687811771765
0.12285050459374669
-0.6344713885441373
0.20350941720297366
-0.05586967940378984
-0.9403933394206263
-0.2081803533421991
-0.6803618896842405
-0.6245032638636234
-0.44248153924755473
0.8875072159181587
0.12908201168067368
-0.3216372477469902
-0.7750719438613398
0.5739175308847584
-0.28668181689663697
0.1010078756447732
-0.18242733448676485
-0.029463527784505006
-0.2575228554195794
0.8831225296673768
0.15509614878035505
0.4524879777460149
-0.1348154298532378
-0.22859089344331518
-0.4760219635346803
0.6320254904326768
-0.7016052624913425
0.698372620939355
-0.40803797992235413
0.9290480065778262
0.16642337493900228
0.6577276706616642
0.7944005175824354
0.6534725670292081
-0.6833228680374952
-0.008586360540418836
-0.7603102278343532
0.30729542732383286
-0.8790830384782828
0.19931633105368718
-0.7567385771919244
0.9983789394381566
-0.08072959854617623
0.900285468361866
-0.38648203037951356
0.9988203476763045
0.6767500338841059
0.03040897864225167
-0.8270465930221609
0.613321169584097
0.16606509836715966
-0.6579615766761893
0.8459735432330238
0.5317416185552333
0.19187830289919905
-0.8943955093248572
-0.7457323793070303
0.9675540930195732
0.9999519663050991
-0.8857709627000876
-0.1366600244697942
-0.5337863413763018
-0.979320006852632
-0.47281967334545016
-0.9059553898999195
-0.30667338673649125
0.26882021180878657
0.6215040590143683
0.9753731680930631
0.12418332217257966
0.12365190604013732
-0.7186501535653174
-0.5910027367089921
-0.8144231386984175
0.07053779814445904
0.19126611296943663
0.9947979039634098
0.4702585628722198
0.6781201952199414
0.7176758069721683
0.010608833657467676
-0.44035772267346585
0.16083826236819077
0.227438209844963
0.11317376139952828
-0.24801358925716
0.22790241244231235
-0.5493074540614
-0.3907325817734528
-0.7784050816788857
0.16666305625735878
0.6713591030599386
0.677258186039218
0.1968041883836178
0.0259575714211715
-0.13260136673887635
-0.7689566468107261
-0.28910205255407195
-0.3723233720494128
0.5799331571917896
-0.505058652227242
0.4963557983379183
-0.6155104202482935
0.6220963443083716
-0.31068770600689644
-0.5727440831837209
0.6240767973245234
0.8943502781282082
0.7372625456162263
0.35053266392861904
-0.8000714572962662
-0.6374787582601649
-0.6597609055901499
0.6584183746816059
-0.8912499098095288
0.17920026831257863
-0.1361555834596606
0.9001425902203402
0.5369477590292884
-0.9712702304161065
0.8869517435236318
-0.11594658730989571
-0.11585437017054412
0.5648549957841296
0.944349777537083
0.24045133212230807
-0.8505508953439349
-0.19249369270950178
-0.666901293767509
0.26514347276014494
0.06652734118622594
-0.6729113746697855
0.287496018687174
0.8585903872316247
0.12355820809506235
0.5747558108927535
-0.5207653870711089
-0.8972130584585218
-0.7485530952201431
0.15339724899037788
-0.25613931083135033
-0.8918482087034187
0.7358436626790095
-0.44342356615614653
0.6189801314800492
0.8979500054976077
0.9371133464549151
0.2320795967320206
-0.27710989715020373
0.3029162936384373
0.17624117264800732
-0.4514556062361481
-0.6183791646401975
0.42403160020463093
0.2626977568890154
0.20973197996661597
0.13465754056878176
-0.49684416752643945
0.6807874118231987
-0.1445617331716007
0.740269859015191
-0.1412491007084904
0.45852143661176514
-0.7051145529594733
0.7767736902910165
0.4886755672455161
0.2621358683072821
0.900621561696227
-0.5925650764561965
0.6097522288810897
-0.7147327587981029
-0.06896137044963613
0.032999207414976306
-0.383650249651033
0.9055741567183813
-0.24183306989777842
-0.38402633785996043
-0.6539399006606335
-0.9412001223276665
-0.6956568255401343
0.8954623014007943
0.18955757559034891
-0.975485502556203
-0.4981058401661975
-0.6784897589472434
-0.2022160886299651
0.7791703091791675
-0.8964641296014781
0.11185211414068275
-0.7549023785316133
-0.6722787412653211
0.6069868957175046
0.9965192203551352
0.3145086368371903
0.23402115319833605
0.21831256383873687
-0.4243013706656651
-0.991472981547332
-0.2537405278894256
-0.24270828300306957
0.06716549195586974
0.6660325551904926
0.27259605546682586
-0.2506748623258559
-0.4689590666551351
0.655441475720151
-0.7631328885765676
-0.6173441728815983
0.3940904819586539
0.27516893134317755
-0.9927550771594331
0.9879806783670753
0.10848665560406001
-0.03033039153078332
-0.5680747740093137
0.7857410492479449
-0.009129074033756845
-0.6632256945111124
-0.2242862823805878
0.5308587734787935
0.1260595591126552
0.1307920457731111
0.43363296825635333
-0.807198266899241
0.17867211995143784
0.224409069508422
0.21035450004013168
0.5703759940586255
-0.9966777729850762
0.24858917463995356
0.5821809062225329
-0.20753520636050538
-0.7316674581030165
0.7769262027903281
0.5914171480793802
-0.527187011729545
-0.7436042251562458
-0.007379451113108004
-0.6158872057218645
0.18599931100436295
-0.6361578650177895
0.727392707862671
-0.34793808861726383
-0.4676965270782154
0.934788054288201
-0.4411696839615298
-0.3453739423047013
0.5073893343227114
0.322599352937875
-0.29617814394262654
-0.72104010070619
0.30345092375473226
0.7389398280119672
0.4902029453537575
0.9899595153490981
0.6504997360067823
0.08350857277831003
0.33101129902758086
0.24019620521974905
0.17940398662649226
0.7113253379181372
0.43687015683267494
-0.5421046939867087
0.9960555779104749
0.6272866385630536
-0.9358697493129262
0.8280695536193841
-0.5399590993377426
-0.1160947350584769
-0.8043457828788905
0.2143863107021935
0.8789650997727301
-0.6988307640060103
0.845748613239351
-0.40050352606307316
-0.005977926123791777
-0.6681528685112514
0.41507121864142804
0.29864390458168266
0.04444414825482479
-0.4577343010111432
0.12110918750688948
0.5770963810374143
0.02345366031445173
0.43469196874080884
-0.5297294205595315
-0.19571801374691544
0.7117731158526002
0.6515421225165934
0.2174019052775531
-0.8334255615578277
-0.16310193535373552
0.8913877677197277
0.5583339897652866
-0.25288834774390656
-0.995301275081554
-0.058314253786248216
-0.4827609877429744
0.8763454290176047
-0.07029709231450476
-0.5724497490850844
-0.6552768001341076
0.5161569562698183
-0.15466616088697283
0.5182135883690686
-0.19766559166611675
-0.36525348262704704
0.6620803549233254
-0.31144707781672265
-0.7441500822712874
0.37192981057257524
0.5589563252865495
0.37962928247172334
0.15288137323696738
0.9661738208513828
0.8459644012599057
-0.3215610469816712
-0.7284660267695893
-0.2767288273454116
0.17410112880130524
0.2770312300324176
-0.07457727439475392
-0.9154924445149473
0.16181184031332552
-0.32805324898404464
-0.12108115815066567
-0.4046145383459123
0.8285841473840401
0.563859745752358
-0.5113830750136756
0.7136928146479571
-0.9146421704500494
-0.050190794659862537
0.5368368696679409
-0.2969072853998569
0.3660736263587534
-0.26864407404958635
0.4907504668858005
-0.6687667265061015
0.2839045560510387
-0.4893991510083042
-0.4056981078847637
-0.20938186655071545
-0.6628890755798416
-0.3267853088913226
0.7858215405275939
0.7654506672277666
0.5437048145648264
0.30593398674451366
-0.6372953035627087
-0.43649097784478674
-0.9622187330565759
0.8420287945251117
-0.42534806717893026
0.4098836213470205
0.7753699176991733
0.2285124698351806
-0.20467798035738927
-0.8567457122336877
-0.6194805048940364
0.7229331236590144
0.4112591104813259
-0.6636083956691576
-0.5904363722533639
0.305429798939552
0.6084262540178971
-0.34220006909033107
-0.5699695522731789
-0.3251123839452792
-0.6723177819125639
-0.4664492636924511
-0.5878951897436824
-0.79039420149334
-0.9522252090063132
-0.8789561359712201
-0.4043564763420382
-0.5520788569116553
0.658785668592607
-0.29745716221054086
-0.6352670706772452
0.7219189635911469
0.2540272858190842
0.8221586416135265
0.3586036901684162
0.5154012661129574
0.06771281345336333
-0.4507708822120631
0.13350924284291432
-0.615301095147059
0.46695396423733526
-0.588854749887066
0.8732882414136172
-0.2660242091420193
-0.02383029730826891
-0.2461226047562899
0.2720865015919456
-0.8739884494911152
-0.7055131273619573
-0.944652999056258
0.048024450862289125
0.48872666342403925
-0.6089662049882885
0.44864989004549427
0.30775972014714514
-0.2537245729925768
-0.2843967781371073
0.3953523756897315
0.30813067907518876
-0.4587987420560855
-0.25012710569228713
0.0725619613065751
0.07535880673539608
-0.4382867195460485
-0.10448487031605325
0.7822055167939348
0.8736162762211597
0.7567828760969963
0.3430085037266053
-0.45076732199088854
-0.24263152281838551
0.025334622101095272
-0.35285440135546087
0.6953430286138333
-0.6776051885786329
0.38756134553191846
0.5592868521474912
-0.11890740419699153
0.2973990907350845
-0.18943704681914153
0.06510755238601074
-0.24117347222026742
-0.6502651552487302
-0.3460977503504803
0.15518658262192853
0.025156905676907426
-0.35363127378827497
-0.11014711923140696
-0.7691014525717925
0.485473625661903
0.20969538175219382
0.5412847987479852
0.48463840581821094
0.738315686160123
0.773804605998762
0.41630863963303644
0.22871095493360016
-0.5248477903486386
0.8801197921527384
-0.6718504903350884
-0.16780447059497017
-0.38309634923412705
-0.33159061295453984
-0.8617935351125341
0.7869067804092602
-0.1738305575447241
0.6299637748208049
-0.9382898925187917
-0.6449857236563794
-0.08226076501687007
-0.18766057970575845
0.5313932912066501
-0.17338040338309968
-0.26774302435673825
-0.5846894580565496
0.67573933847844
-0.7668484216168665
0.5020217190666931
-0.3978147809849324
-0.9815910917341941
-0.7459520189167297
-0.7938404584599821
-0.8720854085291614
0.019019066099716264
0.3730277513524649
-0.7197759199621117
0.20802108258812257
-0.9717978307250656
0.6265805528237016
0.6373199698308976
-0.33254025891612815
0.55444491747236
-0.052175079394253476
0.5011744534877212
-0.3687142590769985
-0.9060691673330814
0.1587587875123233
-0.6488087566717617
0.6415954910668376
0.5466293199473666
-0.6179524912847831
0.5849340499415401
-0.7344359946160532
-0.9086592963660769
0.5129603814547412
-0.9319212165529951
-0.6463566449584426
0.5102108408239061
0.0713142116258687
0.614196822035048
0.6201890472230758
0.48887701851510856
-0.6040190762293711
-0.8946994590441728
-0.5984242891760128
0.29850842385954235
-0.021833588038315588
0.5058968317554886
0.6481286611176325
-0.2681648350127499
-0.992960365632404
0.32670202558289185
0.6711580819544458
-0.6939227640460461
-0.2569222067939405
0.5201602137156074
-0.7532228284737807
-0.4307682771955641
0.8605777744019372
0.6347224965806646
-0.8326428540824402
-0.7682123163309089
-0.3160568052360888
0.03385643176564246
0.5067936614115507
-0.4211603942685771
-0.4566830405385012
0.9951017488236626
-0.4569417523270718
0.1518877325580683
-0.7952803941889726
-0.44771828530362545
-0.9766895553819102
-0.43660665785091424
0.44261032129912303
0.08265744395492525
0.4435662555715547
-0.6365936083638513
-0.07571487167060309
0.2187596715212936
-0.6936541633830957
-0.0030171869731958623
-0.15539779621150385
-0.5994419412864982
0.40024232010097194
-0.9701645917808706
0.4704781837394858
0.6664560809690432
-0.170133459464469
0.54012368694573
0.6294286523895045
0.41015580576884925
-0.67429119540383
0.523871863978788
0.8661573537010376
0.5767985746335385
0.41282242964392624
0.662420792497258
0.16388029466691023
0.670001241081851
-0.06996709962863124
-0.8484540594443104
0.4703380444902898
-0.6578081798282425
-0.5865033909006161
0.7696403397306801
0.27987245496175017
-0.07480280291586539
0.6552456726153348
-0.9755388171458461
0.35282268366461955
-0.33720177476169155
0.8595145259749764
-0.8081129793343513
-0.9857640994956591
0.7643591161618404
0.5252694672404497
0.06625017309057935
-0.6222494966803616
-0.07834951031996917
0.8389718123100944
0.8220554763509011
-0.12641579837111738
0.7478803692413847
0.8963563944475277
-0.5008661380056529
-0.37949152237813677
-0.26166444468766525
-0.08565160806139849
-0.8128835359034761
0.6572106983909938
0.5490558400946579
-0.9029947691590936
-0.31674459485337136
-0.2512975343100825
-0.17309604422227975
-0.4718707553529764
-0.8362297870148918
0.02803569438191822
-0.8894868531051001
-0.8799477644471736
-0.36198515673810605
0.06486408516797848
-0.7499319498167911
0.30616149531471204
0.35144158655652724
0.2842592733022813
-0.08172920925700722
0.20408525424512503
0.13962169616185904
-0.6478266790919374
-0.035435828238346234
-0.7154193048886555
-0.4003674479069397
0.04830948017300418
0.8562697769855123
-0.9191168978596047
-0.7662516302454989
-0.7051949592986564
-0.1870621043132612
0.19387031302115965
0.7031429168998262
0.6362554586681464
0.6244486716819673
0.2551191610486645
-0.035519442762541376
-0.38440039555138683
0.8226605186754434
0.039629861526366605
0.8112960640117428
-0.14357392463290153
0.4603930945185062
0.1317656582872393
0.7178179982532635
-0.17273988494009784
0.33445416613542056
-0.4654888464682043
0.17786043399997586
-0.8519804711021017
0.8123472649927743
-0.011317239612048446
0.8418195723200799
0.8545382951062199
-0.5332002163941723
0.9600143804068855
-0.2775556401827295
-0.5766117313456658
0.29527765847232956
0.9274388931442725
0.002718229148131579
-0.793125943397426
-0.06579002747864116
-0.060081589910377264
-0.019012176762384536
-0.15239241632813028
-0.21920702850031892
0.30453819870378407
-0.009173131043445082
0.11546993583194798
-0.7302872118150068
0.23968201030276548
-0.2607853124437476
0.7573490044427493
0.4302147903728284
0.2680151513640119
0.3347272732845481
-0.5238800723199133
0.20321436359849154
0.8916683709889299
0.05791368444768641
0.2230234617477267
-0.5160014820015704
-0.8271282347888531
0.13558059363405373
0.4862996166718949
0.03206389749607097
0.5156252348275694
0.9147661092388175
-0.04005433244358847
0.5356249894600857
-0.6495660092519475
0.22738593138825514
0.541712530490909
-0.3630517715270176
-0.6844346422493812
0.845775391806685
0.47096194808089487
-0.3884642568675487
0.9251734744657192
-0.14712370976257727
0.8390996891381548
0.4280868672906697
0.6011428373689531
-0.9144149203186382
0.46257221967196815
0.3458811156561141
0.14881265534117372
-0.6505704644908938
-0.04448189644180833
-0.5204816349001942
-0.2226645637883602